100 40 20
20 80 0.5 0.1 18 60 0.5 0.1
47.58674768464763 3.663114310110651 13.788187532428875
9.816720732557194 17.150630027887537 12.598512084902929
8.28500771077547 36.89078413758044 13.973761339437603
9.011667778144028 37.878455781700985 11.538255963073187
68.8510627075379 5.227762934460642 13.23501570707469
4.555675054160102 17.055749506944224 14.458055978004868
30.210920178343002 28.979654926507607 14.030439472208181
7.846509381329714 18.033227422977397 13.248859700971126
67.79117627193185 0.22115195179948532 14.046011470608663
76.20915323124869 13.614636049260692 11.805388660506049
39.997670594169485 39.54816923956323 14.339886435758174
69.40124236465842 31.266356140781568 12.122836143666783
53.16978546289071 4.6321810142957665 13.356046451988387
71.09472452941584 21.679705404875836 14.16832067512106
80.81102502674527 6.029612077332973 12.449573007477383
47.90709355669406 33.98066372152513 13.064149195565722
28.837585657271404 26.929168852681688 11.91464239508301
5.499170751333871 2.5841996365225706 14.3917622139178
18.263870741740696 39.415546345615404 12.627068510006694
25.54708625058626 24.73410598890983 12.416103542147411
4.995663940698152 34.334283417529775
28.340746421006628 38.68411713319159
16.537072637075894 0.06310792597760351
29.77306827837372 18.28012373934124
18.763193603269524 1.2671443791659343
15.549560016973807 12.560688638433692
34.556737185575884 2.295185884134807
21.72207677919463 38.17325610106026
10.840528995438179 1.8324908561753883
30.326221170657945 4.62404838145031
11.223211478961058 11.188052560600287
22.44019124138888 13.612173833862617
18.908806978575136 25.775713544056963
12.867969894827397 7.219832812127613
1.0774138921044196 17.178059519480726
17.90802639274431 9.007667551719955
25.514634237741483 8.06480850952353
30.36402912482845 25.072170283058092
16.087625021769938 33.37024208253957
34.89938764528689 21.3798240082637
