100 40 20
20 80 0.5 0.1 18 60 0.5 0.1
18.36757018259989 34.713244185092975 13.616586689113936
81.03268971792185 10.533628102810596 11.75240420511441
49.56061340698504 20.439205863694262 11.530487804040492
21.38704826941552 16.628163272295215 13.582484052631523
34.249859882170455 4.165542417003447 12.192692343026486
15.355736392550467 33.3709529279596 14.31636530985086
18.810054973403222 20.08763977893318 14.059696597635448
11.4136689657364 29.658993337086223 13.962813158106714
79.57189625954472 14.884519584563831 12.471722165298473
8.639750744137375 12.106769424552684 14.041710274796205
47.745733450252295 9.916134418942665 12.773453135001017
89.96475502781497 32.67198083501703 12.227178690086506
19.173595321835492 19.13929480393412 12.601233248001831
81.10656905236527 37.76578150100288 12.364639509375074
79.12131190394818 28.527733011121047 11.716117320631275
21.512886964338264 36.063795863057734 13.960435396959824
53.250973124586324 12.478620598876526 13.411645563770406
61.66377280613712 24.66899406599405 11.907278332080931
37.96907858640568 33.45645977848968 14.396174788105391
38.731794224400886 3.2099421580764087 12.447948650853457
30.243841553980054 24.410911705971976
6.985354852153836 26.51265669726738
12.770699102389198 6.940065765443411
26.961348192155917 0.1282324189180306
7.150761806954824 35.310943649068875
5.499589291802294 36.0139483978728
26.344996000337694 13.831769241753896
18.196343547857047 20.58180359363743
29.966051245617336 25.9758875743694
19.986411662703134 8.605774930777251
35.350706472910865 39.93792935791486
29.835505951684812 5.9124861768383985
25.680838435938938 28.523977920916256
35.52131987934105 28.435279890964956
6.594577057840776 15.374010301294238
13.948850712724008 20.040152999119286
9.799600754565718 1.8977313105579974
12.64083682135761 2.0398085679550615
25.5208522538519 37.937704186571835
24.489487565527966 24.06989639834393
