100 40 20
20 80 0.5 0.1 18 60 0.5 0.1
64.33996720984217 38.51703123110576 12.402453787795011
73.00123952604767 13.966023548985898 14.432996831222408
76.2917109826215 32.22040450840091 11.53053956827346
15.94792018466955 35.5379618391452 12.769209518919538
17.024819633250697 28.87876634661147 11.809101519961844
55.20566237961331 36.93425059815113 12.48569993316841
98.29114336241929 3.7265173888753367 14.28242489055801
12.164487341852814 31.190555132182478 14.400781287074757
24.329296134047908 16.874878744181878 11.901003432066844
56.971077152383586 18.079641699367723 11.603438016305287
21.578492187631348 19.262635421671057 11.673433982300775
53.369187604819956 26.89124778075835 12.844347428999807
13.919691715655258 39.49546246500202 13.831293223794997
95.25217074323112 23.061415895450384 12.493349675959912
14.357962386509659 5.751993731702649 14.365142784280305
0.39579521849654187 7.744061274813392 12.982602353358434
41.812044275875635 20.72827148366406 12.513135893198688
32.10572798467722 13.175637064942535 12.552323036495
48.09506624730494 9.098102626338726 13.273438128537697
91.61987993649102 1.4550498439402793 13.273768240778198
34.484433798551535 16.38046899587362
4.078987557603813 18.54076651970648
28.77820694165909 39.67073953386478
33.46005437051352 24.99673765309914
0.7142903906378262 5.274857304429235
14.237691912531192 3.7151956190660673
12.508799513743064 36.61542582648147
26.586552753725297 2.888481528815281
9.405742357929237 31.374661431879595
9.358041016812383 7.940878554883879
5.320652237378449 19.27160085596941
33.82082261607047 37.4553232357036
5.023717077788126 37.59980563029958
9.148940563510717 6.52675479129178
38.327492066975175 18.984802751907463
33.50156708408059 11.786504233011566
27.56459994353503 36.953299797300026
33.483675016941376 31.599894025567025
11.711128091091219 12.289031925207983
39.97226172054906 20.447085208817324
