100 40 20
20 80 0.5 0.1 18 60 0.5 0.1
12.963158388976959 34.05651842222462 12.291326519644645
22.52332738702395 11.56638398270967 14.085814461508106
11.524456037405695 33.88438092821283 13.426160052694748
42.72876043357498 8.434106471116891 11.815302870801336
20.148000570224333 20.574407354810702 14.356847637390757
52.32999424706421 36.54791701670982 14.390814568986075
23.4613867218598 7.308367814290451 13.276883419256128
67.04378306328994 34.41977001772837 14.274405460769136
34.31514287934733 22.209850637122273 13.112930242339218
13.75675347807932 12.600278078190987 12.246667303062514
67.59074327891251 13.698368780095098 14.049225369067221
4.267546500279085 0.6985124280227861 11.877549312185497
75.20243618368316 37.204881284502925 14.072209610268244
44.005366562969094 17.988309359314997 13.007080904566811
24.182409545450646 37.46656079663306 12.32313712134817
4.988579408874738 2.66615881928292 13.86670132477943
95.57198316163232 18.816426298580055 12.828588348994751
40.98583575013922 27.7537470764998 12.95770789085315
4.231186655035568 23.19985776433066 14.051604575107108
23.14623246910783 15.735679091043636 13.779679956311048
15.332816253472426 19.780480927921328
10.269154624924738 31.330014002370493
25.422590562501526 30.193569537906075
11.14475747848909 28.012511043112347
39.65139767687606 28.174333199872233
3.739599848062549 10.933063635120611
8.205652160058179 4.40097619682676
37.06260573589159 20.533753653551106
37.04268464640698 28.966124199167375
21.361626914489054 27.66537711172758
1.8903148409352433 17.738855913041583
0.41885249989557227 18.366312163282082
1.4299676626568658 2.861736783592508
23.667583584420406 2.5597286382998963
12.862783696671606 33.95149098202212
3.4587351429388846 6.772904551739742
6.378521474291166 15.204693215717606
39.25073534529845 17.74020929234279
4.617313367896663 28.492738657869413
23.19184430291237 36.75915278834305
