100 40 20
20 80 0.5 0.1 18 60 0.5 0.1
72.07938175590144 6.782899923401575 13.730353638462429
20.6374417684404 33.092920083914684 11.565091100825613
99.96976179943492 13.455796748219 14.005805737074581
19.40503207004143 36.8985492636089 13.21043746803807
69.67643888997841 39.12552768217763 13.705555458918358
53.76391759369121 31.375528307964938 11.940331705912547
14.929449632276725 33.92027366635131 14.016365014059343
81.62208250123503 34.702871001030275 14.365598357241257
99.39210944782656 5.660754977405644 13.466980501097487
18.54868387158277 0.11417844155769963 13.063136313779024
34.542581026292254 5.142891452656282 12.985304179180636
82.69481029329548 36.79888137808128 13.414237289297699
21.070333340782888 27.01373911521091 13.067505352978845
88.736259965011 27.071715173381694 14.210212115956002
82.9854559369971 11.321859772985693 13.657366802848667
23.00508619626229 29.45708897952253 13.154131128615187
53.40517525910582 21.711525343582302 13.61596173976309
98.1435125411183 31.430019227313796 12.62585389197706
46.093667580088514 25.37760930337442 12.51660870280988
91.86287824846961 36.8353807351154 12.429479319187525
31.54820877653188 13.75012906464033
15.797377741027873 7.858631967395384
36.35511153568279 12.133823477713076
4.595795120617452 17.254378440443187
20.03239258213243 9.145302274950303
4.066684038045869 9.532505806260039
35.99178912170329 17.58978223511019
8.974688801415898 37.02217194576885
22.768201044796093 5.917533258427365
2.4514865228471283 31.358334725772657
31.895868026249076 5.751027628046357
33.34395257057623 33.85872484604514
20.04500362487072 13.497055278490873
10.003566656007038 21.780831735935564
21.391763310217545 13.823351262637331
22.993851806983386 21.148599982954686
28.26477750282949 0.16208106607048745
24.387969400700026 12.346349708314284
36.43176172670119 1.0353613782662219
22.77390693607771 36.435227009713444
