100 40 20
20 80 0.5 0.1 18 60 0.5 0.1
39.90014189404021 0.880786868197978 11.558499080487088
45.38836922157109 9.405230018580006 13.764081250943189
14.69696394307708 15.834545518453126 12.71141646508094
80.3454244077966 25.422781245309064 12.169939288181649
87.63446307202949 31.578037535266272 12.49828540057619
51.76736957461942 7.081354729122498 14.277175439144191
70.94225687151753 26.495883215557793 13.414275370408863
93.95517182539902 33.54794932360262 14.302658154709029
58.347389565846754 13.89818121981126 12.249471659090784
36.01492623330119 5.586592408720605 13.463011440864843
54.889146095206485 20.62461159269482 12.207602888033755
29.524073672054087 5.638656633640262 12.66824026254565
62.65061716149728 1.6624485504875253 13.709647496080912
54.75407628017577 17.82858351499138 11.959385616247562
58.02884272391054 3.627883179286382 14.159487504044382
77.33708700693843 20.038915932933136 12.4575430942696
8.648914942654828 37.47427539146664 14.347640613254995
59.41030052563788 7.911747559116309 11.760488952241795
16.286219170203196 24.61128645197741 14.26016105364074
18.491608058249486 19.203766944615445 12.17167112993573
19.360745229546538 13.440637622117308
24.248630026120182 35.27404132608647
7.48195003098123 13.937801505892695
13.305602430945033 7.20785515840606
4.101812036025891 32.10908665517224
32.20431651261641 3.401262249436363
20.481664283111755 0.480007885456577
37.72450969593856 5.6979965225284746
37.66798616491924 28.912851570752352
0.9448636046969705 21.307536739686284
16.968571200257657 21.089095439085575
30.38269513806331 27.560325539002285
30.105393239049832 29.40906703269876
17.08877589120781 7.1291811396802895
1.7748972832206755 35.65870210474594
29.056935964564996 27.10191011444533
35.66672971844695 8.426066829579288
3.753353614302206 7.047949603587034
29.562249082447654 38.13311956634714
5.2657907230841206 39.22966886051482
