100 40 20
20 80 0.5 0.1 18 60 0.5 0.1
5.673186125006335 27.389590524997026 13.335541836794558
41.50240466496341 6.195701897909345 13.759600855577371
84.33991349564502 6.303205562728058 12.215570778441398
71.9678219608241 7.625721645717194 14.104566411796611
7.641672665803756 27.945711981013034 12.074794066552009
84.64949316722195 24.197506105236336 11.912262661600257
99.47249724452406 17.460760427811366 13.855378174110278
42.49850989797543 28.675184724787705 12.726564014302213
9.66105874746832 24.51625902680281 13.658953196245072
84.02388466857631 21.183019179860633 12.831810282081126
71.85449552001714 20.97354194759816 12.307069497528834
34.950556073113624 2.0241397537472805 13.349630612127996
0.48353190264488477 7.979534422795411 13.730311035261323
4.074966707554195 37.86567031319042 12.59776321138313
25.227507802617332 6.702499286802044 12.022797395064499
9.690786967763298 34.46107676853211 12.733140360069228
91.25210787008488 11.511540778017899 13.850426179280273
68.50923393578395 27.3357414142479 12.951107616683707
92.9109825755491 4.426469109289584 11.677449640330083
35.10072118647754 6.989481592962772 14.414894719173432
36.66685689546785 36.58308906467354
28.115686382426787 27.185345747792994
27.05281368617249 22.953345533295956
26.2881529196669 17.089895002702423
39.916117941294885 11.296824793223346
36.730039821205594 11.363657460659468
32.07210494180607 12.190730619782734
11.243272446740216 28.87225122393921
11.404498784556942 25.894021373662607
27.797885679796156 37.664625977684885
32.424243024082045 24.13068755995074
20.477392875054026 36.884003348714586
6.425692902770708 33.833982327639546
35.342926017686665 32.200433372933986
26.74431180140406 6.412381731886221
21.7242035975425 3.7359077388689377
6.690340164973634 8.480889856248979
8.640690451848752 5.960798998818619
21.053216048091265 28.634093011849934
32.50163933195322 25.798190103142478
