100 40 20
20 80 0.5 0.1 18 60 0.5 0.1
89.88616331080527 6.6810084395493385 13.488874472892206
70.91694709577315 31.701382175441204 12.331750296953361
67.9811434973106 8.870112596614383 13.265874551359914
72.86995871404869 4.440751322154384 12.566413244793486
39.74638595672809 9.964198660207405 14.213090009313722
40.407564404400055 23.124991826828545 12.50933983142006
39.13108979095955 20.69116262328449 13.044977777975426
25.484801908124567 11.29190553854501 13.240772860477513
42.92809392554262 6.611143281095617 14.280334100260498
67.86000160987979 16.20371546665475 11.542792224941143
66.46012128313916 38.16123932907183 13.990385066344466
45.712518051740815 7.756699817876016 13.038049382086763
87.79004556617672 16.07335286387539 14.157097143207292
6.038640769025793 19.653191998302752 13.676192750262866
88.60920748346207 4.335561579956044 13.200532235791341
33.67533977437088 26.607997487532845 14.254359938632707
68.36179162293253 1.538837822825454 12.683590672947968
83.50475246989313 30.973832601862682 13.222413188117988
16.52210508329286 11.97537674057449 13.275846423241312
83.91167507359091 23.811803939075077 13.346005475563883
27.634934245174094 19.177579151887628
32.66288381843074 20.431041352779506
36.48593943188691 0.27663599014775997
7.220170308730887 25.0281750913761
1.5250259752614248 4.724575337309798
11.083228880467182 13.219538943397913
14.633316047625296 4.827371862484169
0.8832450247913837 27.755792186387033
17.485321178945874 9.702582738310843
25.413611965273468 39.842592937554166
2.3753415504579145 5.117664377284594
12.252774097590006 36.522346327292915
2.082128980292195 0.3356306349003457
8.92644950750952 15.49115056730062
34.510365662935016 35.138194875757115
17.101656204999802 9.681237301278172
12.417772533042859 20.079403060507556
26.00029111516689 31.94707075000403
9.357012507436192 9.155522205530865
35.165313681562495 4.451036381084261
