100 40 20
20 80 0.5 0.1 18 60 0.5 0.1
69.70918184856008 25.117063336530148 13.22416646512906
84.80428535810674 20.92504151630237 14.161351367894184
74.82157097217733 28.42098835381295 14.122714387984741
71.59744127256883 10.06245283509751 11.915047062080427
5.796769573192472 4.771132735781118 13.39172174783263
86.5504583088071 25.942426768525543 12.053041306136743
0.3467404255487083 33.937601662870975 14.2056850078245
29.62280699317339 19.247839678328113 14.240202942579614
84.63759691449478 32.42412588023911 12.69508765685956
56.456129800571965 35.62116085885627 13.6796626723171
17.052021067888333 5.2138996672471905 13.644331655249177
71.09035489589665 3.943061675429873 14.31414985133021
54.789760519156204 11.66657029424664 14.056426841386186
87.57603733230287 26.716332571502 11.980621050036
68.1049602676866 21.03480590992314 11.837941403434
30.00686393628834 25.11589307934267 11.607428504824627
13.705858258603964 3.7959676816603105 11.933091663824133
2.940258124665074 36.48862720095422 13.47659176904423
55.01610571575903 6.246373201830382 12.476078985687433
37.988735742694665 28.63538888540781 12.478058854680684
20.429952607979587 2.777865910473416
7.9860613400209735 11.340447429016933
36.71462760398799 6.887663186702788
32.891723997806544 37.51910147551132
12.26157714156563 8.179584959585533
13.080501761488668 31.419118536124707
1.911917430647998 38.522547249459976
13.471615165663135 33.326262756350495
20.190903042629962 2.9284617572428617
11.858404316593658 26.73290802665083
2.789413936869516 5.2266179194588736
18.650267774135322 28.087230237204253
25.654281126872547 1.27885440382967
12.790924370875913 6.483685930565377
37.62128293365421 3.4134803857234486
35.66577238774483 4.257922613594096
3.3449626725404036 5.888746096143684
28.75637712656692 23.707060520724916
10.349731725614921 13.57947358477984
0.9954739506379218 5.664106396030157
