100 40 20
20 80 0.5 0.1 18 60 0.5 0.1
75.07961302335634 16.45980800179021 14.268093345370305
94.63118769853021 6.587313483351966 13.526766510415403
63.02329743837755 12.161652999425051 12.394303197682525
42.31914491247184 30.54629623068933 11.809602258335866
17.36764194662912 28.90174940772301 13.679091659839
63.225112399680064 20.72983013435456 12.02580387110504
49.09944860378532 20.32140662360301 13.06709388503936
44.153312437425285 4.091138626376671 12.030005007768578
65.20048040581844 34.04436477239954 11.721067619448688
44.16789974038975 3.189305811970242 14.294550936620054
84.53089418865845 4.434366285517077 12.938253465804113
74.40527457196163 9.006913788956679 13.347946757248549
51.15289450849506 25.37132496663462 12.692491853473323
37.848966106334736 12.61323948867454 12.627042509386564
64.85794411114267 30.777728906244143 13.659421108299169
71.33885510812783 17.391538203131383 13.730458379949704
68.68844156546541 39.98678759614328 13.890853403857559
61.42498919608599 28.342150078347945 14.360277716928167
41.15679738947573 39.30362066498218 12.981179642398883
57.3230143955155 30.467126402185393 13.087696513267826
12.047406860367191 35.465818662379995
0.35299716405655435 9.593685356206475
28.06947772718494 21.12677888653332
6.098211183251068 25.73023738541874
15.42765827654093 4.15858917418511
38.96886968036114 32.50067741386777
34.84154157806814 36.94424645144185
3.2814069430645576 8.143608266334637
24.52847314642263 38.295845016425005
3.694079600929956 35.522214990409125
2.763226999805939 32.49474726588608
24.76243477181044 14.951150250444867
29.03284375219531 4.4369881737226535
10.938694174090084 0.06042000949673554
38.78297099883126 36.12438653234008
12.89030661222398 34.221892339007184
37.572349209037725 25.87466334626379
39.95820364324906 9.321888598984032
7.522410920285627 34.006662083915884
28.770657160157427 39.17110794953102
