100 40 30
20 80 0.5 0.1 18 60 0.5 0.1
1.576305618507512 8.194059259254946 13.417362358932072
86.12566537249818 0.8821104362621179 13.83593369459879
23.674808195421548 29.64622430890893 12.90584079572462
78.00488359254754 8.2550656325793 13.159988253680412
31.390369880288937 3.693596522151079 12.71637388402285
30.6179770035532 27.041652068360314 14.140818503411921
48.05603289123417 35.40013652156886 11.7667659810073
82.97475622639877 30.541104939195098 11.509389646426198
47.13494387541688 22.75396613293067 13.09244132265713
1.5479021872805032 17.827398730366518 13.169276820088978
25.126719643735605 38.0601158477308 12.446117779685467
87.37812161768673 25.444654498407047 12.743545111585656
96.47977685058032 1.4290580231236172 12.323903833389824
31.569920297699362 7.21158431620847 11.947420735989946
38.993824251688025 30.545162817942625 12.72303436806332
49.03639587064825 31.263959656647266 13.941758024123715
75.9669267340596 33.886438214602066 12.505684698250768
19.866732174243406 6.616090407363431 13.829917753192177
57.39169809015675 24.06535198261849 14.244716242437704
26.74491056860352 24.09569467318621 13.067951652125618
49.27680137948407 6.509257664975858 12.85593285358112
28.353135593659097 20.727891755110083 11.799120814668134
27.291937033408033 10.712073582558194 13.938194606994875
65.24596102888981 1.6148990435748445 11.67355937503558
10.223147848943437 33.05532803548726 12.823928268177577
73.56630547907099 25.054949905920086 11.637766410124527
39.184721208838965 9.880710552362135 14.430166104806066
30.16534776167241 7.918498348516936 12.682616997601938
81.35528443876875 7.136793655645408 13.651871406918648
71.84446239599824 28.87857907031725 11.719412733227694
0.22727994081661151 10.433705051772101
14.375965056658648 1.1627550636273476
33.57667464437416 37.979233955739645
8.782413464499745 10.51038732667919
7.698044450608945 6.009893617113007
31.672330023231005 25.620404713719545
8.712000101082626 29.613548685177133
25.21873467784198 2.926325905973126
21.325464508515708 36.63543688697813
34.603575050320686 1.6448247467839394
25.716469348411614 33.15798205432643
39.221545919677766 9.442027357453213
5.711102308725038 2.5667677497731267
10.996973873157142 24.44536500754049
37.87296774867685 36.46560815124418
10.547430670338361 38.75845394997806
6.164587496874394 14.805219558192636
17.591761387724393 23.36304584353147
13.129221862248928 32.94155388675097
8.914304873794666 10.268624806330111
36.08066701757213 14.941427477200598
25.36113596293241 24.996826266705995
5.577634272605776 35.3046286813351
8.758222531102637 20.9643952198007
23.49838706598881 35.37325894532317
0.30544675317616843 27.054954613579554
9.320374161544812 26.050621076875174
33.914512683223506 0.646452350675073
25.74865313184624 35.05353236923046
11.122825298896931 20.58767263311493
