100 40 30
20 80 0.5 0.1 18 60 0.5 0.1
88.82599508722741 15.603388467148381 11.683194717680227
80.93649862237594 30.140876764780067 13.875015339098034
54.45905959800573 15.161699729617158 14.493996347897122
6.798589065558547 29.654814990509507 12.542523153621532
82.62810209943636 0.12540334071373227 12.454179404820845
28.809548228674785 7.8935194070327785 14.482715241249798
91.84723772009943 27.482845170344625 13.529550863713004
31.645882185325856 26.539452071680746 14.148322773539645
44.09702615833214 10.954516578947228 12.640234590150683
12.803146967679846 31.88734661602104 11.79972400140447
58.66140112364867 3.1050613323580345 12.929516504083722
23.01452385848517 17.37513650088345 13.456091099118048
66.30528370301766 14.390690883935985 12.278279284210038
40.92573154449125 7.123904117831539 13.059752382166131
13.419175818359664 10.745125143731219 12.988035293287126
25.921708269266443 32.9955347649399 13.520153083620189
29.90776403682901 36.03022686861691 14.075779188042489
5.351274868882228 3.6778302716268385 13.77948799140275
98.2998930447072 30.232089747054324 14.473748241680932
15.400010001485887 6.487208561108773 12.835211913221281
18.186120824490036 0.5835607801278897 12.679935046455304
34.866135708167754 27.540165140959388 14.252514141772687
5.213652147963765 24.62902157021645 11.649716838540902
39.13478866892337 7.163133355842817 12.980404628278777
20.240991980471602 17.280867272720243 11.809734702320219
98.44516509634951 15.237634541676632 12.266849652406396
6.817227497661282 5.688521087118379 11.882298756012567
45.512757625883026 2.840391561337139 12.060601993597428
56.03260742194613 35.66404799104905 14.36784420664608
17.803108761713325 36.137831037461474 14.039791595143274
36.521731233900894 2.772627822991134
35.94263895938717 7.615648339472707
37.00773195274494 23.47216435054324
5.327206076043671 23.165261735230516
15.15486969291004 20.93352580615967
20.139254345153617 39.36815557492241
0.3331588290715004 28.84430631990449
0.09116754128440263 7.1338328291767406
23.132759989762693 9.07789630003792
30.902312791564533 6.223700893969366
9.08058199687192 33.91644263026153
35.984256105746894 33.836967660548346
7.544897068051579 24.36423603388502
29.12515248393449 36.02096806433821
27.772568714302707 16.85744443583081
23.418688151786682 30.793884566659276
8.417530887055413 24.15264756064436
26.72198515964197 30.969334207790126
32.583213131578574 30.903222172556397
20.215965601970538 15.023911585098997
17.315696475822108 0.40916723541462474
34.180722871799546 15.95030048801878
34.64841315838968 6.2525153715422555
3.887496424023009 20.89014835833867
0.7133023985706588 21.007078747424252
8.547948125996921 38.442457369409134
20.097346878965215 13.93777966732971
7.550459505170681 35.89479922861343
34.53754667928657 30.58144163492178
10.75225013263347 35.226238202217324
