100 40 30
20 80 0.5 0.1 18 60 0.5 0.1
62.41948311840575 13.73337689349734 11.576417259183076
34.794367343802755 19.10729081861504 13.667106344751362
64.79235753862116 33.66201652402404 12.500583063850389
37.59676866114039 28.268639467319396 14.02654906967865
91.32723133082239 27.821755612824873 12.58875518732906
40.53855437490028 29.13624792415483 12.563440476346948
40.539111498910586 12.530598087143105 11.80570583158751
38.30928295348337 8.651139111935402 13.898644507662276
63.30325338877509 23.821921722594332 13.570163821925151
49.39166802953439 1.4564766869789647 12.461263037696602
36.17680945267128 35.26189574178713 11.517770350640749
45.787847885179175 39.419313169266495 13.107108474859299
25.517858182625908 39.56010941729096 11.711542821678925
87.43778718035455 6.734935659006496 12.089696207893196
43.091087453415355 8.65695498999588 13.176666442815577
2.1597633198817467 25.30934187396964 12.904707549624389
87.77053178430647 7.055721169504534 12.50210765084333
85.90013738959904 33.587226640747964 14.086353706014116
90.40509040106906 30.42700804855871 14.028895749626617
19.799347328008785 15.237629684985116 13.834768916182405
74.53060298250996 30.362110292537572 13.844702172442204
97.66095410055877 21.22868520204736 14.322293898930113
1.209464384457981 12.879465141476189 11.952914278579282
22.135623012237925 5.793294904885804 11.978700533374488
35.85937243858629 31.058173726015585 13.373758558044335
82.27504366132337 26.46053789179963 12.44711366684899
4.687693706339213 11.024112241205376 13.372781181122628
45.731762742257175 20.429841598969993 11.580283255697216
61.65646690404575 17.36118067120964 12.071393640980421
42.127904598850385 30.697900396223066 12.79825816323901
27.73258835423418 32.65200555038022
12.854674359806605 16.409352447539437
38.98860900413024 3.0845023019667606
32.50832641854394 31.93289675920575
2.6924855805596515 11.682188649542361
19.03548060745163 4.599799590025806
25.890380408792506 23.916102722236452
3.6222817300969634 5.242674382416577
20.350605600848244 21.27142393549738
0.9957305868636634 36.30254920629866
13.883137162888485 15.253646807767085
23.385882133243676 28.60056988613815
34.41795959716663 23.6692734050048
36.06584895850301 22.93853077913617
2.927435201230688 16.25255020542191
20.10558421173881 36.43181153608907
38.191981792310976 22.68634619198865
15.514497019815373 25.0798330283855
34.572373492616016 3.291832787035567
36.73700980250517 26.930730190548637
3.366071306945444 31.138183437644127
2.5042370531992075 4.298496321634988
28.98902251017807 24.05007912389586
23.334015144142654 18.84240506042987
23.13846252832871 15.967364932801784
22.51058127631573 9.920090812917511
3.2562878534671658 9.337758675374426
10.164273712793408 4.477233083395675
16.026649080078116 3.700095721203027
25.11066020719852 25.83833063773615
