100 40 30
20 80 0.5 0.1 18 60 0.5 0.1
48.82082908479033 9.927531834936243 11.947241893419962
50.00467385650232 1.4864540457169095 13.749406374544272
64.20635534497666 38.57731551686197 13.396780502965104
79.23014711160985 23.654642786203233 14.438650534908621
29.710616952559732 5.537534252695524 13.802336848855354
59.642449336594325 33.44815158571686 12.740057377074589
56.91226910332702 32.12972422803324 12.394116356183037
89.5714587561047 24.334702563752014 13.508096887006964
95.20277001635966 31.02397126887306 11.884927854773844
2.7002426583085937 5.950152000353586 12.612448912761955
71.42145229182604 36.68612931877651 14.301644241535989
89.59698108142759 0.9513955746215075 13.058689239518174
56.83668440454696 20.49213216777624 13.932919889616386
31.08668761796286 6.8424495505182925 13.15427987354452
34.66213958098613 30.030299591860647 13.133579035832511
0.2311912259832294 17.98286291918812 14.148781579298475
87.08619334569975 23.139308011146532 13.700525677445164
85.56949513712159 14.862760694612493 14.3233325621329
34.763769281446 20.66591278349631 12.141850799660112
94.3774279395941 17.736298808971604 14.248861889650845
91.627557895537 3.4367020464332088 14.004510825346898
76.75863462813854 10.196670959129666 13.643791328779095
83.66087159896331 26.061075857812305 12.126648172821186
89.78809045640024 2.477633027685844 11.599302752025089
79.06620571912782 12.332493997058478 11.624055575515046
95.7923429424135 28.280309110111837 14.203410444360085
88.37854763908027 25.46074763384951 13.50782137231596
64.95282322643298 33.72647477327079 14.474516922789874
83.01418454381428 4.313704688180708 13.228826336817002
64.2322410663969 10.48202505280868 11.841891760304827
3.2823734713291985 29.311762244139054
24.494759106822563 20.523881852018224
31.903569464182063 18.750443601494386
2.853178063125519 15.516075002828082
3.712012542100318 9.046057780551283
22.83861622451304 36.546050949755774
18.14970696082753 24.571659851338946
27.87088081485731 24.885384524008035
38.93209326442535 37.396670089768485
5.541496651744637 22.17272831805015
15.146656981303721 2.570251811343449
25.310692616778358 20.372500430419418
28.656501353956067 36.149164574973376
10.254101275223055 14.239411182697634
39.558161180687804 7.768213164165236
24.784236219251383 6.543948008452656
19.606981848672547 26.77791814707762
39.06084184384924 29.165516915483106
12.937458871729941 9.450651808032159
20.843304269331266 37.261490352185405
24.069995334690958 4.483021308082358
6.827349001988665 9.071970133048373
5.109588781193377 24.998827882063676
38.047334386716 20.521649237865
37.20602850904409 27.483532013719355
27.71448816139102 21.631708455167402
35.75925703596619 31.557678718796108
4.900526416021025 0.8562511396126649
34.51758156118084 29.223324975394185
23.765130317675435 23.809340933948377
