100 40 30
20 80 0.5 0.1 18 60 0.5 0.1
68.2807519920893 24.885946323189057 13.002952171089314
74.62749097407224 33.43190071764943 13.646816919955763
32.2296533649484 36.79281276062958 13.985826766528838
3.5886367494193494 22.454462880850905 12.933895358108703
18.04047338842064 9.481088776113577 13.998258244545088
52.65841704900773 13.201997147755758 13.048086229258548
14.6998207774379 0.854700477679784 13.64244145700041
26.529047392266037 33.47884532692399 12.357523112438468
47.959475895280676 29.093729387892388 13.32056493043681
19.124572986898514 1.9681452883548411 11.653970030833033
22.348944091125222 11.240830834074567 11.670282552634543
92.50475038213762 7.335181011161436 11.613025123157175
74.70296239139262 10.488438752041223 12.350131071909617
43.612046264457014 31.861056480271934 12.283437444984349
39.90196314730574 36.203183862189505 13.457554439101855
51.97402102420071 37.26960365907955 13.980908311712758
91.05334903092688 31.621337132132087 12.473902158554983
74.6701678383646 38.1913623091112 12.671996867912812
76.62018741527429 21.245180784163185 11.713728117985667
24.32754849744493 28.098251453787565 13.97022863732641
50.97281578827852 0.8041067039900485 11.68004281193653
27.033676620255463 20.767832170169175 14.13839894651759
14.626809203974867 6.629985708871522 12.128612188821942
84.94547455317677 1.4982841754172016 12.54817294573126
20.35424757325498 39.72302380974903 14.174315325802958
42.81499315855325 17.371092533932305 11.830840056195887
2.9181108998587724 25.81596566031528 11.847962568226237
88.11876419400642 32.69939124281574 11.542540503113438
87.07329817576388 1.4201862954139655 12.565453409738177
65.1279359486982 9.132587057622082 12.535119566559658
28.63248365533873 24.07102774257399
9.34619226251733 39.17553356694774
1.3138249963201343 33.09723454372006
27.745734957895092 1.5706765984779825
1.0114756580291706 17.89323134024373
26.982612956261626 35.50593612814098
26.334747650019462 30.619092947128706
8.862988151064378 9.430270195034364
20.332062028461348 3.9027118869853172
36.531329825988635 32.36596667940656
2.3252435997687826 36.71954445182471
31.495305691476755 32.740978691708634
23.59943400717418 15.523549258687588
15.092846604419341 15.622491126847532
22.350252195947373 35.92352859810756
3.4162843962015366 23.04042542158983
13.328865504194995 34.30059123951816
35.37251463700454 21.816176344867756
38.9147136740326 24.114080790089623
15.472194918599541 4.288411914808425
10.884679800773224 38.24483208964105
26.10507341731455 29.55435898472274
25.9365725312 26.576192780944222
28.472578789691187 36.32154194120443
23.063844075756688 27.114823285641428
27.012878474405994 23.191496339267147
7.167527754295753 39.304831966496124
19.067674581128976 18.173574752550557
10.83044519551898 19.790368103053403
29.704071429432062 26.453475855486815
