100 40 30
20 80 0.5 0.1 18 60 0.5 0.1
65.69244424925793 28.643920731783115 12.151899328591947
20.69119837496476 4.899718950933156 13.646271319476527
31.79819917972988 24.303143359161304 14.404714137738644
31.575990436227286 17.585444969023882 14.186072908710527
1.361001026182418 31.03246342912871 13.660759048194873
9.394603552732194 12.849693063908415 11.704371590049378
92.1224473541621 32.603289026312694 13.505112047371085
89.85518554013213 20.12180574965736 13.575482758786212
42.94011675284184 17.51529968466661 13.254505511636594
19.357037700491077 29.952332281631364 13.8481848255261
41.3446004432262 19.23942843375407 12.091061751603243
57.78521622185043 1.8805805042033708 13.794547956909735
19.667740054653805 27.134895505372576 12.45454275373341
96.95169507835084 15.304718593222857 12.123503650397547
78.37884686534949 14.801806707403564 13.648568379613643
87.69277320295559 11.629359693162717 12.314029699867813
61.29381587834188 38.70640561472665 14.475220001054995
72.84105795684555 22.498944330009927 14.37729784303271
13.017074324246336 30.745089651476533 13.66081880495768
37.33201757371326 27.184644186079566 13.210689348452243
73.34186494221147 2.159781851483782 14.415456029604885
57.551859852838575 25.029589926590315 13.765279570165694
77.56210748552688 22.92028599327415 14.237658514046132
61.34620954703832 35.99848353272043 12.60891018537646
24.117633188321243 32.262901815855265 12.356655297165377
79.2345953410182 30.424692215502564 12.86660338864441
72.27071002019186 16.307867850877194 11.836921878295916
62.35008931044631 31.47726481993758 13.086769490576687
40.3489739521554 3.2352416042856946 12.457520778412919
79.16846900358227 31.033550486056797 12.583954456139443
31.771976671448996 32.91866845836028
8.564574798698823 20.647101964290574
8.766794188880475 12.079547316377969
2.1255104613007525 35.613165575189285
31.232358404756276 0.7056577270014719
9.443778462200129 7.531932082467345
13.020258134847458 14.555645339895174
30.126083102750634 3.0958809053315406
35.6518508309181 3.3100018862213787
33.86415229793654 23.329500619102532
37.5642239762817 38.553189429988336
20.289089439399326 22.922751817268995
25.278800335669626 25.60620386484441
20.250927175999053 27.746627263281304
19.882481073610464 23.273297686217347
28.33906523675539 9.321576005872675
2.875279416724079 35.29314829689796
27.748329328988014 20.361103395825097
27.352473873041284 18.261321296257012
31.134446125815312 22.11440921674244
13.653340258699775 33.01742524623948
14.891798160477933 2.0835267270837043
33.02262691656841 29.966943117608025
9.325382996743446 29.79194517522647
18.494963166484396 23.534260034129165
23.477958709337756 28.633288093426692
29.12647667772111 16.919996127010887
10.912432751517947 13.43017866836503
31.861946329652223 25.56228701831686
1.5385972169263473 36.18497020296262
