100 40 30
20 80 0.5 0.1 18 60 0.5 0.1
95.52844649030449 9.327425240866107 14.00388898620887
11.456004622114168 26.29389421565708 14.019482106983148
77.93049288509437 11.024695965255251 14.433750207859779
7.289110991804193 7.540284987473047 12.30304216243898
77.9446604165465 12.258378178285021 13.926638761309105
10.591454143914248 32.41671933148457 12.704207417925854
25.979428537926264 37.8210948149 12.893492260631966
55.00209165814416 7.79341120499859 11.868846021341454
70.42775912624552 29.295691997246816 13.454684502709432
96.09454683085742 35.38952599177594 14.28108547533799
64.15810942050571 0.1685332054425137 13.87199893798482
52.41175323920686 25.10785241744921 12.394795373840024
6.26281003170136 9.061470578679739 14.232564567035315
30.198000376495415 13.107320788118294 11.775962162341568
10.686944603550009 1.3185798753519595 13.821659293643634
26.90162073613346 33.25378785061202 11.75474768339709
61.172497505752744 16.414110788745646 12.792928515672884
22.746842906082787 34.03931728623728 13.626716147139689
10.036396664571646 16.061601642546194 11.764413588751001
99.49229310717037 0.22834940570849227 11.670966091494293
54.72364014524664 14.289744760993717 11.800706452199291
94.4424138310186 17.85207593563245 12.421647655979202
16.091651941635188 26.772476688259953 14.115032600246847
59.079074417662014 8.081664405593028 13.132132486871326
73.43102627293567 14.897953322014533 13.985230280877333
53.244148710273386 2.1932766328974562 13.492119177077427
27.939621168571595 14.847567419266369 13.835187944455729
55.22746469553215 35.394609920382976 12.321999367413127
55.557981525666634 39.62114410279196 12.71468497997676
97.68335428116744 17.690543598687448 13.491312668132137
10.299338828813847 10.65187592560655
10.76995819926918 28.39432551056703
38.07600512080241 21.935145916125478
20.45927795870526 35.443497388606296
5.602598575351401 18.43888236683005
33.883849616297525 4.272844477467568
22.972627268391467 0.44682572819576105
9.523767601610853 5.846369414447246
36.68601997938521 9.084563917291092
11.493404843774414 27.961989854977297
31.480400164788147 34.16800762586403
33.22405417896779 36.995598152932466
25.755538590665186 7.870686770360722
8.314579092096515 2.383502133535167
4.781658209079587 32.35562852711602
16.97902671951782 27.008535182048274
7.171326625380208 14.869119977876291
18.434216582153667 27.631664115746727
2.63373514729337 30.395245918362836
12.734397333353641 11.737529656236152
12.819227739684994 39.82163068042092
39.974092944149156 20.63886345731364
12.100999290299823 20.66838712106678
20.444370340292174 13.411330093244743
21.429951879379875 37.783846900377625
6.241768968389585 32.20688779753243
35.93776414655971 13.012182214205644
32.99324652669243 36.72032137669048
5.752268519973476 25.689626826661033
29.77451328202532 24.060177587438307
