100 40 30
20 80 0.5 0.1 18 60 0.5 0.1
80.7636666768616 10.342131470334394 11.904820147741374
22.78663235826389 36.79363550724105 12.917012724037685
15.119442490233192 32.54697166148282 11.794731287999852
47.3525203107476 11.273300310628752 12.771421040896692
27.230618571410893 18.229917807594916 12.135856749029907
23.863114479374957 29.264908679995564 12.905620745392415
6.631845349430476 13.756702772965404 14.412532019735497
82.28592650408301 12.30566890165714 12.495480884315233
50.36856595038949 4.500766631809392 11.639758816985065
15.930451689152392 26.887099635059172 13.152367376742607
26.28047314843297 35.732345544102905 14.106724176137305
93.95681440642448 33.74098359386301 12.19326399542559
26.287120578199985 29.518572540955013 13.104062186810456
97.37601637927918 2.9449158627632954 12.633309580437837
86.93686370922642 38.10934220340312 13.521424511460829
18.523744617635106 35.56730177767564 12.283164044074766
31.671953254240215 0.4690934006254599 11.519808385617926
2.555053355490966 3.3359910556172423 14.350627716944024
66.96065762900089 14.827032235255523 13.668711039491999
32.026618534865335 23.391036402583538 13.513789875635203
41.968476570922064 17.64650248287587 11.89290139603668
66.89150665475346 6.5469813014752365 13.242105874231484
25.288528635375542 21.42244868510363 12.464420933586275
86.70145803629427 22.49510370177324 13.023254115691772
21.1175533455065 35.2431463212486 13.284957610817353
28.65342891352184 38.74779699763789 11.82907946867922
17.027499307974114 0.012755193135882692 13.780225022839325
43.17846868244939 23.467231642676254 11.985699561893753
44.20989836923353 13.413756245440847 14.335291661591912
71.58695571322077 4.105303100737685 13.353857378721704
9.605979200800592 38.75709510406365
20.899054862920792 36.43095854667144
39.36304319324609 36.92545912618384
19.6843233776303 19.361919982792696
1.4147835699021805 11.638682398371397
3.581851756590564 17.661558675814977
39.7120888931453 10.440175113390616
19.18676114142165 23.68226841723875
39.40756401162655 36.17954858204555
21.226878194703342 39.92316545287817
37.528736998903426 38.61574124256169
22.39810534977923 17.786862352219266
17.27618813179572 26.421492320538388
32.78234509537313 33.85244828915467
3.027887051776821 1.250532090153178
36.41756555489521 36.595599752477995
36.92011138444794 13.380440241584758
7.003641788999024 9.963274065145464
32.91436440166639 37.545658376288145
10.391689976530966 14.937031365120855
30.54877457518085 7.9267376112578125
18.418644082801062 6.195578022972135
8.111536552923386 32.86343190995132
6.812927206481412 18.21368306274372
3.7629964859354237 12.710843201335615
29.311088727422415 33.61120212600899
33.172054945955324 8.359358045621628
10.789378762132834 26.29247338837493
23.521631078877473 33.29069126775093
24.12826604812587 32.892953560958254
