100 40 30
20 80 0.5 0.1 18 60 0.5 0.1
78.4389921846112 34.1568360235727 13.210790127277223
70.58295803575393 26.630600911456604 13.189702523393635
99.970869425031 9.796331385456782 14.102696668016414
9.078611364855648 8.753522697834523 13.86393753880807
32.56761406017248 12.049850890263102 13.489231262167648
26.822081580210188 28.445680973048916 13.804587352769397
13.235707681228204 5.05656052067434 14.241872172245504
75.73979954195354 15.798558149364762 12.26588617966442
93.29366569853606 16.861971674674038 12.6578853189021
48.60949629462215 27.424624439270765 14.122063102408369
91.69699984996853 33.285265733930906 12.634315308782087
53.66426695484099 28.226964805576216 13.967516423231501
98.2047214419035 36.61460645013634 13.618905649533916
90.83384966901379 2.1720010822609037 13.743048563734835
17.639782978987874 4.187243190430285 13.314111725827008
28.698100881404155 26.023250899687515 13.729342294981294
96.82582141063315 13.6606164256828 11.525722669557801
45.32413450592524 26.81060037148469 13.20855760806421
12.26366331354768 10.627253228922013 11.759415211467317
44.69716930003479 5.945970868824126 11.604491603718573
29.49720757056963 10.834089532394966 12.656303185022828
21.658528433728495 35.70401668438564 13.114726172666495
76.85077495534432 16.174927567548178 13.617347566071048
5.04254842500067 19.492213773187185 14.27877543647974
26.42806127145726 5.247245493320722 14.257093411672459
23.655093749530387 25.03993544516753 12.759229815830054
5.762286680026529 31.890428569492997 13.425963574001562
80.14514371338967 35.31739919375417 13.413720138958226
3.3026321783990897 6.915869955041578 13.48926670816773
80.65992730218095 28.50433934307699 14.2102350389621
0.481708739847857 19.239304566885448
25.43700965329291 2.041564135009857
25.391367204479383 23.781444852405276
3.2150889833297347 24.74623691437518
3.3660569112597427 18.075915461403373
26.815913849058447 15.788607539263872
21.045556323536697 38.25151946936248
25.91347055345527 8.524396766625335
18.58584908276867 30.110912344848945
34.35528668550611 31.518043439722923
24.479197510778977 32.12103755530249
27.179015438409696 25.263627362285398
24.320783651841666 26.016214243549086
25.335982678869065 37.92041867187215
3.5524416942128934 36.34321488148222
30.827969993338698 32.3494348541458
27.37805924278485 12.504248993740447
38.752609864061384 14.588934225314105
35.45928847450054 0.3303155842504957
7.7918107550437465 13.008357208409333
14.664276331609951 24.943963184989585
16.966702602981837 17.731770726603628
10.05617771337755 2.6470506232074653
14.02164277033127 11.523455211546128
2.4722809563250925 36.79567122156326
9.588906147679545 6.179811053968449
20.45864597814213 31.10094886610987
11.324722708236173 22.573342406600947
4.989197134277186 33.52100832141933
23.49640486511217 17.846034924616863
