100 40 30
20 80 0.5 0.1 18 60 0.5 0.1
36.8497007850256 36.1782548598216 14.09592875259107
41.5140179361111 25.801985327701082 12.099131695492796
73.31222396321796 9.341414097701142 11.799064828366175
84.25862979631698 21.93745091827065 14.234890965609292
78.64299074826319 10.079082803796089 11.665610575609623
78.97420755585267 11.20504637183572 13.099132257545298
42.23527842593969 21.1074843167898 14.46109963773567
83.38500367435957 34.40326540306276 12.129714868177173
48.65718512173073 32.92502062463264 11.665585606843415
21.076798161859212 30.771920491512617 13.208417429260159
43.55321319659314 23.09727799172091 13.664369251502903
56.422230580662415 10.97979162310617 12.370364809993225
97.30910884537099 24.933238633362656 12.786780446349796
39.35335021433477 10.981520466099933 14.284321519875107
6.7058323771096 26.323144354666276 14.18568200469727
52.0233592454617 3.5185991937642447 11.877925869880372
14.90731539129092 6.1382368846574265 11.679892802770322
62.474290848902555 1.6932659795148908 13.067432454404498
41.25985109951876 3.577400477336359 12.137975356239084
53.90123190250754 12.213234404538174 12.474971374697551
78.2199443747575 20.22451250627428 11.697421278333753
66.13694986514844 19.31595788399553 13.749407636970613
34.15124935199173 32.26725169384538 12.786436253815495
52.420908792683406 5.635188931759161 11.761894536691209
20.805941520176052 30.112200314112066 13.760141191123132
17.899105644599334 21.84651842660149 13.02709063466941
13.285883390493481 15.17637736790479 13.458564556543505
94.84820908996988 28.173771843635485 12.849305882227043
50.6051359299346 31.480976108074156 13.635409745055075
6.2395840929303725 29.981449892316625 12.443739750466156
6.510832096006531 37.23302778040995
23.39997867999598 14.62141673239023
5.821052493810757 30.816992981608138
0.9771270243443508 25.14409965530408
31.818207511088627 13.602592831257393
5.4179749515214715 6.885641713862647
18.778610976768118 37.96602453734514
18.402966990546403 3.414653962243266
30.03210407188081 39.17408360244651
24.655840501195247 27.66102068388311
30.05353381143655 6.666965749478071
8.1258523486024 35.04167887513994
32.174994281976 24.681628686128732
20.74449778267259 27.63166678832411
1.9298191693784261 31.49427239789778
11.131009375994193 21.803536432451303
23.578378425834853 38.162062208005246
18.784944350923425 38.98477711392171
36.15478023910765 0.495785228965131
28.718271153007233 7.659486182188195
35.41266721360649 32.09669209486356
2.1433969239458595 14.467062104551548
19.33732867607818 21.642346906522313
30.74766235866518 33.22726012346093
7.430441931613823 14.207842652130452
5.248877506621015 12.947533704451892
27.762780736604814 14.260342483815016
3.3405475583478195 19.34511364150228
0.8293501567719685 7.066437872986531
27.79948730426667 39.14288098725384
