1000 400 200
30 80 0.1 0.05 40 200 0.1 0.05
970.1637735812554 383.87550671565253 26.68531391643083
295.79318853796957 96.95009466894922 27.850859454060203
506.0670880391035 26.764995185859508 24.87223522888678
91.95422178194046 204.63242680911787 26.72845860362852
825.5336622371683 100.94175017272437 25.47519253193776
577.4410636901521 263.11195914051416 27.40950710993667
21.89162555498836 237.7063473891315 26.022324175942924
205.5142176769199 24.93639390873912 28.23869488336371
329.41419164094776 265.5320678538165 23.599337047869582
634.3353816544991 319.05335470217835 25.189047309093457
488.9445920207448 154.58483197940149 23.7888885612676
919.4674766149475 137.83955970983982 23.68634255528734
648.9903959408523 209.02598418809592 25.595116203269026
884.0233147733778 235.1211388161057 25.79655783879464
104.24017414534359 389.0783199142628 25.826029169935502
122.61559304589731 93.93944745443896 27.527407837950975
689.6643160983839 323.2554096798362 26.25588872175695
833.3630043329911 339.50508952399963 26.93195196671199
20.71045374330516 94.95912948720311 26.15165732327587
292.3277891747786 121.7713346909878 28.126397085174723
843.3194728442153 335.3573781509544 26.973842242989114
373.81483918375255 123.7368009287382 25.383313141167758
923.1719364273844 373.3271938179384 27.2887320466645
336.738140502991 135.0971826785622 25.882582406678843
350.20310935419695 99.3049061549554 23.926631572491114
822.4230991656193 354.0971892210581 26.101954503995913
97.35007276606866 77.88931201367082 23.944130882546663
995.301168774131 350.02780551626915 23.922913964795658
683.9417618703809 247.51222079308883 24.98693817037055
279.3802133977686 260.1606272088705 28.390862713255295
933.2158901736952 196.6884816052997 24.677027302200802
646.4296818044254 252.15141745456958 28.385964300602403
956.119607235748 96.30073382449167 25.871764818879903
764.6676499079955 18.96931680828238 27.776321692669516
562.677099836688 255.82746005690424 26.25571904665256
59.41645767269765 169.85772485760222 27.591794055301335
517.5129377652745 386.9032161704176 25.154726659982355
331.618861399663 238.09722395026216 28.387391001182216
184.20548436762874 197.37195584076966 26.61767122044873
660.0665774282764 63.56198970190956 25.88189043495196
707.4885326796191 369.07381780573695 27.339793932306147
934.351239020126 263.1284169800443 23.64154918396601
573.2716973174361 327.7588444199117 26.532109669520086
255.44504674805424 131.5493731054392 23.621333476465917
71.2373350800265 397.26270155040606 28.238887977566886
248.8656420019395 294.8404447149725 27.727194443807264
317.4971148102432 214.67590182940333 27.217819551246535
882.8698358481483 261.6753867046864 24.782105660281086
326.42937307406737 209.70415442672615 27.408426480884128
914.2139548107984 98.64878438758926 26.784826313745032
449.22180093034814 29.519876810970036 26.290873733297097
511.75797447154537 224.17386589079484 27.671968069088123
916.5395099334103 198.6580739882315 28.381360182708846
770.485799737065 323.63419335754895 26.818617710060067
375.7265962778621 389.1805392903124 27.50783737697792
734.1580055299643 204.33963330524426 27.737582751518513
137.5078462918794 255.43519135543673 23.88143735449242
624.468339571048 320.74038587960774 25.21871644288167
328.63657327862495 45.03884969118115 25.829564225830424
330.7794138476886 214.8685144289745 23.95356912054399
567.5627419212047 186.72693134261092 25.125379679195696
871.6834525482445 59.49505982362551 24.34200102974688
969.0717283149224 398.7080431496863 28.35902179747289
694.0557146119995 306.15302872888 27.110941874966027
866.9483265414805 49.1516554863352 26.70634599814837
945.109069499507 89.87280480738752 23.885145723490798
293.90046846657515 193.18708995690378 23.70365053317949
528.2548404451629 108.8477785223251 24.338883341843488
944.9626244798861 36.81944689325398 26.408507245792343
46.24230149414687 80.6844347310279 23.788734609693073
590.9899346405816 34.73661891290889 27.278584936136884
28.876443831519328 96.53409678836353 24.433061078045114
16.126117813834217 182.10835147152378 27.627751578071397
943.2641950581933 88.14232003725122 26.134795882386186
887.6367033946965 244.92789027441592 28.00163395952007
869.5531320470604 47.329162814584926 28.02171263636771
185.46514743489294 92.73552205387716 25.86748216558223
793.9169682856818 168.0175296944126 27.942511973391746
126.39997477400044 123.95625049792454 27.734237189281345
794.398375306404 111.80041373028584 25.277472196442172
914.8081982070538 248.59745527385516 25.041167776577733
967.3064760993495 42.06971724960225 26.927992012440143
186.34914364803845 25.450869476576088 23.694686131116757
427.2209452025332 260.5617481259994 26.778425717316694
27.657338084484117 219.74404262764574 24.04474925132165
699.1941301574429 64.19674376551194 24.1738770611865
845.2759851504547 99.65347764168908 25.910717364777963
66.25213370312366 288.4436337684289 25.23613718797509
809.6112558510339 342.24175708392653 24.262202357842956
119.44391607336802 104.0162050963668 26.25318204357726
849.7110493771611 355.979110937679 26.588156231994468
734.0083733383531 193.1447054815463 27.141396108216213
254.47993160465532 301.57202449779066 24.336501496718007
738.1420292552683 175.35707415114592 24.669158680044223
424.62313890583715 227.61282970255553 26.05061175542514
596.6389867279642 24.7883914673384 23.930196419357454
593.1459004843446 323.60140480041105 24.675924355514823
868.5079328008679 84.4050308159238 27.509099964402278
813.4694432206718 89.9367273560404 25.652288343699816
55.58449248283781 18.82333863005936 27.042960408905916
922.8901147743966 261.0508102874936 25.772083039320197
700.0671162606001 257.01078806365547 26.96488568708272
791.8030996453139 191.22234747623557 26.781807340285717
346.59846303389577 378.22240400152765 25.23928499551733
29.315387117958338 388.78161135633434 26.481263092890174
814.6580540521205 226.93624834358036 26.846706001675617
543.9341491656811 198.1642038407383 26.759495321070407
357.1616278973065 261.9502321444739 25.738489982999617
361.16368714688275 384.1071654666648 25.96459527669058
860.696397982517 226.57914029265189 26.408776756679327
832.1785956266015 240.47066189587974 27.08392097312005
593.0439768317299 165.18546139418834 28.183008843911484
580.2381903234684 168.72886218959363 25.99528281796108
867.7219255941791 118.98213516902109 25.716999889203073
22.01991421787397 357.86915283088643 27.105530364644192
788.2470743273909 142.79886314635382 27.067170284516347
164.30492953504105 26.786462261796995 23.822550560776317
293.60471802469647 144.6984099771506 28.418398972142125
254.04547593814362 9.523254949011317 26.79605016095536
559.7852459346002 231.10459497828225 24.138175190628687
190.26254951353138 88.90304739730723 24.73217675426197
350.88916977161875 29.35080932645282 25.120797937408643
874.8106096234737 399.99987744734915 25.841902237339156
759.7409616083307 163.9172805670143 27.35908198550132
668.0333525737334 84.99565977560492 27.862417317977958
456.60514537740715 107.48791897746193 24.65858853297636
153.8210312102689 207.56526141326432 27.81818792521478
771.7563234924124 257.4631509269099 27.325372456231367
632.5423461039333 19.013135338563416 23.721823343994608
791.4782175573722 265.6054623026022 26.306570668456388
322.6140203723399 269.72932614132486 27.696876366369725
937.5990653918057 154.709367940706 25.547175924414113
631.8156077764156 306.6535100714444 27.211899641475643
939.8216180854071 91.96743943635752 23.508727110922543
74.4576035412824 87.59836819831959 28.40864649163027
581.6679928923969 173.19102631327462 26.74848977503384
273.6425446837232 342.50376752167193 25.78275008623745
410.4944658750504 243.12682183316477 23.912431616431615
859.4761973727366 254.7368322594767 27.612406325166912
727.2794558941114 91.43105224336603 24.29273823502453
111.4117711014172 225.9354572304093 23.64379509155212
512.1625011295826 296.811465174254 26.44096815162716
600.0498732958022 97.87938149247796 24.229832189604192
568.303115114409 337.5638511715497 24.02077485380367
361.64326851016983 275.4803587579325 24.714347783969117
572.6987713705245 258.10619182752237 23.798374616240725
835.1240523903695 135.975313777236 25.674338942096966
73.19131504664955 309.789168487496 27.182936669765063
751.4044081055713 199.30079324655296 24.230276246417414
852.9136468796584 220.6280137881378 28.180506766881198
779.6048400067106 20.687806904775652 26.044717164060337
755.6738195781422 361.79828163177 27.761018846215503
193.21113633575436 364.76017480522415 26.623178330285544
708.9048634021581 256.6567519376677 24.064849472934963
356.304879569579 15.61120463043566 27.863237717010076
647.3651502246706 227.33021443668582 28.309044514533316
978.1793550288576 322.9895407483614 25.45743664728335
605.1699227296226 19.94920462109011 24.768986657470705
922.9431160060315 203.11011114874447 25.216350019678977
852.2593736400605 136.53124422446666 26.49346558068642
765.1066254101529 194.73689101715772 24.848221045461678
472.2247246803687 392.230425268134 24.003773521381888
175.4915655856797 76.82482567945303 24.40316693559711
751.5629211997519 392.8068213794013 26.783933071640377
823.8268707569468 311.67650422240513 25.889947835032885
637.8239209330625 189.1213778197993 24.90213782333323
561.7003190481038 384.5280193994194 24.41274984571675
959.5432119952794 332.3703351711849 28.23503795299437
765.5963186324207 32.74607143854209 26.19990110501929
139.98012744513545 263.5279997231026 26.978069377771696
484.9223436096842 230.15854720229095 23.735781348850466
507.04680930304977 379.7090829383557 25.007429294163078
361.43201204892415 317.97017132378664 25.72566964960138
652.8303458634801 104.2820205085465 26.162739283375316
618.3972943090729 325.49846620574715 27.169527045157476
449.06813250555945 140.70312832987005 26.20347386667276
11.238510123685707 42.61923577567855 27.477742425495727
522.9998280975473 225.08985023050258 24.475825536065525
783.9437860791767 301.10037644497 26.397064962447008
156.22545091861394 341.1486125585649 25.73813025620123
982.2228497241763 372.44370031328316 27.830057844458647
524.4652780045204 73.6111907912441 24.020000375380466
76.547989278972 142.71259879348253 26.212575751670926
957.2283110719915 121.95266415660267 26.329967624573552
684.5111985589205 396.1137718880678 27.481490745996297
894.0204070083356 262.7548549520785 24.83517201077084
237.62563068625397 313.59029530357014 24.32406190345111
550.3963568432209 143.2824269469237 24.280268397341672
995.0453856463 223.88573183021728 26.090212491160578
7.29868323531313 36.04479799721414 27.71645348000524
694.773629974028 354.7214417000294 26.69317995427396
697.0167620939293 128.46680480732618 23.509908744810108
977.7511287926123 111.90644169631506 25.98054893694908
696.9100403526458 26.174962987831798 26.38596421463113
194.61652945707064 124.13704425117218 27.36894428751318
147.8033023791141 94.46458273081704 28.344223137385082
278.6338850555651 259.45835938861666 28.178411859658468
699.5989867362487 150.63733153462135 28.41345386270842
557.892029436047 143.11561859608042 26.737878373941445
535.9473516181663 369.2288558910339 24.77531302413793
399.54904821770316 151.83777093537083
308.5255951094995 19.373559399659037
110.57293217800566 200.3496530103297
312.8836277858989 161.2327103665919
123.8208132576327 38.49092513542196
187.3126725492977 71.14159449310282
386.85813105023885 284.4499163394257
205.19798120377257 159.55548535189607
218.76148319398231 217.3102539007476
203.1802737588364 33.84666572970683
37.23450339164187 215.7478081333326
183.57695224342922 25.803153908746967
17.733934891169234 4.094990181623803
350.7239519840812 117.71176290835132
379.9307272935752 146.11659440963592
298.6332888421603 324.7526695467777
344.0963957524875 89.73211007829511
70.87699757575243 160.5729977012206
159.7707214218088 241.30988090377716
29.62356908614794 94.5478297388156
181.33221652264783 36.04936315199425
299.26900537121855 103.37750868145447
349.85866375891413 371.3581171600321
391.1197721452974 326.31084419204876
237.93059778484573 283.0208920887889
269.1010045950101 52.424375329537966
23.79608231724997 369.3489133976985
382.47859500906975 200.02838083067962
383.5808781159289 6.387803996930819
70.09966871696882 292.4113045128676
324.9938321671912 247.65358384217419
31.671256724803687 90.77440967495751
33.2426714882661 264.75637301311457
65.11318380180731 114.34943719053715
59.64120241078126 260.66254031697804
385.0360028487973 259.3326073659726
255.65458407141023 375.23620967622963
365.9112004018972 22.40880339943483
139.89474392804078 3.0919408456981046
94.51606671280098 241.28055013390534
82.84387848842876 356.68100819867294
69.75133725846648 383.75696102832563
203.8494161737478 232.9241246727209
353.9454641289635 48.59840133470019
397.19959812303983 379.594341204256
58.274861538584275 85.45333153485007
38.85433092753847 8.044342759852752
35.9451188556795 397.86444950284493
72.67167152427251 261.76293722907093
60.293927446379 62.46162804119639
134.73585518791583 225.6363121874564
180.99183551829466 79.10014046034655
346.6585184454854 148.6800804275882
380.03291150913304 260.84299923197216
193.49031236999693 353.39899324862057
290.22264412920725 279.32694452842395
299.1456149795853 17.82147539315031
392.3863783685447 300.192329193515
122.00901717549569 41.647204091720184
173.53698223737402 174.89766959945413
15.65749462379662 145.83617183165077
6.756122990599911 199.38020634957482
134.3979876029 205.3585283242981
4.559253752920611 206.66470118660757
110.58583049045478 377.7150797521937
1.0298261045784685 29.662998652377006
290.4548697907804 265.22894267899454
134.02418577338105 352.04765205872235
387.4558877425417 136.99942255424747
27.263813488118906 259.22370017584086
296.8656128772844 336.7998615532665
313.1476208049294 8.062911518549498
112.6940123320637 16.091864311112715
390.63239332399087 253.20586408044247
97.68340274666399 56.71883180852819
78.54506139700126 199.37758587261754
79.4585494281188 285.7325006769086
203.20634271176993 93.30317682790339
280.6522219726524 235.19659550207996
150.26064928715033 125.45044234036791
338.0968129092679 162.70257786688452
214.12295497518605 180.96728961864937
225.93775046556206 23.72292977115884
394.4689288570933 160.82214827525104
369.7904486431107 174.81810231617106
317.71017414485624 388.29625033373276
23.82791750850748 387.1037997483123
2.412062095627032 322.61752821402735
179.95185167069957 62.27608327725491
241.12741005134097 220.66607148789151
287.9657273024257 368.8822128658019
37.13472864031311 119.32215148858774
87.93395915706586 354.41575871592386
13.085348811745234 355.1680605975019
90.6767551320328 339.20545645961806
199.57958372963932 194.89593417351992
289.6161477708342 260.95738285319203
115.2074624133955 18.914207071285638
146.9539511735503 114.20112193197482
165.60538544803092 282.2860055188572
169.42848880885722 216.78103598154465
117.59554111851199 371.2733146124064
73.6620566691407 335.92429637940904
345.49058958961484 80.40165079122295
238.37708078814995 319.30803192278177
300.1618719271359 154.10022986422817
250.5243916784073 1.9387272767041441
217.48474108006363 168.613559811181
74.63275752453961 397.5472794476696
61.29053285361103 374.0208115848872
109.454226744699 333.59412356681156
86.97022484407566 172.84004707862667
143.2458526772904 351.8692177281638
215.3902384992484 80.83499406318313
378.7934827854131 72.0623302016472
222.79691069384188 297.28262476587173
271.5494350081779 303.56984009472177
380.9013050241372 206.10053839699063
109.02110565448812 191.19473915949575
222.35206141096126 35.87357360863237
56.81344797499581 193.28716688926383
360.31925642746546 125.95997733854398
206.4936838525779 116.26354583391448
356.9282025099277 377.497836350162
182.71242122770906 167.3328515595373
113.79747632654103 112.2731774545569
101.78079590401268 37.649264483817824
348.9512423893799 319.05190559082706
121.16907735864508 391.0012062796376
227.89149568921738 136.1180928508713
279.1575694493057 8.536977529182854
332.63151453714767 200.40207540185128
196.13648061331054 227.91841766917602
81.00737733432703 387.7221789130821
293.8169892362572 215.68401550411954
49.600134803413724 75.30463616832806
85.88114330042455 24.49417631096984
207.11667738623527 176.88696580702415
3.3643973153963724 112.32127125061311
31.093211297573873 232.3504565260317
340.32953097173174 38.5383982525465
259.30055476670907 377.9683108545181
240.15679116815417 202.2508898681651
218.24645191495904 279.99646927224967
390.040695034571 351.10549166921936
74.68542844394324 283.47476694338326
51.04922896305673 364.2027436386654
372.06253717576465 109.74666902794085
223.36724438988065 100.62861739614357
242.33279226495864 230.34669635570708
131.1110877392478 305.5121682010523
324.6139255718716 151.54486136984312
208.36738773884883 78.4065783012775
275.6455543086593 262.9784688257161
177.87446285100427 234.18152118693692
223.04347996553133 35.44197088539547
36.030368419481995 24.50560441249121
190.8536029729623 397.04638215193427
392.6773322830313 338.38795912547954
217.9254302437538 73.60021045397444
261.37794295002993 63.1388744067706
193.14081474144413 148.20470675985013
255.66394404343816 162.50011601821473
347.5492068037516 76.69660628292574
19.004335409133468 216.58584665966566
71.97630419058063 289.71239419211577
201.00491613373177 268.6659870049138
269.68863325118855 118.78854757045612
189.6171012726793 36.71434477105775
7.21219376790061 303.0530148352717
318.8995520062119 273.0345902525892
192.41893838077928 364.703673529699
194.14154443371748 93.16750950841421
187.51049826610742 285.6102532635311
310.92295339530403 245.67399957125627
55.54414436633115 374.016692140214
291.95107036147806 357.2784339336191
342.6616548432272 179.4616725399981
225.28025759951268 163.24809737113816
114.19732401232787 395.6756251553998
159.78602077817774 220.77469796267638
391.35708787781465 85.35306691515689
398.53067944819423 203.51463152423386
176.17615584416143 67.33993962163005
227.9234949991755 188.33555653949765
305.9784318964739 325.9160039944128
330.3437297333163 370.7070658158505
44.576380157703845 33.49314686432634
350.1606407302913 183.06414966491445
195.96581676388692 22.191051648223905
317.85021583459667 40.862744964141086
217.28558182509295 96.39223084911417
84.17392244807797 303.9371338144916
111.32778174819418 247.51913278429765
176.15041121934868 116.1597774665156
394.8998403925469 13.916597141869325
158.81684121616536 374.29454108041966
367.85527927633257 322.86358968212363
271.541954841945 177.32529732188155
248.6257179705654 358.37882390952933
