1000 400 200
30 80 0.1 0.05 40 200 0.1 0.05
755.8955550773866 17.420140830569196 24.185918566093388
500.32358919138744 189.1739418651229 25.171337090823805
367.14118149845973 123.07347451641522 24.362262094671433
895.4324928277209 155.7659737792422 26.30094850836086
14.617342619916318 82.7160060872144 24.73050106522605
589.3493062915165 375.49442992769883 27.165355011481488
286.7929887582197 257.5065388336013 27.787371947038785
713.1315636692844 364.16792840018803 23.766647163672175
907.1182630006315 117.05765940160018 27.87359276410708
182.76926537342564 146.0928940118772 24.85561849993143
808.6542506756372 83.02963452180228 24.263689793859502
328.7980710862679 203.7375345706818 26.528021225111843
674.3497403519882 389.92319968729265 26.4130096150713
399.3485964177217 47.787161930188574 26.57724463308712
995.0095537467702 242.6468128681703 24.725223824133895
79.64352758698546 58.17860054063755 23.807822931902862
92.60236418486856 263.4239673964992 24.17658432173019
753.2948765057278 21.39791582753965 24.58633828350949
19.236636767096304 38.35646737181402 24.44836126125456
218.54984349011508 380.6965037021567 23.957880710490304
741.6181324691208 224.98650968208375 25.05305040133864
177.80184736455618 124.31760158324599 28.449945825262578
73.6936426298086 263.7695097292949 24.954210305247997
425.0097528977874 381.46752893627627 23.593569509071187
739.9583569487779 14.49598191984438 23.76967982147091
68.81955024126674 14.505537707555227 28.445054848072182
98.91134299423487 348.15050237460304 25.193326698528605
826.6959134963142 245.30270022045207 26.331672916011893
87.6111905440411 68.9845602489576 27.385640742687194
806.6620368977874 209.3247088844068 28.371393431738355
68.31318075091653 92.97326024178658 25.86704112478288
829.6017859779218 86.86685308120094 26.33961165061664
467.7372178943753 8.338771870078254 25.73273061215148
229.66535282891053 229.90134242034782 27.34391758137244
446.47452858202143 1.222862519349821 24.611676191654613
868.1741278071089 16.829560320995007 24.799526834022746
665.1150585328883 123.39078937884862 23.766591472243007
394.4598617378793 276.4542037889693 27.010757154813003
416.47155068121543 256.3165026848655 26.612760915238987
344.0830461216522 95.8398591156807 24.504957598995535
658.2635540141339 203.14878697979557 23.99170711739282
661.5228147066126 52.305841311024004 24.241021038178136
543.1593745477344 1.6564500691726547 25.025920962868607
523.2527444932119 194.23263079385066 24.140867082603574
935.3808338888175 150.81251214482415 27.792424443358165
692.5283649926903 364.0538922707844 24.644251576725157
704.2582303506192 103.4689667928331 28.359443675229812
5.502088198282129 253.88982884494612 24.3495226626477
671.1546324271471 288.61062914261976 25.63994203254822
337.614077757595 172.6461274486025 24.319442578659174
379.91536291502416 48.72346319433536 27.720586663872485
569.6209589271265 364.6956446047969 27.455247724530565
82.16244982148923 39.38716607014041 27.751650346982032
626.0343401991003 254.86841444800717 25.986426020710702
743.9492847678853 236.56716232281778 25.543520247880508
728.9351188120331 221.54016015918305 26.71032031597707
552.9942053241843 198.2547518232376 23.85440334254431
152.7725971762003 157.0206335850739 26.12605882726744
446.27240567982864 265.85074455379225 24.1013617149287
208.38816552515914 118.84162457148362 24.132298241109783
993.3937216827535 270.5233844176175 28.247250203854694
76.53603537875775 82.32091326041191 26.948029442675793
516.0269334518036 302.9614721903547 26.75808349995532
773.8967277824662 268.07334563071146 28.429813203339318
348.6300812291111 352.50364173028265 24.371844668224835
711.1581110979652 150.84453886143345 25.916232315304395
448.75792247545235 233.320553630193 27.538144085653023
408.2106731092864 289.7965221894466 26.15937863529839
240.97335398644992 369.6741990053412 26.580203987864962
302.7850898141823 105.56909983312823 26.191543923915056
268.48657005496136 56.5424278218198 25.182513228476182
734.7372491454553 235.21617701726063 25.120019279876658
369.5636970548563 162.0939907381595 25.7396736128851
39.32557997259456 210.36341736966162 23.70046527693319
176.83593818489328 79.39412365547231 26.419331496560268
841.7645507218459 33.29291207378775 24.075534473170656
539.12654438276 319.8300034693641 24.73391052609399
636.4921449940217 395.5232467959551 25.60548050294239
316.40010612513515 92.33347168148742 24.705766714522937
254.24584015225827 237.95875946709003 27.19596558395166
24.900902831712312 221.56233773169185 24.80638364218872
986.36698019774 53.722413225589214 25.739110732484246
184.33705195636819 84.5456038728428 25.194697356835057
738.7835675733759 166.00119840734413 25.130348204842807
411.81195874329404 17.4187544121148 24.049342020128154
339.7743828086679 74.01360059427194 25.068530134552823
334.7046189827775 359.03788893035966 24.145676615701305
909.6777744230777 369.694813423459 27.362084017203376
70.33250415879866 122.48167941899078 25.166392665099146
322.84442302426476 123.7787587790403 24.481237493535016
204.34771557076616 153.4938284385869 26.43419730562381
229.88061338392873 79.27590452510564 27.45627813270812
49.64306385463635 350.3009191676661 25.930777371415136
761.0041269712264 248.29468147582566 28.12466586111567
187.1845572614581 254.22737112684598 28.216601930704623
970.4248961716272 378.8707913997819 23.985143079840896
380.6132601664143 316.13657448990995 27.524132098131076
800.2336844165756 154.84479842666832 28.19374149604007
465.52779927685526 209.71947992691224 28.180049603642626
5.371704359214413 45.50442751989734 25.31308058578538
586.7921075887903 377.5465433144432 28.171958065028825
175.7768874049126 83.07405457661359 26.440286786296177
584.6167895635333 206.85958696252058 25.147773690202527
976.5477838111584 384.33123099856107 26.037308260817
601.0082769208766 155.32421334339324 27.192229915830374
682.5966690327659 335.54926014807177 23.776797227518557
327.82506930748457 267.15504999824583 27.119433162062936
363.321132425254 34.24594522814388 26.71290789737796
278.3459342139256 390.68221190719083 27.742509639776944
949.7179314178067 352.25292456108264 27.16450042049371
115.04687643777257 351.8124404999894 27.104681293747163
337.3885624078863 196.54793989077328 26.54292678138343
283.1753673997059 344.9689509389919 25.18863225209856
512.2016779413146 260.00418458988133 27.51174377799075
905.5555626431878 233.73517413492925 24.3551468652517
971.026617093737 255.34772337028136 25.984676962535637
308.5821705830282 336.0950898041504 27.12447365385701
909.8458731647466 112.56622962706437 23.56363529204513
439.1654562504442 1.1223889258613617 25.815840737148104
399.483039952136 111.9204669113584 27.712627715289845
360.95222111120495 131.23786738305583 25.647505974936315
120.81005539314982 159.46497069634194 24.73749797681905
595.818207564949 1.494871154676236 26.801574086086646
914.1630101311847 346.22658471043985 25.086301158780902
210.63451637843767 378.28177631824656 27.53879254069526
61.21222365626333 241.30960819229244 25.551079015124163
693.7534902350399 116.61434829401291 27.057291655834998
682.9907716370212 147.3353268374995 27.19833411545053
71.51708114616073 58.84471373396143 23.50876735801564
148.3482705303355 206.67115930757058 25.701589778444585
680.212832024729 77.9030110860142 28.48329690724003
857.8035837674668 220.50282079251664 23.72337977329254
128.01609883296828 83.62932348100757 23.651592599450158
35.53551947420597 80.3407859229353 27.983533745638216
396.16508592878375 288.6107887500219 23.89716364634813
235.86216669923576 382.1715671157925 26.152778803640285
677.3917791863007 26.22993578686583 27.70107975594278
580.6838528879974 185.0553094158849 26.08191261994506
417.83003503538174 313.11877159395414 27.263701302195464
393.53748986967395 95.17425745331552 24.58293887484826
398.4692004225033 4.416060760819018 25.600107552068124
908.5489202998962 328.5428845709771 25.844784998364396
392.81674113865625 225.4072884317549 24.852657934659135
304.960996142605 374.94008152012 26.02711825512232
594.7556399927141 68.30411842119015 26.28316425178162
68.22420031784549 315.0075914816159 26.92528298208236
297.4818321405639 377.85834395523256 23.78092058335888
896.9019663314804 113.51770400592342 26.24081728943139
190.61077443617557 342.719566583539 25.428087054556276
272.7796922487854 224.93712577507398 26.688075644867567
644.6516158863676 258.2023054892929 24.3617870513834
773.3612147333054 121.74422026330518 27.29023910324305
783.5394709773217 196.4423972399405 26.258267189528034
37.05673034397095 129.38352104414128 24.998902584570846
367.14188544239033 146.5595623446359 25.618458110257873
469.3486157114755 80.90559564166502 27.55129076098664
173.8417663463808 273.91940267498416 26.27053412172882
702.479996108674 364.63247003473685 26.958179687084694
892.5475776174634 266.16852384591544 24.22221690620565
63.03691007281398 323.7492118129567 24.50334912544634
504.7677087963479 125.4173916805592 27.02662800131131
854.3495202391465 390.4423408004946 25.800817633499264
808.5636704538952 240.5318157794143 25.987833696717022
788.9617437747335 330.7250798054304 23.577529632610542
451.98961863183297 9.482079723300574 23.877614474734575
997.426779077279 189.7996669927013 25.064270122062872
495.6380667082539 126.3532609421933 25.89955388432745
452.1641356753039 230.84783566598483 28.433448763111162
800.618154635715 216.95805433457087 27.6907913537719
559.7306609631482 340.4036025372745 27.725467992843694
175.04591924527625 285.77887177981137 27.45059824902919
944.1481351251637 37.587156417158155 24.371481900315906
241.15222284506942 178.71574223074313 26.317582403921534
842.3105392734961 97.85720657138724 25.324672922284936
985.514102872654 93.09553448371997 24.85742281012127
6.253105579420271 228.70995967986448 27.139275148423838
302.667586194154 269.6220770824498 24.678607433173525
924.3656565158426 277.8093885428665 27.130420362728326
960.3135803922679 140.18201579620177 27.45705977015879
574.5165739578748 195.01339389540163 24.161776713885452
22.212391103809015 9.18207979589627 23.948566119093016
768.4308733768519 209.05668584132724 28.154603123450716
129.2764422497229 11.64716616594208 24.31167657540761
572.3299172030858 36.40322326281815 24.213313088814054
223.79226825201616 84.66919811702623 27.39876361138788
849.4511161982979 351.87972686593406 25.300379714728912
416.4833893264658 244.73107883644926 23.729064107156955
893.1663008545828 174.78764906159455 24.758241257288148
148.49159508530985 285.45296163655604 27.99905714245851
554.4180327771074 335.6551079895575 28.117974783377534
544.4066900617297 370.6855641001007 27.061084059850838
535.386198014885 281.77268565701627 23.613466882063875
639.1918360960952 237.623005758374 25.893692094621024
365.8438105643438 167.04860130417342 24.55457183752986
789.0825354651057 153.49074840328046 23.76417510419378
414.60272110187526 85.16032182164044 28.231626045920606
139.011307095652 365.89928073268123 27.34694667908079
452.69918089947356 194.86159548329533 27.714379872565367
158.42581982998882 298.4055231707246 25.29683881727081
286.3156564661593 121.76664611116443 26.767986406790545
164.80224437653925 385.2087470462703
176.37568117669016 298.61745761185733
289.8682028764861 279.4873322409417
154.83576318456457 396.9898216020229
39.087770288441746 184.99972979494527
45.09269489296352 134.17042154362963
55.13252387651222 237.1995908263687
66.9562547877025 351.37113579196813
207.74595333062612 201.78633311535265
22.52367784437368 106.87771783124246
83.45849354442825 240.2224714506092
74.89626146147792 30.97930593275131
147.59596739094854 137.3546029027188
233.13118949606886 197.4997893438668
50.46882068233338 170.54482142712928
62.38599536376004 133.7207150622314
146.89473184593496 312.6098465365092
391.72873748180206 209.6258637418151
107.97331442919705 286.25589450827334
258.1028117675578 179.03826837658124
126.29677613001337 325.5879162389758
203.45066715981903 89.36120570652966
50.54640138157311 150.66244031585754
133.01649872319237 333.27499154569597
232.6900716431512 23.943911028538032
246.36360721467426 84.88257470493808
130.76187883051077 32.914818748821695
268.65752211561386 344.43692331610595
382.47032869187365 330.9810976428106
138.28205728933193 109.9243090559078
349.64741149539225 369.2041745681254
47.87054760560822 200.4180189571764
30.816305332472282 364.28222048697353
89.35056803134142 175.2575837264013
348.92125082322406 173.59356715607558
119.61587833837287 24.74943688955138
343.52855130557384 186.00588475323968
41.95495946652934 252.22535501226426
131.57362760969917 187.54532608861828
289.3811924930842 23.93573133652844
247.99413691111099 223.91056721707406
299.5252575618795 32.39543522311963
337.35546092332925 257.20719075153846
386.76616293252266 200.4404395663793
339.8398704791349 102.1685186431751
45.79261905734082 347.39426119024733
99.7367297808371 127.5197102751259
161.80241753218442 45.38364319071499
321.83650362156385 121.03233582428952
256.06291548753876 112.98379673669126
210.89708200976642 142.20756036591413
361.5713479421399 125.01387585785437
151.61638321682375 324.41649996842557
2.0694401882248137 361.444147829634
221.31116681741432 38.71695826705888
38.68228198547965 375.0169955493126
374.7670999764229 194.45645978197666
51.96714992823463 226.32427392986804
200.4912565613464 127.16203210152375
43.173488703590614 16.724450442781347
19.863589565185436 112.1078152445254
167.03104503270575 243.623413001424
385.44948032782804 42.34238841451558
349.3985580741912 109.28345820205342
132.00128082766778 222.84792710309765
196.62119798598877 33.465678201989626
43.442368923881205 357.8944927705264
169.46060355074383 251.85158428167657
321.39261298203314 46.54270179673454
372.9767631788684 326.3302738439429
175.56012627650003 51.63937246209392
304.7568681921925 249.87828977073661
203.58959680017884 270.5407784914879
307.40173110826976 197.8998810338326
387.7230616040664 111.18903266821852
87.19610206537318 59.535806213568286
107.8948638249118 265.057858996008
289.4046613464026 76.5897768091865
355.6478268313791 68.8742351904657
161.65136023438643 224.36201223992325
330.52365512555093 159.91354730874724
190.3550950026396 387.8200434653855
10.34583698892706 355.05602812445824
61.21063372276265 318.1776724226248
309.0792979508792 21.683204128600096
173.21904490785752 199.09343487171546
270.7164018387622 258.8835653261937
26.78781673133144 208.34060888711093
394.9046664843077 370.32733507184764
309.9360824503695 329.94148594721844
249.79714018269777 185.56074410180923
222.6565208452876 253.39924059670116
199.87208863343943 374.3610805121038
308.0005116803752 290.8011966571076
161.23406502427295 199.18410163256274
199.46930805870778 249.20814726472383
394.1743232088816 163.62620359660988
247.8092062364724 114.88493928524375
52.533937862299275 140.2144836624926
356.3246477139857 237.56793486503045
131.67885186754168 198.72806388930462
132.33844771931058 247.10602465156776
191.6613071095199 306.64508391283334
53.44435693907039 391.45203883040796
379.40831581127827 336.2002384346843
150.7124751763816 354.12238231489056
233.54281401303655 187.92817999601868
327.02382669974384 90.88301311154963
327.7093267149829 128.45911378010882
57.22603961954431 19.56096626363606
393.04119001073127 40.7231732340454
57.81757549286883 3.5206401826391343
157.67227027847386 397.6109945215091
167.38365237765223 388.48530239192155
350.96151995964135 195.52849359237672
145.0227218803703 284.02449063247906
342.3646209588054 222.17435887407348
172.51781822564948 325.1686909159055
119.65219815074697 283.25970593302543
337.02277185850187 106.25344922138464
158.4401866018139 375.7795058294124
74.54902851923877 348.23554857312905
394.76310088218145 270.8364592642647
270.5542496772828 242.3645409997827
184.6868819957745 356.90835255076456
42.44966520557072 107.23351402837457
19.72355449716825 94.84067181502063
369.85866645232244 102.87379192568994
64.07542324389901 248.73674875726584
91.97470120765257 64.69857781134958
289.50243490406325 382.30857274976773
357.38242372925725 351.7414367153848
105.8715449587817 348.14177170585344
190.22133315176325 147.7760002806337
320.21307583247057 47.71899633221426
27.5869585883878 310.5440146493515
204.37414707668532 2.936663564816966
286.58032762744455 233.45929980082326
211.12534270443598 255.24043908500573
235.4318198369395 265.79597899219567
50.84198819593353 396.39568107247374
271.6414464272384 231.50997031918382
25.64748082934485 335.29945158743556
151.09303850094676 93.48311934979883
315.17127561289124 118.13161166218009
365.61541903135435 29.12033271826493
317.84015738640534 144.53282479444258
132.47941361884403 114.8704256026432
173.88678386095918 60.3882468087805
137.83506918324912 61.38206290173156
31.02523735800262 258.1859964875055
67.10907952899423 197.64694009785003
261.0089383527997 278.8103969044702
58.89806680153362 171.62285761427933
95.05181718593323 284.0203314558094
334.90900247532903 16.469901893548844
218.3593797021626 356.7539976993762
387.0136825963082 125.67380181451209
348.78189836149625 86.79163247295212
243.4997220593831 286.97088769042995
121.86746022668875 112.19870486020218
290.11625803415154 44.12988370048918
314.3584303574755 12.362479043153973
87.52808967102546 87.28633967083144
360.44031635804777 386.32556542526186
205.30770543498852 316.66613478008577
49.81791139789347 300.51079568572175
283.61019723664793 281.1750269279054
243.9587926270839 152.82215972901295
137.19163461600328 262.47203480096846
206.61037482123496 375.4973152770724
332.44728716013304 356.7848932900912
116.96194141659801 286.97789496161647
296.66154901581024 100.86647713816332
118.58897039464749 3.4542051086156267
59.67695898488312 95.13182928274371
254.58246057617436 33.6317396285045
181.70572261521124 96.15591359239369
49.031869987151964 5.6575599228210205
87.0222103324929 382.3528716960928
317.29559341611946 313.0350234510692
301.7910843586916 40.798263279690694
222.25883510935694 316.7462054194706
185.30086904515835 379.79630591650414
41.04404689001853 103.69182145133888
47.38876609647016 340.93483203642467
166.4050535381885 76.94918568864355
260.85786170020475 366.0111774704509
339.3013362539184 241.23928748154785
106.20371525705963 68.35302669582077
393.91468684225725 147.38467310542615
26.98280687848542 64.6987028393272
93.63614479419726 272.4306317751692
327.6709478038824 242.9421374821964
146.3165959554591 137.49254003244263
311.87551842594934 372.6881843421762
9.340139694685146 103.28305711636894
37.28085758706081 309.704898373178
229.84492205277877 133.6633398058971
254.72181470292924 101.9996777456531
