1000 400 200
30 80 0.1 0.05 40 200 0.1 0.05
73.96431754919885 40.005579222715326 24.065433594349653
958.5410085895891 47.3628813520778 25.713573843524976
554.328545063882 184.50339209091436 28.41328596306027
481.6041886861947 16.72190017997588 25.522780297671627
211.29863839541986 252.69965981571443 25.853827757658564
746.6923220500687 301.4160200391187 24.578301474805684
392.44831493125844 31.73623153570602 26.10518900214494
250.92005760413895 292.0419265568343 23.639079070923707
679.9813617495606 17.896836010091157 28.337322126502723
693.1114813965431 146.7694495989042 23.846847874892912
773.0428852946313 248.74440300093173 25.11752076157128
686.9467932614784 187.99783073251712 24.253449029164724
282.1269655637595 67.38962799297154 24.693733020565716
613.0255370217035 321.1275534765352 24.043417946676325
448.44056092899007 327.7143393133841 26.804541060989727
777.1496282034534 21.299283677056113 25.62732055674841
815.8276085342895 66.26940873699377 26.304577270369514
290.4859035967765 181.30379300218044 25.96480175366508
683.4287054995484 275.7238227263861 26.430027610291358
709.8305092311728 165.39446445627948 24.98298424215627
223.37711086159817 44.67454190869384 28.177481021947514
184.88010710953785 69.82648337817454 26.04840119032225
476.1137470878022 276.60201117706146 24.19185650899112
538.007346916647 370.7458936567991 28.001143843405355
849.8168819647038 232.7890358928148 27.650988303121085
656.205389949526 281.4473718035205 25.999791047053467
110.3405004501843 194.8765959883462 25.775548739170773
782.1444525357613 300.6521080444883 26.195787051169546
311.16299598175533 15.92518158147902 25.897606630409392
651.0897933635302 386.71836384108116 27.256443435074974
383.26800157118134 396.6495398883191 28.087875290015397
4.052850056329382 133.7263348472607 24.796223473932297
683.5877320123661 226.91431638545808 23.50362522287744
308.14870092951594 167.0677178490203 23.52537783411982
235.48847516285687 81.38312628899178 27.193682554004447
697.7543374784459 250.15847662212866 24.161652902536442
530.4924417460641 230.92045108053614 23.635683136289842
301.616028265986 350.5723913705724 24.012382805634054
988.614888065975 375.21904790573785 24.819924203826425
500.3311072829986 22.40247354643823 27.367879515356957
683.8234748223286 233.1821407354056 24.004264217408014
946.2906092097463 109.8890089653357 26.059086919052334
966.5516452917013 30.593651783939535 27.100448460716276
726.7586665310158 371.9469029197476 25.438799153045423
689.1463550687023 353.0785985926241 27.003236067811198
134.69034889642518 93.57139493386457 23.721539692238277
941.7021967944004 108.55309693806845 24.513419630936816
577.4460478526331 232.34198711560515 24.74704207320751
410.9077385420472 58.30664239089573 26.042250943275384
68.9080335592539 209.2684085446226 28.36009663559512
606.1563439621245 89.31297473287287 25.210313584201003
55.68481194303443 174.6720959860429 28.37866364283072
474.97842183919937 140.8457394741465 25.19526676237725
485.0139461724574 62.061272106783164 23.565284471592904
120.4387162403815 263.2473544048025 25.15125423874712
664.4336978778459 5.178251070454287 24.746031373587915
999.9853114643319 141.7790609212461 23.86364567712419
646.9527836955612 73.46544456246167 24.71795655577427
738.689601173516 398.6329917923349 27.646024907915212
327.8436436355732 335.7509311620352 27.44106570486011
437.1037855833636 194.9289824032969 28.19623017381495
809.7330787114745 66.38733403737183 28.174429608815235
549.1879394916559 164.11494660722914 27.05340960260278
702.6531794726659 156.52892062291804 25.247749148572442
299.8961111035533 59.65615471451593 26.52149412142054
118.30946533358767 298.59222230342033 26.4784277874522
502.9153457069136 203.00065867905892 26.513589559471505
108.06177881852541 105.85577241112478 25.378325989388177
121.44579153211565 51.061931113954714 27.028309552338644
18.909327100675167 362.0050890054387 24.131540828414956
130.39934989998835 113.12984380088191 27.679140791844745
709.9147459401747 36.36086646533614 26.36187424807954
125.45164627037464 251.2245161935216 27.38206714403297
213.65738152015524 37.431652631176114 28.30253783857797
668.3628584135768 80.20869639678052 26.469748593819762
346.00993644937296 16.947871312707097 24.596936508479384
841.1093430116971 197.98977539949084 27.881832142757922
987.2028187220442 304.05288855883555 25.42325937874316
732.7460536964138 144.13685034804763 27.904074966242284
474.0631964224845 88.98886977878466 25.381656612104628
228.52254327286914 398.22843611709607 27.1519136437421
375.6552849696696 250.31138576972398 27.904944577825237
183.4558813055821 246.99679474442652 25.059286440475955
162.34613669631227 311.03822162412735 25.255376347645434
812.0495698056294 300.3617289670237 27.217670363099778
133.48801731798733 217.57405839270768 25.213731679801345
428.73750112139976 118.01572097494363 27.174568058479903
825.2357026112538 79.89560810725122 27.724902638230624
843.4056514925252 386.3486729608389 28.140570454369467
783.1674375104973 330.22096323837155 25.267704137959132
113.35105881575036 294.95048022771033 24.849521329129477
531.8928469218038 6.863583591884259 23.906665977070194
634.504869491954 6.218084454695116 26.181470783773943
205.12012548785995 225.57586940716936 25.56023759653325
924.7760264539456 162.9869077668942 26.191664084031522
186.01266660970828 356.56045330852805 28.292746711595157
911.9399774658327 278.6197888454082 23.72377202674942
242.25022623839288 294.35957094312397 23.575533603586276
135.45482345318004 211.3855441629445 26.639318971848255
688.0663300617109 21.664910885485344 27.74425415660339
350.6625818218726 18.7595686867021 23.919556226268828
653.5711355075457 277.1129681294092 27.94211232363932
476.6260453570561 164.74630097380367 27.026999924747948
348.68044137868793 10.48453871770132 23.929801894980404
343.8395976415039 230.47333946126028 28.22200510508618
455.61747211152914 34.30199249389685 25.368665378538875
10.587081846729518 239.90513551022238 24.26997425741899
322.77727456435224 265.2559092360236 25.759830478755177
559.0266477159624 12.086408549568928 25.63634363678307
238.15440367676854 117.58273816473807 23.724056216027602
833.2646026707027 311.1167096580679 26.822999494191475
678.8245701105909 307.59959587248215 23.919283838399263
917.7128659992463 176.09464800322883 23.65925080164384
432.3036582317439 16.970184493178266 23.659385452904566
697.7607314463355 35.317333758508966 27.815304241870194
906.0214013488865 323.5690818424005 24.37165914574753
315.955356481893 70.59460280976407 27.483121228387894
744.5561651881047 43.41998834516736 24.924924458949747
2.081878101715118 395.90334094909423 27.47970165841267
194.47230890850818 254.24812820485207 26.69670131562581
678.236238063498 15.780542951050158 26.116759025541022
49.24372763661766 328.59807584581114 24.00834900043297
30.54557994134899 67.60051203581834 28.17829648291022
699.3786873630996 248.86685651681452 26.33202557199137
804.8384657745929 31.716944366597843 26.618030713621998
954.8931254927005 183.37867467837464 26.91309243930521
878.4008272294517 86.64090770751356 24.980564665363183
220.00334988474347 65.92234158199655 27.215707856825663
934.9516922219126 333.9854827453051 25.646697706850958
26.487895536032035 253.87696813203235 24.806767649746043
122.98551140125913 329.60405244727707 27.371656114086665
287.6400725633687 73.80522413824528 27.972390402217
3.382177882405357 11.696261438414846 26.02709532714652
256.0144333979528 148.5879534179822 25.899489047438273
32.28405118663113 60.919888603923944 28.259591791915746
564.0472035822048 5.949366318445204 25.649707474952255
218.15644986161388 177.74376607973284 24.96052151100833
827.7706995125296 282.46917187599524 24.260562865911623
923.0375978578592 303.1719592525969 25.009595371123204
702.7803718532554 366.5373969588187 26.094845703123486
829.4707278689567 294.0783715120686 24.94614009366104
522.7673581366709 193.57014420801946 25.349391871012923
195.59737790798047 15.979305174580505 23.762121371467174
420.58628449273414 161.3102769691274 24.362808619788503
797.3537293638542 125.15517039311833 28.356904086598476
248.15274006970677 135.0772348902861 23.822577140851116
581.5020673894487 238.37677393344902 27.788210568115048
464.4960874401535 244.0450742840913 27.068465497335932
496.0734322327268 60.6122850990348 26.97344597203084
162.94474467498165 330.4081956654854 26.68407967678708
242.2981663496919 56.253650127463395 28.10162550131356
442.48315112528115 22.780393861313406 26.333720065105098
617.7331833160249 173.62154144800536 23.60407634360904
700.4538209578967 101.25635878564196 24.068939552556206
554.4115070511588 300.55134074249435 24.981787665588833
111.52692510282658 160.88468400122315 26.939144913248477
55.66591636114282 144.24510246420175 24.21298384653863
460.6336216525587 338.2499313504264 25.89343275185693
704.91786872641 63.56142980880284 27.464859586945103
686.6509816508883 36.57836373445371 24.46618215500964
760.150074356621 77.52194182010666 25.741415364013193
462.1964706525985 281.1575237391537 25.2656760877339
606.8485320869639 239.80597877640656 24.23238325350032
47.97982158797198 90.53614277259557 27.61152231746323
364.6341831766694 283.89920295557147 27.038069735440562
604.683296992759 110.33684432114774 23.93057810206775
120.2068696193217 154.62276734886217 23.667709592900096
380.0858334349444 194.711583912156 27.469527897268904
780.0715186371459 265.01363978685185 28.0151275220987
394.7784277550399 23.38871197413703 26.121661921154214
136.1602029099178 337.71844525186987 28.16002212842864
778.8740407594859 216.54178053044015 25.411577846586304
948.1303679115886 260.7190836741764 25.315286628946286
39.01186109083032 280.74470332281317 25.009671532025123
746.9107719236213 230.5936396656497 28.014077257427434
705.9792980970932 31.205333264863278 24.242966994402273
530.9589491741017 363.64674015403955 26.41287015564167
896.5928109200055 351.1818185902969 25.474006754124876
482.5384287367559 85.88427880944143 23.570857282212085
859.1263021807578 150.62265916565028 24.588501103216213
495.84898296997113 395.4754381717459 28.17851607768928
21.469857300867922 373.02364045938583 28.17791021438886
448.6468860964027 323.30421570698735 25.360148985757192
59.13068900512275 91.40323697234814 24.947186741535102
327.5551355256333 64.4796699636935 25.512154434016594
101.81496586225414 269.05275642642573 27.901968877998357
144.93451270353285 351.0149760696032 26.290633742054514
130.19453700657513 394.9599757498257 24.564423556301342
969.1921625374092 186.81404947238383 25.692923788967192
527.9797639582024 212.92509962622393 23.78287041783958
784.8493103622874 342.8887349991552 27.036392516277587
469.87726108451375 241.52653861318024 28.1968633660978
554.5451281328106 354.38317459070976 24.607373354559698
586.5743449682063 342.1421796814868 25.515489698435037
70.27726361295461 81.27158132519617 25.9008029361641
68.59915290857477 265.8290931081058 25.9906080009198
550.2930014696522 370.03676326047525 26.998741793024905
888.6701743177659 47.403235087012696 27.70626359161828
602.7519916371907 331.4946114394936 27.52962323736897
145.76105595758693 285.6796247961154 25.057678148141292
30.423579868021335 46.22030837252695
66.42401265866323 37.69221548963855
240.42440152166594 73.15554196551889
173.58514655718906 308.5210204050393
192.37027133233528 128.21619990734976
195.77345594816845 273.4951391440749
365.3461605052675 176.10232712757323
181.9753894386126 317.08931255688617
112.07823185954582 318.8163754974417
269.35108609731293 27.75799576515783
206.19889192729028 132.06061415824126
57.48935036636884 262.5145546886062
20.594336531575273 236.5898696433839
138.31188203661662 16.588830103036134
239.97197510272542 165.17611473539904
231.83416297043217 301.202874821984
208.05027463516672 298.73245091587046
31.506170801295987 251.64481904319337
219.53975043109915 70.53436470071661
128.87174755803153 219.46183056884166
89.34900914405218 175.36689771185948
65.80099805277074 246.7335621016766
166.21562481773285 370.8169996960828
253.5656600656704 77.02800259145239
5.227181374048584 220.82086862552427
201.54320831432364 326.782631285137
373.463391045722 206.96682052500606
14.35089510243932 22.49398386461938
135.25594062466433 220.94476845769807
244.7265705657621 203.23968187412459
48.328238677043124 351.9241006716906
130.48898841522492 294.69736208591206
199.34282316206318 295.5321971520207
397.4254770669091 279.9658146083871
317.15008456292577 236.4967687145384
175.97099805464958 124.13401392883787
124.29707989069824 94.9053975826415
158.05779841404868 53.68453553609842
222.1215247081961 376.42677799586016
311.53081388047315 348.4583949121762
352.02092507661916 129.7282507386682
273.0393303119536 73.04894142088911
35.25308027321326 89.7153529089588
356.33134190273654 256.1332061651296
165.88937071043358 373.10934449880864
141.39229883656358 20.389515711625037
316.3081497266979 93.26948674924674
250.8859981962178 72.29099371153254
111.88096688108206 174.057530430944
373.8705116627857 380.20512422578634
41.27018198076513 67.93221061732062
62.77813339028637 200.8701241376504
291.02199055888633 21.35256931588696
308.1636130917884 58.45962833394749
27.90456894819662 180.9591841543587
186.74073008452564 37.087701207505
399.7066922415566 196.89326492890225
381.74289624181034 16.746767381087935
384.9778051358177 55.00405905242265
90.65897333058533 64.3119358356011
294.4559908697738 257.5856778375456
163.911264347306 285.38553441713873
11.696320326816245 372.6751333374734
59.05818852247759 249.3963521868243
357.67707447418843 184.83386941334697
148.6197557874307 219.5089085689832
273.9275776693519 5.725815913025789
85.63964848811358 250.538440661047
240.98658008251417 140.69565158683787
309.61323372938233 362.20808766004666
283.7658998487047 57.94132697505114
166.42666961848965 251.72526272173653
262.65971200089444 269.76593261436165
119.46756262040488 378.7949979829588
109.00544578707509 310.78424021278784
345.0836150563763 137.82841865054087
235.767790204054 85.85007180129102
34.08102440581402 26.245406625589716
339.08305982848816 60.86130134676564
161.97024564254542 24.410927890629928
203.56684722861695 282.4897351024283
144.1822222010439 221.88520761991862
134.0532042564254 238.27400076871768
58.49386080768615 56.30858505261238
58.699672916905364 306.40387614070016
195.41714978927 175.38241295006162
383.1576881609405 194.91551066838792
188.32190554639254 289.0481534911744
322.7737972556134 332.90718853354326
78.57785050630875 248.10723193428586
299.55261509937105 251.7763243409926
187.01728002534819 367.165028071602
62.878040134552336 382.36860340414506
391.5351620901829 303.92289220685774
277.75506885230715 394.3212229615048
351.6591799539354 13.482767777353022
21.599918594303126 216.77236572156656
374.4380634442516 215.46957091339257
340.37197462009016 5.000083353223195
382.01160592173073 243.41710891621355
337.106644696099 155.44410539460256
219.742164594779 90.0040327211396
0.6737652300953467 21.95485699380142
334.802343009023 118.36679699132877
329.8520373653297 249.00447550642602
58.62972168138887 278.85737007996084
267.5752151942655 212.9854453826887
142.67476643177108 352.25391653998474
332.4719055082877 150.61281235789025
25.38385237172962 134.57348703892072
219.5859678790217 353.83682287478473
149.37497948414355 385.27610767037805
39.43044927096668 123.56333904258835
301.2792232702053 179.79067139029695
274.29344943279517 199.86993838916177
12.736803452832257 38.93316680508385
352.98009666861617 124.29643576688423
139.55200690161774 51.92890538662645
379.9402745205628 40.17893485229003
227.02717643023013 166.39062003701994
201.99735523741742 399.88740029035165
173.01125765005435 287.74525682236464
255.6590967908337 123.21711347649016
216.2142810251035 12.242644417094661
310.25708103582497 339.07526044285413
5.854537016420469 111.82001562693289
106.9270419070237 142.994238357461
249.72116353387585 295.7369583618904
390.70780723181315 15.894184283224266
391.25006572493845 293.0359267014291
342.8024346698558 74.90761147183962
132.22712582813296 331.52410716452084
342.3104779791618 164.96983229882142
196.2479797222708 233.11314540275743
121.50623522431876 150.26939136911906
119.07945284590618 1.993648567953521
126.00318511553618 27.54332536091284
55.5832328402591 151.2623051504709
250.91069024179995 258.59280319583513
8.87808774812342 295.2597567711373
296.3544053773383 207.285223499106
315.9325354113058 129.01828481706397
70.4977422209097 366.69951963125146
64.79549874293396 222.85877068885137
65.46714790945578 174.9620312574671
172.18795207365983 279.317139882815
41.349628291807235 43.71091699686662
316.19457911717944 31.2211124484155
275.6966677171924 161.0177588060051
197.30956891725953 3.878650905464376
270.73422060824277 80.98557254570831
92.10677977423387 320.980152608127
357.7440743722366 75.13304562945997
167.31977870158786 2.9571112381370224
97.84761421793111 96.06560288560932
138.13311018145976 388.1804749026539
50.68847671879158 191.82426569848045
183.001650920606 1.5227032376675886
367.2764101873435 109.69421252266271
168.33054379274697 1.4480365339789802
360.5200554765985 41.14520737186611
389.86391458459366 55.936111718826
116.74222669362324 184.96709718253425
3.6461747668543154 129.18481688404023
333.73664786256546 43.55380355937086
297.9350651974474 205.1787328372987
305.6909722864459 317.68013348070684
148.46185576211485 230.85026291303086
322.56631063353984 128.0063593623631
2.9489896888132083 130.7010884139048
111.28930972440271 66.93581780516892
156.81159508288457 226.39225822995454
118.37831156148462 72.3418927927554
110.48482045516525 188.95189030963672
218.39083564803013 315.07099625121316
39.83432076877329 157.88993304009728
29.845167735441038 5.0189016770470385
64.62328411922095 80.65028439773401
30.03456244637284 45.96845277998693
66.02451341945547 257.47093764788156
282.4181121561975 7.267282614486614
282.6821935769261 320.8637336435419
225.0380100222506 330.8147037253646
5.843175275184276 235.56560102789382
215.67853251224028 254.71772403689332
397.5935486169622 173.95409069998811
189.24764580495946 210.3666164847316
172.25168800975433 303.56048687395725
55.12793347614347 37.57115916822986
9.484723808770124 217.45430462826891
347.00893601209475 62.78932866823688
308.7309522502318 144.91392659134982
134.9788144181297 98.37074696284498
48.02625364752684 198.93833301320294
319.41872564760035 146.127927589794
76.34844770693073 148.79590753158917
148.5090824213011 26.438898275136857
147.10875027648248 149.9466593793607
335.92228474353806 104.4754528011234
191.43560990818744 120.31488103372281
