1000 400 200
30 80 0.1 0.05 40 200 0.1 0.05
569.3463858531095 80.35959428714037 25.634641798878484
7.795898447362948 53.55622687401236 24.961417509864315
935.8423860547794 80.80313492459447 26.320881569008698
896.3062777036088 128.90679780183228 25.09749582336071
444.5455163278386 212.1407149018848 27.218244156776112
595.4394955285118 261.2410308354268 28.114634421244883
66.97539598004398 147.6099651839497 28.302787836498318
118.09559391828084 349.9624785808839 26.553156063214487
581.2263681764631 31.349479005310023 27.836567562406252
215.50872174908253 222.83107430674193 25.288233698377944
875.5485473568828 84.11569044110428 27.431905274334643
635.4021058995119 111.21494502916977 26.019638073147323
970.4236350935681 361.81659787087847 24.54175354794552
581.3017131575791 297.97115978171524 27.936338554832872
580.6806016493554 234.21849278849857 27.436083579659087
817.0152407332827 249.07812891954163 26.32148720194136
745.8353355731354 27.648651326458396 25.010169966317278
265.37726609941404 170.50213813812687 24.744562198259576
760.2409733081112 303.61878819882475 27.422241184831364
253.09956500337506 250.69146613247534 25.184060593999497
929.5315315773973 203.5476145715089 27.87698719293605
590.8620219283949 206.94136300377176 23.823805987855945
707.8296757769031 125.43138357032615 26.64398412919602
458.4226684108477 319.8056630852339 27.86575042817373
469.7474063450301 127.41425935060104 24.146731334493943
19.18051223094741 1.633507990225258 25.858538025013594
527.6885276169352 260.5118237129847 28.18356606566395
919.8297407704 9.825850085931975 28.219892725658795
300.58917551556607 171.75613913257882 23.785499650509433
362.9125851678636 107.9246882438142 26.657274936313726
604.109727234155 212.02551968328564 27.10162756867784
469.5021230347077 142.31039143225402 26.499806384109206
490.3944924107927 220.81192198751017 23.988212562986238
794.0851220778325 101.97856678621395 25.839123846414566
590.697085778161 2.9294297397741254 25.605219202008904
404.0129348198769 145.23941613872927 28.24091675143805
476.15315936229905 188.1943373671993 28.47072848144237
103.55546401450188 310.61870849162204 28.39512298044501
667.3742580141308 371.67601005373854 27.750437345900718
551.4197080899536 398.8825530352075 23.7931757695772
905.8087296805633 135.244508302616 25.461837468839487
996.2464896074227 156.84710869210997 27.586752451645
509.32308133947714 285.59040332692274 24.1305679585391
614.6109249385797 268.11122217660676 27.534997315384235
728.424550335733 213.1812526168431 25.864098380195905
379.8441528612646 336.45445010824017 26.08637113313626
202.0747859153791 253.01192796937312 27.90395705191617
588.8491852815491 28.516101998373156 24.47668594069117
884.113066384057 352.51944764766347 27.315178257869682
621.1702738531629 136.4030999381327 27.425465196909062
220.76525814502958 34.43203212395534 27.387896073965855
864.931099954206 59.70657240137598 24.856843284198497
251.28983744123988 261.1221560703666 24.61279812809224
604.7947333190997 340.42986376061697 26.696480700288852
569.1049904318792 209.50107824110628 27.285629109150367
786.6096826403536 282.6837927799823 24.449496221588653
408.2294857253711 267.6419831947837 27.166584571213644
132.55283300533515 339.5806279449651 28.05264108759918
244.90343158320195 250.91727019621464 25.423160861785835
931.902367907047 59.195567308197724 24.63269569419189
259.06328196704055 59.99756598102075 24.809073172415502
750.4852685861706 75.15515485961019 26.86753763978787
364.02620909043037 87.85146248417277 24.650865076444745
232.63399606284807 49.49600527601796 26.821097106219927
661.2730316610268 218.92189027111547 24.435801122305026
481.3193695717675 88.8055081842512 26.452409685602518
533.4530059864254 10.702292562897942 25.31196081314107
235.040519700351 40.94912850957599 25.635535963722464
872.3999075442814 234.50959203409712 26.55087881514786
175.96245126316833 239.2975003001681 27.98391765422581
416.64304069658243 375.61675492675136 27.395747921399423
336.4861294525674 113.43091879125686 24.171875714551863
908.1006298869041 19.08121218355312 27.86961649586209
276.5787344563373 367.7100256532464 27.768842166548044
880.7038202422011 311.35182803925017 28.17805921414621
709.3226265826004 298.5001172195464 27.9394075271045
771.8475500251789 192.57288113824154 23.673736182458168
706.6741041479065 352.6127572786471 28.164526463253683
654.8979050824125 312.6934423910705 25.80471169542236
842.6469160716296 117.82346670145785 26.46584271740076
978.4836253392191 17.05044254355581 26.62738763625055
370.2132752842808 194.02842046387244 27.385013454810988
63.81237423696051 23.789903911288768 26.895805608867484
196.18862302874297 52.35701172957627 28.211445703734974
849.50676368715 394.837925201211 27.243636144919037
352.14630118046233 199.7514793895841 24.052707708401833
126.05296563991175 71.39702728207777 26.83954220286827
367.7865078313928 97.30050510071817 25.299112386455597
707.3724247981747 20.140656117645594 25.141284049670627
366.8228630866572 219.86042455285624 24.704030468880426
130.6160305436903 302.17346460807954 25.003801502618444
426.88928829514816 98.8575391722367 24.650207654576388
339.2675032054314 386.93397438055183 24.650833843857285
298.62377512728233 385.0269679664064 26.524914091083062
718.1286591140619 209.80484292048794 23.6220419017489
661.2423590637934 147.34988651810664 26.417732138545396
937.7222031523359 306.27921688909134 28.21609434763355
820.741579530524 351.49055140040446 28.37811869710169
502.9377596872089 306.87623861973384 23.607151056422744
922.3990687879713 117.24992657972196 24.12889854359258
156.09111713178604 74.11924782463188 26.3943789565607
63.3926846493208 40.33263512537908 25.68923356332093
374.56708247716983 103.05299032388629 28.012703335203934
37.921573458785 298.21074384760783 23.688453044447684
941.3484716942935 255.99632395759295 24.083439491452772
131.84601254265993 280.9505202698986 23.981861875629114
813.3505523892401 395.2705751063512 24.29564238499806
384.1125596389264 352.1891695135097 25.352086166058736
424.8066095747022 218.02586718867298 23.897223126400323
947.5040124618579 228.39634389239478 26.794865985651395
845.0894739079612 357.27485338550196 24.93773451747858
682.8463077646556 360.2725653068937 23.956036590957552
363.2811019272177 233.85016999384302 24.375237414124786
401.8736201616482 321.512335061895 26.37568859047545
643.369940467305 234.994561861201 27.355203450114036
399.54349741008343 288.83580743853645 28.084497069351166
428.8896387634603 235.18696950286864 27.941751664995046
173.61670448396683 83.55911810096343 24.923642407016732
265.71606004874184 310.86871645549115 28.366780461838438
776.5610487825779 8.170606967768501 28.470690246848452
45.08574481390004 48.97796393508433 26.23126073436875
762.9702520271884 39.299527444902 25.255698452078132
581.0435635250619 194.3920060024519 25.799974473640887
537.2449407606575 237.74479783327558 24.760490786727722
459.69339545598365 277.03360051093557 23.565579350602825
345.67921656605216 32.26581293520145 27.584682343846964
110.91742460774212 227.78201578014892 25.09368334284508
640.6202560864954 270.76504784010154 27.81922671166235
332.6210973868481 224.4604942908751 28.005633394039748
940.1853851989972 273.2041111783093 23.635923191637755
265.9063795703049 64.81277681137354 27.00234298555703
155.1693345352153 246.73185005910642 27.032802192219314
296.59971811414255 271.0488301550227 23.507457839647348
117.16816891149185 135.4551775491958 25.583281622929782
310.86585674446934 287.49960873297493 23.72262693328619
352.3756116827923 94.1914549137182 23.543539658730644
723.7011131132285 5.187666539348301 26.28710819445523
59.63391784500871 235.2966052980954 25.25911514138433
339.27044924767256 69.46099970412014 24.948282797933093
496.6873054696187 56.90489144663297 26.06914937945434
298.55943134423467 302.7665333730172 23.543135297875363
204.60281203371022 95.03677844702185 23.785124786906675
576.7556182383424 176.42377408717843 27.512007919942423
528.2811380728516 145.17001976447727 25.879990590593184
961.1307494942538 133.91250322854552 28.197970727573324
964.0430402383275 283.91683699346305 28.18215684615194
467.8178098658925 13.478591814323382 27.395343131919276
898.4839222270336 320.04797595839204 26.65529740781263
337.490644505921 18.302477559732424 24.30101446420187
133.0542204315529 366.6424683745304 24.646916601400143
227.1607741429521 385.33318719263303 25.978377242540294
224.93512045914443 121.76113710923721 28.303299208434854
926.5838501039051 125.1810849665945 24.18641171481551
547.403302274131 261.63280733922267 28.032187360408265
858.4654657641581 129.95167287708807 28.46062959853541
184.55109659697365 194.5453287472351 26.41317446191391
54.00352760076377 27.105097273139435 25.397451281107454
350.3677464609338 320.83962204790646 23.634524911723293
58.39939926635007 17.60859224756257 26.4127970775584
157.0777576596296 338.7546706868815 25.808533217558637
940.7922686366516 266.8260669466915 27.77721306320776
870.4423745942308 190.2552740876601 25.679536184151903
932.4709888457216 76.52728526720529 28.416121732921653
570.4949703284093 137.03285187098479 27.69263289125295
165.9208303348657 384.61346342667537 23.981538181229507
596.8177921466598 294.9938860549928 26.899729797958596
51.872842432612146 12.912490033774837 27.711955456396296
681.762948479883 54.88063480241499 25.11478881567468
325.514616102219 278.71103759416843 24.995589688885605
68.64022764971789 215.09549859748222 25.323560652594253
76.74764406459278 237.32800158566062 23.718670906264656
652.3768973746924 6.964686134987064 25.945448509489502
810.0621771790219 134.51006298713946 26.029216883473456
666.9132451478868 77.9688102857603 27.83667295273772
961.3488683156603 391.01052456270565 25.176382984733397
247.92327966876505 309.02855644503035 26.22415759975972
332.7535971760367 258.4134821315916 27.429033348959784
314.5047398794637 390.6536293094108 25.2374801544776
640.3577795625856 384.8518745088767 26.55202223472294
304.3070820881625 301.28236591964816 24.640152594609194
147.7615160795892 390.2557384668989 24.976562292341338
950.0727036763371 69.84985490817768 25.389099958082227
73.15742585581353 220.4218780603927 26.178115552485174
260.54673396576055 332.66319565320913 26.019572516623818
796.6906223172219 43.533656392191844 24.14199878090144
345.8261091576116 199.9252969960038 24.668300348990016
594.1530460653154 56.545256630820575 24.40820397429013
559.0091180637337 36.37393248669487 28.026290826280203
714.5862379312246 335.59436448689786 23.532083583149575
386.88791853712155 258.8804233679258 28.22948949739563
682.2676469832174 316.5863249560878 27.850146420849878
558.6840875082457 305.62399334588446 25.835126842052325
113.80650520053648 20.316910160155153 23.908279545283634
321.62916064422 199.51378392668119 26.637921165910726
521.5304758070292 300.73588838800293 26.485627909161188
795.5747191373292 94.51065288984152 24.30670103117149
244.72651745025155 23.714756730571462 25.757884849144244
727.6946292453576 257.7971501875391 25.181164227876337
77.21508542893896 374.23537053168405 24.20001183662342
956.5053884469477 122.49589747063973 26.182460490040636
162.66276984943735 108.27707233199271
158.07319014931363 7.016850543146713
282.73549416738 331.3218807866343
343.30920913831176 146.61397551259347
114.49968979506151 323.45080555933265
151.94872488476122 362.1124459545895
380.2095984227334 354.757322019815
340.7623058188387 92.06758464724257
141.75224007479991 0.35809556816257526
30.739104837990403 338.6550086676084
223.9882818418157 218.6499464069859
336.7388919844867 365.344548374299
390.70852158942347 150.5082315414966
106.35772994831152 248.92026173129912
352.905941124435 239.14614213736547
219.77730986554144 52.948502111837215
136.3284367056081 233.24452609692213
205.88356430009833 258.93691979559617
195.04332210025993 311.3529239714864
245.95591322661843 73.0674761818765
330.0101675822382 353.45282257672744
164.74389447653084 320.527521362125
156.42413703257847 285.9648829722774
349.7638526961076 246.10347842997476
160.85767291815839 239.37255136458958
93.16370174783187 258.84230568344503
98.99401829512885 183.02495338857057
216.51963735086582 290.22644419458265
207.01161438961515 339.5728107583211
217.44410592836783 379.448873963267
34.44409824577943 31.881458064430568
367.900106969286 356.01510626916746
53.606274547357245 78.15600306247288
197.63242963406796 259.0399706887571
160.44188808067813 26.40394292153441
212.14217667462657 14.247344950694751
353.91498771023066 7.25149845005868
323.14634375476373 283.82190123009207
265.83184384031415 184.52030063101606
310.480068847999 310.9023294186661
210.2464936333926 295.8618423560371
287.9146637345289 199.646168897653
231.36816420112578 1.1376850813085149
211.38023608058796 3.4372042533969083
51.15479807285723 94.12399981344306
146.59717700835154 237.94670752110753
252.54231849268876 283.50971377816546
104.13675262938091 392.40061743657003
281.52500068844546 12.04813759364245
153.44613377309497 81.54536724657477
311.06784063342354 258.11246872409146
243.389506295966 62.445643967191124
82.09761182197433 51.796458423228486
285.37180230270553 234.38796107078014
121.58474735394024 338.0917660912727
196.12778043804474 146.80467263711355
34.99382753345621 232.56454939601366
350.77462263795917 59.27356259094889
80.14629819512615 240.34420821546968
62.74161465763122 29.288729632988986
351.8042874123739 47.127803556119915
85.70652973394269 47.639419113759196
241.05042286754 241.2945925330926
323.6835904999961 297.8735889518585
180.8038352107511 189.11533802760167
338.92375041768037 385.4640543730454
48.57837550690913 260.43202111568195
263.3034456084891 263.93547410301767
369.854666744169 90.0739885282297
147.39384491466035 379.35102930770086
50.203099364602636 360.6673360879644
222.418016637918 261.1985133287408
161.5606265062587 105.38482450449673
203.81923471179445 206.85580699948449
117.82991213182439 354.57437061508574
231.17908424485546 238.45672003394193
397.2347781626175 88.09471406152416
117.73991300976157 155.11842566052798
3.6317659585170414 305.57745299056006
73.80149230756649 260.13283053059644
306.2430848754826 189.72541570748547
171.7776778799303 211.86417841097148
157.04188608081577 213.1476982140198
336.71420112066073 228.73657111143996
257.28654814252917 227.12269330367184
374.5845754381148 172.8350365190788
29.46601529595356 71.07061101704191
91.6966437369318 243.28485047154192
148.18425665116806 54.408041508407344
112.05781864455462 129.71425624307287
393.27697581125676 387.8474661807923
165.56292897243065 307.7463332632136
10.72000675609388 279.0953482327017
198.38390778538968 102.60657514126201
301.65386213286763 158.2930050049256
247.95645992279384 203.57298319004693
307.11483581286706 361.4351976249067
28.4743046717578 81.13666150711735
215.82860930338774 175.39185118660555
188.81728202899208 40.3809390383437
294.68802566715146 36.04910135924327
233.35521077808298 238.22813636913605
126.30208624130535 71.47628927720997
337.0849411370097 98.84339847846823
135.26913508934487 94.91639452802039
140.07396526845483 380.62584661331204
394.5925985623161 377.7878000348911
272.19903743963255 279.85784025182755
125.92346050191563 270.7760690112535
237.68452670593362 200.22373549013955
342.0790311016701 191.4848915324255
179.96024680415888 374.05021487252736
127.55351061127254 60.0061763153728
350.8745812157696 390.260896676771
112.50119563280646 339.1596829234011
24.314123524198017 65.67847916289371
367.93891515310645 24.043314153540464
322.79670811481776 390.44833398995695
234.6799746095072 25.92586615291146
166.62030996799024 84.9981554158553
95.7773563432641 8.404575439529705
108.66616663976293 225.08881920529453
212.01966251406054 259.1403624448894
383.96953570675436 23.152186195247857
262.2889283419305 18.37459615720367
281.68784505502714 398.25243862375316
365.3549615282136 235.82131375341046
338.1110226548008 23.64776854726869
106.94652822434195 390.4201195205666
52.874712255557775 310.07034303052524
55.70536987564725 182.82486608101448
246.55270562700576 64.48261446784396
23.894674825108986 398.3945906969047
6.320399572103774 158.2090979720763
313.4991066283696 238.84319709674426
207.39683418143633 244.9830561584681
385.61932616681725 133.59532169751017
51.48846449066564 188.5882473441057
200.82940371295805 267.2864267511162
329.47340389574174 391.41666047223157
100.43118422718477 197.73565428177088
394.0806212670205 59.403508077916946
333.30543705903455 389.1107053684137
319.33394420208106 195.4416608140027
380.32494152638594 247.8946753802799
227.04670770496102 382.51813441210436
288.0605756340588 124.65517453792944
76.66815563268621 399.4558917581062
95.77703875509123 332.50701719087687
143.29863433613014 206.28499768704108
324.48024116845045 133.55015190896205
149.7059206205986 42.907561469553855
394.0443849446015 257.4551206195729
371.69102864567776 303.8617383549073
344.21208413721394 241.75918454724297
202.16710620187192 83.6304905677581
357.5265706566061 321.3265866074693
237.83092488975046 231.08165833226718
317.02086714974257 344.8173010959743
143.32183475562368 208.26623894551778
378.75401079278186 58.899050640036066
351.27907207812405 17.94273124955805
99.05054375702069 76.3281282607799
272.7234354922041 145.83564487407926
28.56461604710523 131.91511259265974
320.705362659835 257.7773122977656
270.05609370113814 30.782246565232498
91.17692269910131 98.52233201751321
94.03140873946758 206.20978403091743
98.56082633513456 58.165005692919316
116.16758771517675 229.75936446952554
329.50522239554954 203.73050901164925
162.7036552313767 154.2529821392543
356.828748156033 17.651143308695126
184.74895051118057 20.576772225686746
46.67575200664737 241.47984074822713
29.72389787977905 22.169571139539457
195.41738812131322 292.3335142919268
137.91396360961286 96.4465800560963
348.8498876323371 101.19959979044997
104.38356303791485 300.29943566969604
184.75679288293983 316.3796889427197
331.26202135149555 227.20423481126107
380.91779537206736 21.984802554791383
92.67945951389885 136.36007804318115
44.16222743369045 40.537531970484864
44.396071478039985 389.67087631802104
142.08105101189642 120.37674432126653
132.4338112133841 30.274292404854997
357.5266667289876 252.70140039943126
189.785310243378 286.7118934636876
377.04565864530883 19.730438031459485
257.54023076420117 49.725357040066065
227.9049674999573 44.596463282525804
26.53509026729246 344.0543812982055
294.3879312775224 295.2314871655742
167.8981675807372 305.5022352676138
72.55200821884844 388.643718963729
305.626566390072 173.9257906544975
363.6556741113203 348.62485891478167
