1000 400 200
30 80 0.1 0.05 40 200 0.1 0.05
12.296781027821503 320.4320122513239 24.695028330585433
794.0633609622637 194.03007276024903 27.539718215295416
499.3252018721219 150.35993896803222 27.576835215733656
798.3954136544579 212.19543750189112 25.000172492925508
239.20589537153126 286.36372784561144 24.276254484334284
204.07872354524193 186.49457935720736 25.434743600302596
806.3387722486244 341.0358445795835 26.26738686730081
285.89493011252443 299.47751015365935 26.515339508222002
477.39560010379046 120.37521803187823 27.830658111627102
40.41390771974018 258.6042976818082 23.559735075244657
872.3112065622765 158.72616660890398 26.44955575308414
773.5620373557103 175.8784724606906 25.60946347232153
581.4781640224536 184.0918205511897 25.5261555108455
697.0279720207761 6.111444914561837 23.873130959860816
907.7429446172719 399.2630797979472 28.172498674802313
546.8949367441764 15.847359167191533 24.514539210805346
234.46505145485364 383.7371512384517 25.270477896218885
410.8037971532349 283.87337881617026 24.098635715679098
359.5487686720149 159.75534401761183 24.977739622592512
875.9815061265906 381.3732172744993 24.872161694829273
567.2146078711579 326.4852386157442 26.505477651350393
189.02430906192023 320.5425991063128 23.650125842288816
948.4480783733993 121.67098905592728 26.90450359388767
420.69837269786893 189.01455987565274 27.21346551282437
28.521819553483763 260.99583998174757 27.101642730993305
148.37155347322218 316.63125318169546 24.46641912171484
663.5858949129623 241.70543224986235 27.84670846974784
70.06133614129672 282.58707222688184 23.932530344514763
272.7869242834433 357.24759365387035 28.112800566385324
334.38803436811446 215.14674215059208 25.623553272171918
169.30970835869297 1.057621441368095 24.875599611719334
468.74889593154114 332.15185892321813 24.64287087381984
231.61453261306775 56.174431822885126 23.851184518303032
294.44058722267175 106.26095180136824 26.69085075785118
650.31730977205 357.87726220970416 24.45157908877942
484.7963141421322 220.96172390600864 26.63963672359405
528.8585161955369 332.5011709352147 27.9119830660756
725.0797188036188 337.2411249724549 27.61443102148526
786.428709373743 279.28703608699465 25.72710477892984
217.184864372581 160.5390196200401 26.241905660755947
985.5420637156228 164.5650672765763 24.4141879635847
406.2878600248715 246.13588792529683 27.447965439917137
307.02549971428783 398.52426004890464 24.38960253963526
830.5269962773989 90.07390843416054 24.05996239923855
141.74656404158148 292.8003552530594 27.830999778061646
370.46219135619117 322.4759921026793 25.50534885787103
427.73867605421646 349.3869452082207 26.70915607175369
536.2749760893611 69.84765245554581 23.721710902972394
496.9766350646474 73.95384102614995 24.35824873014411
833.0790485272271 320.5143068757204 26.48359856417783
418.2565479984062 274.31002407243784 27.64030872296253
415.8570586976419 169.40119701811747 24.30037783588856
538.6732697235587 100.98990129176748 27.813230822023407
834.838472672969 210.29594233416026 25.796673850314647
590.1620809006038 84.03805279213942 23.980634504353205
500.8718085993068 379.684820528681 26.612422238696944
590.460438052 259.0341248882839 23.56905587003451
811.6889952013948 249.1144056868794 27.77203787635942
127.49890375616324 266.0012317063815 23.7107992873558
588.9478153900568 344.4403347170595 27.70007364461103
67.37514363737584 25.595272612059496 25.011049288249914
419.4844670482976 90.67567134982886 27.491673440004142
410.3040637801384 195.14245797045882 25.731662764931496
681.1022675599485 9.58297239841186 26.177178348807683
874.7446345645947 298.6959393274701 28.451944716145398
894.1261479784276 321.5576083603625 26.907890962210093
802.6343055950109 395.0834042583525 25.27353354990453
677.4091612293172 30.365593289148364 23.70004395242523
430.5387326569745 249.43288879104855 24.36154954818789
25.894870835670215 324.3176573935747 27.431651281038807
291.6525460320043 29.158636650408987 24.281015483870277
62.51354158218625 154.62364309908452 24.626726447102552
127.93917654832198 245.8787876289891 25.154261894391713
468.2797093240667 313.8675496117708 24.47726276577119
873.1292790463963 69.98702292794073 28.073951012110758
751.0054270879851 16.414719677363898 26.948714283902618
985.5319357616722 383.12743629066324 27.63426063562279
586.9612060160723 378.4992571783333 24.452187894047537
181.25351504384813 102.89059395380171 24.550789115290787
44.893461653509604 227.8824430413987 27.818221363767922
756.9426743334361 379.6754696571803 26.52338800782148
383.70833829388704 179.21213073978885 26.40433433091537
556.9363461630061 162.6115208170368 25.135273997368493
781.3947418830911 348.18982476670703 26.45230830312468
889.8994020661405 163.22400212511513 24.290688061702305
202.80087647914846 20.75669859701108 23.981582515740353
538.8299712650369 384.41852520456666 27.570673440173593
218.98385445982248 236.8828440889379 25.871808742394176
436.62057937546064 169.37433401126862 26.765259614278854
944.1890889205288 105.07634056441914 23.51943941925885
645.0731058169107 169.83459373356675 24.537833656799627
23.1210664048811 65.06094000472338 27.828547112156613
323.09085246442805 214.5824153789223 23.74552811619119
367.95574596755256 312.5935357780732 25.952587330636675
291.3137486031254 223.85865848121597 23.91416880396202
870.3056614337438 261.24624378799257 27.38858855195391
284.2008299594686 180.1275600113404 24.018236384716776
778.7454061209796 229.05317228291665 23.844730907809684
761.8486582780411 14.694351558297125 26.30026447151268
690.077307539799 309.85949413025986 24.972274895326997
264.8911102200754 256.74127252408334 24.869398204431953
926.6791128891582 345.4009189410159 25.148529313153944
315.75837979401024 338.63966117804523 28.21909284767139
409.3148375011273 198.7258080999221 24.203551408494537
174.35535218165998 349.9328895837088 27.307155995118723
352.8727358162707 5.440230842513127 27.34353089999727
768.7054357674073 141.93190496006656 25.139909566756657
251.65834245757935 28.049398859388752 23.69160456821856
561.020406042247 233.939261065796 24.822927160641576
643.0297970143257 160.77741446678786 24.354912915209777
243.60235925326523 157.98314948107026 27.194720882681786
177.1072276589677 246.81167196145572 24.85708163553388
50.43652750318728 167.61633789338535 25.592420515708383
131.68078651838854 114.82950770984974 24.129459694447576
229.64577100346162 62.581673790761585 27.13978155625435
922.8228456622544 373.5631537257205 26.12317681087817
256.3740335525713 348.4811591176494 25.562048826248475
522.4921909111633 397.4356173697867 26.937597821692872
629.2509973508759 331.2758053920318 24.76790303493709
325.8919047430119 287.094816228013 26.2186214578086
337.3371011465406 381.5033772987043 27.878958452281445
656.6709916261835 308.8777954466856 28.381435719757036
106.21149640401306 2.29715201630718 24.599422163509967
172.2823982996634 38.49049501126727 25.98512752250853
426.3697195169374 77.1360568903447 27.604343616210805
271.84076016797843 106.88324092254913 26.71864437565648
775.9460174511934 305.0206014634472 24.27050212246354
723.4509802537284 39.577328475428075 23.946089102523963
811.4422775509936 368.4661085746541 24.59990646410874
47.86796381592018 282.44529943807026 26.460640126766386
99.98555578480783 8.099507902189673 24.597004556064476
323.03700358926733 223.80705558948986 25.976355251757575
986.8718518021661 350.2553475681095 26.896270728721028
533.9681656308221 280.0661312557851 24.27092212493553
761.8914398376128 173.05462297687845 23.820496397759
80.8051853344387 354.11640495817915 23.714645314513604
533.143110456771 193.0338871578729 26.739852789829442
693.0236919339234 365.28989236045845 23.975542058142214
310.5844800107278 168.23645926679077 28.040021751252194
569.4753015083409 68.33062916203217 24.88068509273117
213.16090708005987 373.297917327803 26.871135311455877
784.3953650454552 327.16060856281086 25.00257360775341
459.60470269812015 104.72095494484486 27.29909041116087
752.3037180580026 106.18968497044933 26.398401692757083
697.3794197443792 86.25497498427626 25.41248949777448
135.6132792275484 125.50454787432943 27.79107519477654
127.11007514136973 99.83912736636427 27.2319063332837
985.2586736515709 253.0923835212542 28.184520116557398
948.417243590493 270.45003727139544 24.037633947581764
26.18247245086358 52.702865853094806 25.65242834473175
591.4613184220526 355.68224585806854 24.576177716962004
907.3570655199944 64.16927192788799 26.638664795870373
507.68137985166396 173.99659328507204 25.857512649159577
423.34092116786337 276.88540210902113 25.22806200859411
521.0296141112149 359.06410954937417 26.231922269758208
346.2076729551643 198.31070274680212 27.266576046317084
732.1876233377878 30.027527097732243 26.688823333468367
669.959604431584 168.24263912933935 27.06745993718028
114.40249967195682 166.06332913174583 25.886499833222636
23.03182588598329 395.29222017103075 25.48230901423511
429.1783620723232 184.3710333388676 26.071619166968656
428.87483974388584 182.41803008828938 23.948977476117804
158.45275382627898 128.40851298704493 24.535676488869218
842.4096786358516 370.1550059485593 28.468291698032065
329.3035470756519 131.34766646217736 27.571354430986247
235.795739067327 84.70887695258149 27.383380382263184
476.7738225128897 350.61041582487115 26.50884432023071
896.7259483182127 177.51461233036312 24.02387390726823
426.04382538115146 163.975161802605 26.538439834243185
904.5301183509224 146.0693409608195 27.276147676553293
999.7744016622281 35.88525220271981 25.853589776060815
3.766546310015384 114.4871121956232 24.603510411238098
389.7198931147906 132.7582003326276 27.604816333041825
763.6249433470268 226.67481698482925 25.979466032288148
540.2642493043379 85.55443926186487 24.15062635130585
628.1432892694206 184.43707479932945 26.23497680557652
38.844979650776935 132.6309925201891 23.772255240194347
282.6178039755638 185.0726940853611 25.938475438525455
304.65183520223707 260.74627820107173 25.014674912168683
413.200818367204 334.76771084014194 27.71602383699389
219.74278684628035 0.5112629776650834 23.991034099629495
68.94830035961164 210.70992627258437 24.82870696178164
209.91379470393844 96.86601446658388 27.690197721233574
269.7863724556754 310.4890021866502 25.414637456831866
407.2659339487791 306.3146465303848 26.64033629577488
483.17945176788356 274.89360109169434 28.49278834746889
210.285247045511 180.44111046510412 27.27296172356194
31.73954023474068 31.31524759544999 28.143574238175805
895.1152590700403 258.16934933838564 27.30316424426061
230.53067596178545 330.0063125363281 25.114375920482992
65.15888181669416 154.58939932287095 27.179225542609405
95.185811411711 303.5591147768322 24.944105999399564
593.6732549456233 17.96134535075682 25.67875513129905
240.8257245725537 359.06366067058275 23.9159013895637
300.9700855799737 313.4981935906067 25.543916854561196
209.6941060466575 219.10497929243186 26.196907899255464
196.42980628600205 336.2311554394383 28.394430451668534
946.8106040810504 287.467018525836 28.2341091202086
534.884022016154 77.94319753332016 26.257486922312456
684.0853638970242 172.25977186207905 25.279790111232764
325.19695494079343 365.83387548828694
269.32060107679297 284.9589760793839
116.07011207554532 209.0791247945043
334.75608879560383 213.016703145744
307.85583163167746 283.26208068216266
41.29546893053586 40.997876278152305
38.934424344011866 201.66455070126426
297.307602563336 259.09703472658197
19.443750081987154 245.007456666127
163.77945380130154 355.8750502194985
70.59365112338583 109.52052917015145
335.01260835007315 149.42984818825963
169.74563695355332 119.14199938020289
325.823440329143 150.86739048426213
175.48858554426266 227.34882926569898
224.0482539042921 65.45609304755882
79.20715321652705 122.00852244099254
395.6701994415589 230.98869247624822
314.40513627375196 47.034310093975186
270.9006626321524 199.51601453649226
352.31147678702325 167.51607492508427
293.0630467110189 187.757969808567
322.06256019041257 30.389969245332928
78.14289664921175 353.1374353291863
316.0196739243498 110.60037886564085
11.38367780706897 196.5234835829599
175.546504167791 183.0984139317155
98.32325115183642 249.41107162794563
99.83696485781866 323.911876730611
91.18165228843131 172.4048273536909
180.14920092463709 118.91207463088382
327.5264862092297 273.51517548118665
134.0675303497294 146.7937303016117
146.6578673404134 48.91581636928058
299.17941572949553 203.17465539351582
190.17029958343178 55.45211260066112
142.8202570517194 245.6124536091222
346.6647460227807 243.33042453599697
354.30464687005644 264.7264833522508
166.59970330262715 9.059391068075584
208.32794021108475 224.50345279769584
51.78545481131734 272.85443126964657
122.98801872265454 65.25603999213949
215.04180131020755 241.35757436482513
183.1425174179697 125.594283726817
309.05472300638445 385.6652749993193
59.58242099624837 215.16036950412868
139.48331203007757 146.2975911347154
226.7687416814348 157.76778395205176
205.88383211144188 370.8824804466391
266.6443478874309 324.9766914845236
355.0335149648168 96.96999134244865
143.29884666367602 293.02782134677824
384.75211827696023 211.53130247555447
243.03001158242742 81.44788051950225
2.335057554385811 350.3385926924061
96.6106809057464 269.53009317074367
320.2276244580297 144.5620519838838
35.33611529729126 237.28416673971648
262.5850600131785 378.56109379259254
179.69180128917571 240.34042280274156
59.87937949154425 191.98755291655382
319.247940758524 203.68370498289087
24.729094444022472 340.95900554107584
14.652071112181497 6.983122054108071
30.643705302920885 127.2012644170887
237.3570608095243 234.67434578782994
356.39056237366555 110.69956960698745
59.98725600509856 76.84188118149149
212.2071874005402 140.53857382170025
320.0113707881107 292.3392469170473
330.0978473327903 170.25208998922196
1.6560110718759624 283.4757038516452
78.96872476902973 168.14377365091016
315.7597702221493 181.98877486048494
56.371841130900435 389.6811408888769
104.53294619736546 208.91238791971895
12.143172130055335 348.20517167864364
257.9541497455118 46.34117706522724
75.2363962828221 1.8392229099515323
300.8000943619073 146.9820186098485
183.5691069107977 368.6208621348855
394.0710237220911 7.774548849484697
357.71400223370955 188.5213159231841
291.8393894366678 246.75303158393248
212.7831891852969 370.1577173904315
104.31543665801159 247.7125846864475
268.86941963346396 391.6438439831334
40.18861241168494 375.1333154676295
198.9236022253584 169.16595234612353
36.06961203974497 112.20665271744585
143.96361501093722 363.51055129733334
128.12333206380674 137.69879509040396
229.02511643200896 63.911954985552114
180.74876008178197 132.77658979281804
29.280554265129943 70.22783145971485
359.4272781548519 196.8121646842171
364.26826726442823 188.59168464966763
319.6266888552724 151.57286020805057
39.18934931559761 62.33188675760335
280.9137297915902 126.09402454305885
5.745103510609528 279.08731063065693
165.19358461733452 39.922442651037706
81.00427162579096 226.6904355981882
200.2603838599637 140.3091887355809
41.30403525969521 214.5294552284041
224.6085670694291 399.3210497850051
399.2051060799198 133.74118095099797
176.72018781748008 139.7304263137239
75.03633626790341 198.72766916340896
111.80941814705233 333.93413140967965
90.58032614451052 294.12977275344065
161.27059877596884 8.042311222399423
340.96668404661136 345.53148262785595
334.8420930493755 283.6691195938711
41.85568598476901 138.80972453521747
162.76392899233275 2.847565542641428
2.5103311075331813 332.18470457219047
84.97240317038913 6.881518713891355
41.370606158790494 236.66664467963977
216.64106386578337 177.83847888608858
39.25937712028973 284.73532841005704
54.14245877855408 301.7772898502804
316.3649217376383 363.72947205554055
32.77123342081918 275.6958273162313
222.66066091150412 159.56365415407868
207.3343534937159 355.5739447226335
247.4385274266413 338.0310555761841
298.98019191977596 30.777895475910235
182.14770331770112 185.09098814556418
136.40352641644088 310.48302809288117
311.74631270222983 234.18069291305835
116.82942995979575 320.6619448302297
263.28928836648475 227.73162277782313
121.94438826665986 335.57632335054655
206.4909781640734 291.7110722290838
346.2088303224566 105.60080621017929
379.51715254129266 46.15039479129699
329.7506742088662 393.59837378359583
204.27619466218002 131.26212785099392
335.30531742510357 194.95695446728797
358.9952593356075 97.88842023205797
68.4329756103046 191.7877823983937
91.88264573477309 192.6642924884394
12.509968266535054 179.67666891879702
188.19317951587297 262.41951624837407
334.7561071244931 105.76981424703673
144.02935233172957 8.983701623056772
216.82613173585383 169.86668209716163
253.726057279226 344.6997975482976
173.25853782909525 365.58276114534567
283.68294254891515 30.591764129710253
243.34096755272333 276.5359294240629
184.02369762645492 323.272883187171
276.71673056511764 292.90064340373686
80.4771908423958 213.32168753570295
80.32301429271573 76.5647755006495
192.39128791884932 6.99330581613431
154.01652581924964 278.5146339484479
338.8054328234488 284.7743928417922
114.50823054854777 399.96428493070886
123.02410118471987 264.4306216454064
91.99442919748124 89.13583607975065
327.1483678579826 302.8363566468558
381.13696072858096 278.48811900451
301.53899514771086 90.01657185461247
37.81098949576518 392.58179726439386
0.1996678166582999 220.4718721244585
335.3044513375499 394.6593609193492
391.5848012229427 270.9980470236692
28.418956542620364 90.40938126821243
265.35194890280593 70.85219208735762
221.187276853695 70.27491344941792
159.0944561961264 119.25809504790905
93.68867702057697 147.0563303621971
45.10561133116302 86.88413211493273
15.708298067031956 133.44999525844167
145.74120627003504 232.06768536793513
59.75319988440706 304.5542024928386
186.96301735779292 169.20054035516648
23.202538815023388 103.26507280378898
353.1613755853715 345.83055640462226
179.13561216791783 371.87505985352425
372.37053329583733 216.67523879825055
97.64661292108259 231.07795370105845
339.50628222015916 246.88382028673797
14.221079777483725 277.97445963734907
76.27087323490538 133.52480389042557
169.01405448962015 237.56328611064484
229.88573118981813 203.41662493950804
300.63617068850675 377.5931979139268
328.8284042092034 27.05982406768266
50.3191446200431 284.5421929955231
242.26558102531754 282.56956848322613
217.0978367953178 398.88043191636797
330.88964489618553 10.148082544206893
201.91178736897945 220.66444376406147
30.381989285268894 16.777240516038503
188.29467653419152 321.90046180777256
274.7417815036003 322.45203769452064
