1000 400 200
30 80 0.1 0.05 40 200 0.1 0.05
454.4885527269509 10.790987473592706 25.44762424075569
88.03058574066047 258.66698268619217 24.600615703460935
169.91472547336707 277.60724749886157 24.901866571056907
212.8953473827826 82.35580409309091 23.788232074482792
454.43958082531157 77.41460597024687 25.11720571413259
450.44229585891406 33.38366926847165 25.040954534751638
850.1559658657417 278.3637343377075 25.435948184195528
113.2224891272604 292.05570367223595 26.653577659584673
643.0894499649506 108.81021995009137 24.557671829190795
530.6034850859551 369.8689251880058 25.78281630348332
134.4988772942176 301.8864073025411 28.082650244536435
571.0966170965685 342.5159448642214 24.92440528938691
796.289315979095 141.6169730582556 27.95074189442005
540.5019024625408 241.77226909044842 24.168127357471004
405.96323481527696 334.01993878388885 25.92406749076235
13.966845566887653 337.29313916642263 24.03379127065548
671.9133965763587 20.19076285859662 23.60316431434621
103.96858080667326 50.077410782046215 23.68448822457205
291.53664547858926 13.87200409467626 24.83347478802968
371.06620728970495 196.4498228261039 27.501033360498802
364.8453136590297 36.97893323025569 26.741285036837382
324.4472817183056 290.25961215551035 26.45854984511128
694.0754618077904 65.24962083873329 23.509183222431353
681.0985014580768 275.73386323848126 26.157245319434747
611.2145834504687 273.6308338973061 25.568790073334235
124.02788787114527 186.9483819572523 28.268505221122208
513.2478709009795 246.96476145069562 28.34528409084579
761.3961399296721 313.82823839960065 26.217810892304975
468.9768171957994 324.52148810498534 26.460880917597418
301.5894840390615 99.35465152610502 27.15037573927379
858.1008195563294 174.19457532457955 25.304045820600898
757.9764701425511 217.37595753602665 28.23584746618086
576.3452265735344 209.75618777928412 23.74333977560604
336.99982912656725 22.987458845138462 24.646398151604814
500.12174636559905 107.22162928403209 25.139298698256166
771.9005632290838 184.50014679303322 24.678834928832842
557.7451594464012 147.61458947737665 24.548885226737532
391.17008882320334 72.95053418334297 28.436206359753882
355.70477966659155 285.5206844175318 25.473460918632632
477.0652113063596 96.05531406367977 23.797326409393236
108.8771165479625 256.78343258480373 24.755914671810853
218.36477760157646 231.37505746268104 26.502633192305932
920.7207349301228 4.298760197551932 28.35293403655651
708.0352678502802 169.86105348762814 26.600161660520676
848.1381208335793 396.61752235538984 27.9961758243359
817.5187271746181 276.31033331723665 26.11383822021636
807.4287310083215 187.23628609579885 24.997410619397673
403.7499513812449 176.68555024530792 27.114864845764185
171.0655195490004 29.059460228530874 26.168103779243793
603.4143790275845 281.6596814520752 25.75210398446242
855.2564341365406 103.3172303786967 25.518211725933952
43.91361342518019 257.76131651328285 23.69491413346842
87.63056443050598 198.73908290278095 26.8115062012359
676.4240445641655 187.51477134365797 24.687023413720283
702.0153250213469 107.2772460157585 25.409090087056608
809.6076888821575 162.13170407205223 25.93733030620197
359.12422436419666 78.1642084549988 25.08697445399273
411.1238222188328 87.50685078623417 28.17693358559047
210.90610349461258 252.33918327019765 27.61000607309407
138.1373373323932 338.14208608683725 27.794535737561368
182.04089710727612 212.80495720094063 25.959843712379694
69.43680354872217 264.5592816328871 26.287336599292704
751.2084997546011 130.54599157991805 23.91020159159427
124.35257455240323 166.9052469382915 27.70369898900645
190.78023586297442 26.264509707740036 25.513719666428162
473.0654538160484 28.691227766451142 26.038678612656618
26.838829608460067 340.1417836755746 27.391472175565724
346.6609747186301 116.58627988914434 26.01478136285897
669.1513150568135 308.619809560952 24.11253661651328
942.8238601914392 270.2880206851794 25.03824065123823
936.9977325860152 161.0922691300725 23.515851292500454
165.67419600042788 124.86782808805326 23.67526422813234
572.5770213003032 311.40634263318685 28.392805091789118
729.0827932749557 339.5193948403978 24.91203096359963
836.9196663121855 138.9765621836157 26.333997543373993
356.90892049995705 82.97202951013305 24.025042304592276
268.56127095804607 110.61164425131417 23.799153229593895
17.891736650986424 197.3523009277435 24.73244647876468
544.2745255756901 334.1229396542437 28.13139153341686
96.18779197585114 298.13139854261385 26.66922482938029
802.3951301767771 74.43310745425715 24.57646153043029
301.4434414620687 155.8707819820043 28.23610879704777
508.0610147776956 187.00159419546307 25.63902065251409
817.3634525479977 252.41623177650285 23.72959647088623
988.2423371607881 185.44583910388744 23.800837039397408
449.3986502433034 135.3808859953205 23.943659487393596
721.870576542685 282.5284159883937 23.71355240677242
306.715022826302 54.34200624227699 24.32724614179654
712.6587140794746 217.21736912472255 27.169364391126013
209.18972267218393 213.04427266719955 24.329432492015993
222.18948410307405 165.0739950908349 28.139061874942236
586.8428138518547 295.6956017482257 27.919379116733563
518.2637009845081 153.2964238042019 25.875022616025653
98.7735649814392 322.5498004629238 23.943807705448172
364.94582608234595 162.6131194863721 27.91820718561956
675.1140168088639 179.53500862073614 26.102588761845247
809.6970130950666 361.89354942836144 25.968345342214388
734.4060228165749 86.59798320682452 26.864677453692135
519.7974004871297 122.59029800653352 24.10530889566475
177.6880379393033 376.33278063222366 25.702867260211214
892.1566378787746 102.46215332053067 24.1513535953611
558.8612376557085 323.73892601969163 26.04684430785764
361.6953791290972 43.71766940768431 26.887114822900003
899.8775497656789 93.74896156245546 28.399397253346557
514.7291638561934 140.77912220258568 27.961979391346155
702.1211495062478 168.36968188582148 26.04929982237266
573.0474960711092 7.062240467251613 25.23910165185949
217.07707145564726 111.53501162845396 23.77467117907393
646.3870122730445 187.01466019534237 26.788649619078353
316.9117872068441 377.46312247914693 26.250217809684305
497.3441841856119 366.4200369651597 24.075982140948735
857.7179511776501 236.58586241613392 23.547743296456638
861.9414777689663 146.67178987031133 24.10489104575843
185.56478853796764 269.865393333958 24.008126094840364
106.39947616662427 252.1152789825507 27.374659761427633
0.6851836575899606 374.17274920214106 24.83042826713135
958.4044424362287 187.16648947327394 25.732763321995417
692.5337222014699 53.7652081996939 26.295106126132175
558.3978206227729 274.0034219855911 27.276192226973244
184.35763135869533 389.9051758879238 24.548017250557745
259.1256711424832 373.2101030725637 23.83162411768947
398.49680719050826 45.20362775510001 24.114002752497466
632.7273908315525 278.59754560465586 23.670395576011817
462.910358281547 352.98597407759075 25.686590376116143
493.73676939176727 112.04624932529082 26.665172573993654
437.3290371189613 265.25836843740814 26.51650497747569
430.1185677439866 321.8780990265856 26.23253968291269
527.7439643655198 4.8391208119090035 23.768261613011862
166.3468157886021 74.98510589371467 25.024916777944963
786.3278753418093 125.80287282749208 25.262598730938727
922.8965914693495 263.4866460272102 26.316158843363855
137.8822775641404 388.2053797717657 23.91370159883021
942.5987716824529 224.56856491411722 27.48215111619895
132.92921540146872 373.50543051307693 27.10426694742622
230.19524757928912 169.64501772478732 24.509318910137985
172.90708610923656 300.31678073196514 25.02803972534661
798.1099761006034 277.09040588696536 28.403229216199726
577.7504900906174 158.9996001474273 28.337453733287077
876.7685949165011 31.281771820822524 26.033754288705783
935.4737652376526 399.7762238246843 28.041756836965494
476.4838032836378 168.08617882919793 24.894361867330414
774.1509213395256 232.9226667027482 25.646183647778642
771.5756649255195 360.4884071989463 25.507107828283953
987.6797520257353 0.28446562855801716 24.75243443817288
204.4940255075015 263.79825437220495 26.542363387629784
308.5989568496824 42.78457602060959 28.361367717920892
213.60329879523022 222.568714140182 24.89807701963322
806.5334547403776 225.37211385294918 27.646238370156684
605.2070356887431 174.51187669557672 24.986716524196996
173.98989837005087 314.395375979112 25.074205099934463
897.4304271706443 192.58493980510946 23.78259078723581
888.4975381196441 276.8099145466937 24.12976930409182
336.7215263562488 276.0490928382718 23.99602246522909
79.65707731796068 348.84474933521693 27.080224078627705
649.8266247270232 194.44517103230373 24.25620970916096
621.5584228047734 285.3864589985918 25.87342117944445
164.8691230267354 233.59753062100404 24.828344055867582
77.17225073993828 350.79300982110146 27.384890388018533
481.21679605515357 187.2171421615489 24.073765567505642
275.4984328812389 166.2577157946277 25.45664741967259
952.6333821854323 347.44209429733286 26.230150855763277
560.1324325750205 26.098354329123374 26.97534032044438
482.1327426114486 7.493968463233092 25.771824263538473
837.0254876081278 292.08881219605433 28.213542267302476
417.2090680930394 3.0579659077512478 28.47251398792209
118.98133553940005 246.57106639694786 24.75518246484011
134.8114954696439 158.27827793492375 26.68287670065206
136.14052857423752 225.72360301488862 27.10390007597659
467.5370495851571 108.41412860131987 26.33590034980499
998.5158999463945 376.9106112538815 23.95044117065732
743.8895709640256 353.9915722916113 24.872233605815904
773.5998892969031 220.13387853297988 27.58042811742117
490.81495169135627 339.2270062783192 26.936355995974957
16.07947931115983 293.64755708109504 25.924601798714647
917.6810007816389 387.85638732505873 24.119419893220087
766.5565241177096 296.91494121234666 27.787040450468307
105.89699625497428 88.29477295533704 24.736065610736095
752.5450162115909 398.17767764908444 27.18934602832464
352.81623713103215 382.0395023657342 27.125434605407552
580.4402085316609 255.61050751483126 27.006172965951023
644.6613255196005 227.93322124735212 28.00022196564883
626.042962306499 235.7412547090469 26.964952301190515
590.0582561425028 312.58491933632564 25.15556146223502
309.86375551061553 144.66511766529467 27.074814984076195
959.3362595097739 344.92475789495825 28.349831630181992
99.99038459705423 279.4662183285483 25.930466623116438
917.9010359128212 270.3060885573826 24.324488790461853
209.81833772128178 140.81818522880462 27.509461617616488
84.44205765729495 195.28296036682852 27.916531032361476
762.3292387250934 23.359447064282747 26.80863299435139
203.094442125049 25.447459978842836 23.696314622748005
560.6485330774326 237.26909517985953 25.319447266461776
806.4176949879526 351.52537757513096 26.930679446754276
341.9833134426935 350.3961067210177 24.154206079029972
123.52929311985173 308.0660279172134 28.3065826555958
976.2729061079652 31.958675022837113 24.946132197865396
312.16728932660334 178.0381055896387 28.367945210966926
901.3949030648687 1.6225331513005425 24.15664911850876
68.9546283839858 397.72408487467897 26.11681999998705
734.8436877478995 35.827857514873514 27.442166737984298
319.86955858865883 170.5064185503771
163.38329229536993 184.24155657393862
69.45385514471889 154.34849480787602
343.51560379653256 335.22535859869015
262.7289066663409 209.80612941960422
286.93005149403996 192.0456301234731
95.7973376553627 333.2759566053838
381.17727538795293 67.47335730822104
373.11309932218785 10.993419266401183
161.53039433754734 125.76676490647074
277.52558281380095 61.687060465566155
59.78910874565071 220.60940125655145
150.1416820839953 243.9000435068082
390.9839529555585 336.9791613444558
146.4241763898703 233.16669270946036
203.9695093828243 297.0192709923252
257.2105023060949 112.12281216855291
100.41092839420153 34.1224393209151
218.10170833893764 167.0189992783561
217.68378732950478 96.08040314495186
277.9368515537994 146.99671366085286
74.72296022291172 107.29143981037517
56.83383558429589 17.87776456435415
95.87172691591607 301.65918705568055
396.5432022888022 30.108145382627292
156.29804690194985 331.95669565041754
190.62719968266734 20.888083993870723
33.56051502358244 368.07023760676
279.2418473057616 283.410623880605
203.42211630599496 15.678089081910862
3.0654936669409327 261.5217485241168
184.02555343883753 18.56003446903709
133.18301412085148 366.00558121704563
11.059632712607925 51.87411980542414
228.50023611082273 359.08904084452746
17.561551303286514 370.37751617378854
219.52901608224815 216.6506709225107
95.51589627538056 44.70940548722986
377.14887751530426 153.00924521411318
32.42653356446756 0.49402220937042607
397.21681868824186 381.05814548991805
144.55332890336715 269.1627937593768
316.6625020186372 180.9024246953276
269.52117632242584 166.03524605428566
173.97159778410182 363.04570792368844
34.52447707241917 330.33866294375764
136.72584787738234 37.56506871888106
182.36597086499557 293.4875178414489
241.13379627336963 138.60246784556156
16.084034430716578 86.08387697138609
123.2520259492786 3.891947183140232
113.93880908166985 150.7410289012999
168.86213382518997 271.9324493743736
370.04250445552384 96.97289722100346
368.73445994994023 234.8068127655618
331.93535197793824 16.032516554105936
238.27510899590592 172.53802796163185
134.92395801530844 167.72360317496373
45.3185379827211 295.26437407653697
74.01472331602447 257.84973827704096
287.09345718722545 132.40603248270696
207.7903600628695 244.10621434792344
67.15555573816556 333.38599953892634
354.5932209096818 239.86053077797993
145.34612472081244 82.35885102245896
219.89507826592393 29.40789816884184
168.60128887054228 79.79185178526164
384.7481197025178 164.92865495161118
337.70215986673145 106.63299949351912
288.72791369034644 184.51557846133784
324.821867335079 362.1916531756882
356.79459592374866 372.2790762184235
228.9911258090823 254.7478163713583
48.014245480885265 75.67936529013677
141.3693636992 324.29682097164397
245.0978017473711 301.8752001070224
89.47449897113242 89.72671586227298
257.2308352905742 334.01915956167284
339.28957449629024 38.116426088089426
374.68286642891206 240.0705009838419
56.4304997309732 111.7333439035709
392.2006360443876 190.8369038105275
162.32454670620166 298.69934739071886
9.2053033608118 260.59706677093874
268.6149172976721 96.18544184111695
118.32932066159563 52.797059381860564
232.77236717404594 290.38525725513364
309.8441490055329 74.95351841756187
150.16045028475332 285.40862807307013
248.04578889563248 281.0376830938502
82.5666150596441 313.626962346252
116.68056646719127 6.254919353382382
120.4769608382056 272.8927803154514
84.00938877755996 38.27469253099505
86.13808751637708 61.44640452915837
304.1242187991754 200.60704130187813
306.71523240119086 119.21342249346748
149.64614360449323 167.96177351856545
21.6212195534331 234.58708130801224
161.9500524213509 90.06756293873886
135.35673328078093 338.68067076424546
208.57664645326673 169.56851594882428
186.9677635767131 184.4251340798083
153.50790005244522 221.25667208191433
379.49181218612387 295.7782291016373
174.49802938976293 234.0391331616414
297.53016446355036 372.7018367775174
302.66740942075796 263.67960915515215
138.34889048824195 250.45488464062072
13.082547164660463 203.49438383267565
291.6771986467377 137.1397838533474
361.06093663667514 311.82358982909346
125.63711611388415 391.3310677177627
37.45522130904391 219.2391856822002
71.00428028046504 152.00542971038357
7.1866094866760655 295.09167140386324
143.26504680386645 295.8829834296829
298.8131648869018 322.1383164403267
101.7010655485365 272.6803888019409
228.9344170892645 9.636009777919785
316.9977173797297 356.6667038122817
273.7489235493623 369.42287317587045
103.6387254049155 353.30401439643657
341.09755799460333 386.15303282408127
170.61476901774185 12.644873494051678
149.8404859302477 131.98981091880685
353.73948502441255 126.54980529802988
389.4316558090085 307.70306344422863
115.13202199616389 124.67839110414411
311.07031392895885 336.257198901006
230.19084495704794 334.5980601731752
392.82432178535674 191.61680785501093
29.64902388342714 134.24570438734963
124.63611446561148 314.63763753471767
324.0671031255294 200.3673317535664
375.13758107336474 49.5512691981407
110.38504702034015 344.45207832643337
30.71555126259198 28.69229265932716
144.92048835124822 28.067198913282176
38.28566889288294 239.75762421712838
64.4661298488499 162.39144144142688
236.74764505954417 329.0281540886269
346.9046765400794 222.13479266155463
228.11063285789123 25.62343533941305
25.02553163234773 41.923214269802585
217.79329029383715 216.000936246106
101.992842261079 113.61760895013018
44.61831029921868 354.55182829293597
264.1802100212053 165.92679374247373
124.53732372914162 365.2860997705159
346.8531449993515 83.06516056570356
348.137173438085 171.24008806238612
80.44572975155022 207.09592162584326
100.49471909554275 282.38062347570246
129.94375811269694 168.99185497501384
112.96248310849974 79.42012151999758
337.1521731879479 206.3357388948317
9.983393887766434 150.09787739697856
185.39023546518143 50.973695096566374
180.04835414921178 66.12339748843583
228.42355338519823 307.82476910826813
178.4260742349601 133.1181518022188
360.20758900791094 196.4412703328415
260.3101105783653 102.5327499857763
149.28313646714096 389.8045045015878
246.54382617812715 3.6573866150479972
21.42953551390816 60.23152456835934
340.0995306913246 135.48361070662875
246.44732002905732 330.1589958205296
140.00363668377872 52.3165816224989
269.7075390571136 125.9608191314105
140.41544662155846 83.67717867893228
326.37041773715 145.84702126311316
56.08261398688268 348.17430376452273
85.94204485753258 278.2817804050544
381.4121524736654 152.66797096095323
97.1029521282055 145.24925641521403
68.91128893933822 312.184894067252
237.50845657674446 295.0864471049622
103.76823159981274 282.6882951005648
20.525957774764336 132.4929758435331
54.85851245124906 267.9448769441335
70.64030334974288 348.71819200854515
398.4781587810044 43.372137885289064
351.52367330148576 2.8168542626587634
339.6204992465655 333.8899568698763
15.532205261736154 305.25495997503583
196.6293266274707 389.4410140854126
40.65730025173444 168.0382399877094
368.5763491075955 120.98525118271337
330.72495540589097 310.9262284956211
270.72685493982766 391.41412964774054
76.90220430984405 351.18549541134445
1.972855110159033 399.9711291187614
313.3354613410983 54.726366723744846
99.12884724645923 155.4055490736809
347.01104912345306 189.3578934456892
136.5007482297205 2.227255170027087
301.6938134217973 196.28667107469377
345.15435491110685 46.07073037992011
