1000 400 200
30 80 0.1 0.05 40 200 0.1 0.05
453.99600269680064 125.69736624433294 24.2497203633791
222.6704048716933 173.18854667708678 25.93220496329095
856.9181393842703 226.71804919711195 27.82402383577686
169.5486987188658 390.5804423328335 24.391407582228485
145.910251643247 194.74810994036332 28.34088801029979
994.3030400043925 383.7147589802323 26.098549100204956
306.0586084278989 73.81971791305597 24.404179787532605
830.379944054185 393.02763509206596 28.493583651797017
129.25376586168434 245.54307822643068 25.29641996190739
765.611542379471 345.0621442659797 25.437713190690943
59.69378743837073 173.71040921048456 28.34124425467226
660.798076342064 393.548081728483 27.72700945779586
565.7938769950439 135.77305371056116 28.198206044777557
0.3943255213616492 20.496871092114198 27.075032648810694
831.2240820856646 382.3213909740392 25.719358141868646
764.823017590175 329.52151022926495 26.562202895416586
68.38993695883022 58.27682185979359 25.556668098660356
591.3481039893164 281.15909757831747 27.015150523333165
854.8734517985872 237.15786392442385 24.771325400983542
536.5861224613778 12.028248366097971 24.103084924932883
484.38910930779576 266.02435220107446 25.1246343511289
218.03264462794735 121.58620467364449 24.070563668323302
862.7847920907109 365.7997891985685 26.87409686924775
815.7199413100162 396.20199621882625 25.526489886131785
217.5058750675477 20.63849177970889 26.84047784569758
601.4659700037843 83.1220531622122 24.996661302636635
123.59360851718849 230.60602584489408 27.31949677207414
247.1630960323894 358.3151660531711 26.55005556252804
675.4349086927933 172.6951025538772 24.387055703576145
982.1013915591589 202.53423389124592 25.614967553963254
192.7185392967441 163.3695277818431 25.075738004093065
731.2143136424052 78.36387301652485 23.60717129453964
579.8610689293849 257.4318062750037 26.303192198086403
102.04002027622427 275.4265581651495 23.554924959899957
345.89568333705756 137.81152864686496 26.8148415415142
600.6457981611981 267.9352906397353 24.99067366638145
618.6945727004071 2.3865039689296985 24.50338255869111
770.1831525213186 333.79990111838566 24.811945540897906
82.52260000478462 159.4437991719826 24.509396867158408
256.4129346244397 261.6557050396258 25.028735150266648
257.2730836375814 293.87715803856076 25.449099162925204
730.6313768839922 384.38004724714847 24.605582773216266
594.1676986172671 321.46815678205417 27.89916926359105
431.9734090540414 206.5332229276775 24.376900077253715
455.9369257532193 337.1252149524652 27.071520811433448
39.98792226529157 239.09673389155301 28.02656593760811
696.1389364995358 82.02349738314444 28.09388168864721
38.45625147217746 37.024788530871035 24.74947905232244
565.7973027682451 370.21540277988 27.87070399874454
488.3261401768695 291.3639314186526 27.68506711425389
416.2953045820508 162.23084512610092 26.51306810333501
668.8968915077293 214.67262145606446 25.871521316307536
792.6817995980507 54.975497601535174 28.410161165467652
771.4319857446709 351.57679906442974 24.014955437600975
225.3234127492033 246.12791642222774 24.267215150913483
309.4816341370255 339.6709914654544 26.109343759599124
331.1552382467914 368.25014583983983 24.68850171703912
138.53424194827835 152.50640426386738 24.0499277518472
776.4910090962201 182.72495569589435 25.956481403477103
619.2210363799232 107.73975334746599 26.133098755524532
576.1782883604187 254.9335160949297 27.601244032792607
100.08657475688409 270.0391669904391 26.36728340934578
0.4273172444010376 47.054558754931584 23.70410121861166
296.69859540253964 289.1967881647868 27.079127021827503
719.3800200556905 79.5160347937505 27.906094168402966
484.26741573119426 376.9733023585465 28.49374853136998
471.77048350001314 11.228484336939237 27.051151853760032
553.5174841455229 248.13697718344093 26.012843910410666
530.0848019520561 25.79142031114472 26.773939276984173
678.7147873417111 157.35023818889567 28.38513409459349
129.56040764789955 108.15553758287204 27.117682877962515
558.7945522608659 198.1411260569808 27.044669102660542
208.14805414389926 244.76042446775895 28.14549426622724
285.61497502156584 56.064823097574035 23.62774754397261
692.0445426395867 239.7145835498592 24.182276993684813
907.5278650334184 106.95380503486747 26.222014631482384
876.3193641621227 338.6586264469975 25.719986901349195
653.6157680764701 323.26346525402647 25.764358907151735
459.1040847046564 187.8181356796158 26.547931359034212
697.8898780449505 116.08457873970023 27.309606755093427
554.2654084899617 294.4261637535066 24.47746349582526
829.1358853410833 335.3051893820683 27.621155706530086
641.795520163945 330.9419262059333 25.24671972389629
678.4755632132253 332.30303729084324 23.77842371139654
324.5493505460949 42.827821249432276 24.180240480579204
392.49462959177896 333.82604597950325 23.704504321069177
898.5433214880177 250.33687044688483 23.789014064580645
146.26105812258905 76.51327675392521 24.750286914626056
862.7776698099907 19.82272461472192 25.311723138528787
410.8863499333277 121.71313888716115 27.647466754623597
391.30700230296577 29.280430431215976 24.785118265095182
839.5048675466467 141.509399854884 24.29065650960847
559.7887175621904 44.67320604224643 26.39225887840862
350.57710599657054 289.5599684659132 26.315907354036664
402.58621620184954 205.3647382073819 25.85798204010637
977.0506166720552 313.62912684869013 24.30643452344439
113.17219594096817 104.67340776948726 25.56188614093106
244.80116403714482 18.440509154344696 27.53265241456267
375.4154549328039 229.95987934983398 25.82523830835721
846.4663794515318 354.3381922533066 26.38858870163935
708.5723129500885 249.26845649633162 23.738788012612776
711.6875749984606 214.6050467686834 27.445554097706175
153.53992127436155 320.6310201780468 23.657123128366084
938.182679499443 216.2938558488281 27.2411697370872
748.1413648295422 146.7259557104538 26.549950990143127
558.1480202783712 78.96648330515394 24.351436911610485
207.75255068113896 161.42880993463007 27.21391183299995
561.2674031403725 84.4515699396208 25.85879930197399
514.1752964500602 344.41193518678483 27.586978619632667
691.0091041320197 399.0112831504038 28.292793412493676
736.9115859953807 12.613218832064366 26.232322052749897
158.70277336223882 86.29429155811704 28.353965909389373
180.37554399108367 99.11420323861736 26.365202923364315
885.7731914871108 273.03503286074726 24.967723947120184
728.4470363523499 235.51132684526883 24.46490582016565
166.00585350517773 6.279751782862819 28.29347315966117
201.34695538346125 6.746582221536412 25.658181444885425
636.2444931571758 36.368180593903254 28.436001052302373
353.20334110431895 19.850575638775368 24.27977405705015
226.76071930867502 268.116449592414 26.580143197386477
322.8546719418237 361.15812299501766 24.642365434508037
824.8574531067243 256.52298239323727 24.76527078603239
453.25480586405655 20.04921252174241 28.400065450019333
892.1068762970476 14.494856489965313 25.311384685623448
261.0271900618674 209.66208356972703 26.518165997312007
313.8969605897171 398.9585293946525 28.141286597502784
358.86955279866294 263.58667034447046 27.803393383313864
588.4554067618974 317.4159428833019 24.66049279550333
498.1071233147706 248.28995875085153 26.97384602782646
761.9011706906298 337.42627719681815 27.06470240117728
842.0859221175592 88.71692682851462 27.111074377431137
638.6803805962589 393.2747215349726 25.65955913416403
635.51482688593 212.66672151285442 28.02760440597991
17.389081347673585 92.6239964458591 26.074338126330016
679.4058588579661 200.42869881459754 24.07526138988432
466.7600152858543 175.37213075499128 24.81462258014481
331.90454799655066 270.793711553163 25.420919963586183
333.65694526649736 30.151905526631452 27.97295916099149
54.897320048842516 202.69695990444006 28.019176562283512
804.3186558694413 112.5442861556761 23.754203383942205
34.55632467387648 111.91650386669055 26.842665511463878
383.73891404818994 33.53021686852986 27.78649748732238
887.5378492747221 171.71074184573186 28.30145801277461
749.746671927617 216.11358689987776 23.601620999403895
486.86155716154866 151.04569830869116 27.8386957594739
633.7288687238087 290.30297016668214 27.66127342853179
112.92006094254636 378.9030033637109 28.06020385114698
906.5527727985581 368.3820201404635 24.469499895948736
362.82356269415715 131.58896149582816 27.305563225766935
55.512111203181114 289.0187613033479 26.596160395156602
989.4789413400032 354.2487501178251 25.645620962694668
547.3290589189731 334.4023597799111 25.401631069339405
341.40895399107296 208.94357009256015 24.979705932013943
426.55702787352334 22.144417499159587 25.317766956521055
633.1898777061483 299.4384899297028 26.272251588543824
813.1861429661461 384.77887565782845 24.23285933277855
489.2496261194492 335.7892077886247 24.31490075447902
574.7684814618098 224.73350268293933 24.736595069320536
212.22567665369206 17.174495110206813 24.51257460998821
365.74196708258523 340.7644945105828 25.20192889009971
969.6091211835983 245.21124452372325 25.590967523987548
880.5060038620173 350.93696950042215 26.270763887514928
554.3494267013459 216.97800538999186 24.313347385866084
659.7246145843606 193.93727067342516 24.735223616834062
838.6911805189723 140.67571219928126 26.01565773242061
145.72202811607215 300.2089852792586 23.891273228196642
334.8594163124853 289.53630353905226 27.244373881123664
98.97627247265194 31.254364260494416 27.62109992170226
27.282613221102704 152.2673808926565 25.969355119824876
581.7760726432629 252.32668636973128 26.02891277129364
521.6915595245888 210.75901864628506 26.68645648100707
777.1212036808012 12.297631871062187 26.815014129445483
536.3862989522627 306.4933249004098 28.398660562617025
152.8331639855296 355.10803672260505 25.487806077663016
356.8231311320722 143.35370891073387 25.631107093399358
286.38836884826736 199.04029512447542 25.35490784252719
399.91449844232284 182.34481960065915 26.690130783200843
840.8560096536044 30.977696275295806 27.234211179221695
849.4118589703943 347.87147845102066 23.69916684236899
204.05474107111522 329.4799907213587 28.324319175474365
85.67650464471355 189.20099571213132 25.149382674574706
571.0517022143822 128.2965089090616 27.37158175174134
546.1420023863498 196.81382284760934 24.888799735998706
335.7025856634799 354.9989818392638 26.477448522529674
717.8090593036906 102.54847452534194 25.47347447562263
553.2360777332328 40.63562423184099 26.77402770603723
228.0395663048823 4.532773268328638 26.43539890316915
607.9607654993526 127.32804438540022 26.03591314295964
809.4614830260963 331.381703489432 27.335916221050883
654.9294795591097 251.94223054056036 24.730194273948186
160.55673108575053 242.2967654166869 26.006764800436294
660.6254230065708 224.5061335962351 26.28118359895312
93.96204407928688 166.53923398211003 26.403858905952106
126.10001948232596 137.80909268149028 26.548213262433094
595.0153303476784 302.03552238483627 24.26648162684405
689.0338762208444 346.24338073314146 27.89970286072981
535.8558743128815 172.1222030465924 23.775960178401593
543.3214873713612 62.826042313204496 24.389761577213285
384.5380105072245 103.91769187705245 27.616742525347355
932.2903194370687 187.6110350748237 25.58944711787051
276.04752704410225 132.5313141927387
277.3689448686042 93.08593966511705
261.2570314281983 330.9917665752737
334.55388769004213 112.05571556963653
254.31532918928622 156.56787565762497
215.9970854487981 376.57545390069015
103.40639876741848 355.54987632253597
53.813527132902465 266.55757686848943
273.0521018061796 348.3377971805326
110.06053426777402 329.27295475205915
102.89385474061402 357.50076432515544
329.7822563150984 18.001521722464496
386.5948837896962 257.2905523855074
169.60084379684085 162.4948316276295
229.4690115452149 29.484840165608883
95.0305340298982 186.0087498751732
315.70771787875367 198.3263243887648
168.2065526924968 77.80533443154867
300.8424575362743 17.714399174038054
388.7363157935217 36.66337867481304
242.3452307392199 96.69682484467876
303.89615535954795 120.07781645264176
391.03579065290154 174.69925239106584
270.41224125661915 165.46877221142805
288.2296221543197 295.8213129158719
28.58015687353315 293.86171489505983
148.32631408372788 281.9185690256645
340.49315358737005 63.14074676791015
153.80374430176133 167.07998124286715
347.6646845078704 207.11767640732782
149.34899542945215 331.50162076923704
219.3465211643404 78.30023652018818
94.12256019630365 60.64753312997544
391.3593074151914 6.383325863562561
115.91811329669505 355.9796896637492
36.268160553880776 391.12783205869744
108.24559969214485 236.42919252868438
359.25132411178953 67.43223774539122
121.13117768004749 295.171879549022
80.02581620904263 112.04277864680954
318.69296736452304 114.16182500384289
239.70927362277718 205.4885517539288
211.31754508631008 89.26709576725341
62.51316573803347 119.46880208483219
17.527201780061084 81.74252153250072
205.67796271943206 69.05972941546783
370.3942521729316 287.1649659324344
347.07654093851795 150.74948320570857
155.6236984275531 200.8473322613927
288.4276488772707 81.45000357883126
53.19164084648831 359.13789193692185
393.07711523995334 360.275414760576
151.69212992917682 248.90240372526438
230.81976973399355 394.0170145878104
214.31110487811554 2.8769791807430334
168.2509341770006 58.88584085868711
397.6112271166572 36.470275197369475
121.65186165607089 215.23403899525806
59.077635289863025 31.984286515634828
380.4291908490273 48.60721835587864
336.6396555958208 239.1136323778199
112.64396580591587 379.6204565941038
43.14962271887075 335.97374651850515
280.1815253200967 266.7911470363501
91.06532456197756 82.79915190159622
19.62923286375462 120.60282288884218
347.34827512848693 100.84350655023901
285.9444727528606 153.71424805285213
115.85565089307912 321.9038511009579
109.51107546008726 311.36917192113475
154.26935047203762 379.2819657087317
383.19797334120057 57.70243448981631
254.87130899818652 48.88649603778972
74.54945132286501 337.7788957114517
353.2396312237096 399.5701299820853
149.25205393387512 91.84214457382768
76.20604011214466 374.68655078596464
95.53871262201126 267.39086397341214
0.18051553694293787 302.2427961491969
355.20647818495866 156.34090689016665
63.214744550075295 118.91311667113347
395.43961345610785 78.67219294762742
158.94147679010868 293.57095129532945
196.64571056167765 140.59988859609214
137.7927912206874 348.8865202817214
185.02785433946315 214.4501094547511
50.66562024848791 304.928008758485
304.631690041974 219.0608466535401
92.46860995970718 306.5948171643758
202.12175265415047 223.66962001799737
137.7500796616312 347.10233591951305
188.55704195446242 54.889951277743386
207.87236687197662 162.62790280020062
345.9515699170771 355.5191718746271
68.96353914952815 248.61856054132426
62.421071801268944 225.5610655372193
32.143053484191775 136.15165572732994
8.232843427862102 269.9871140743256
312.28355465132285 367.1301200108368
306.09112481293283 84.40094732139976
198.83663790498565 19.984610691080462
2.506357455710173 328.9112676734944
2.0160824795277588 162.94572198319392
313.11182494909764 372.1588235008989
259.8975819722363 49.83967907443492
293.3073071670857 231.5841479827121
26.75970149884117 23.751927462139655
176.6246370232575 192.66287104203408
10.256405366860166 156.79336978661303
226.72587023962794 258.97639523566085
84.7771003852928 229.5947006497916
364.9602686455167 66.6262188133698
280.61574670435084 342.0451381310738
63.92207613035361 90.64082848678869
133.33630158366194 247.18207401482263
238.46648977208048 77.66470980290734
74.98731350079582 213.0291638388631
319.15715516103506 258.3596642048429
358.58405334797834 42.57074012973527
359.1337286031252 224.58918351506975
229.54238858158504 219.94125433399057
303.904063673703 200.59741867767193
292.51400751442856 1.298882639013188
44.58103651892711 194.0346464160917
269.33830569116964 31.743254883020278
178.59951345054256 181.82200887334275
203.59208160892385 145.0277509449132
117.96494470867218 267.4888428376881
39.48333239420232 390.70746798046486
113.60023443368665 40.75641292066044
387.60160803749216 233.75460985753227
105.37363530858718 376.7827402389894
187.30260846476403 84.56366925819054
260.90569463104544 231.62359260876931
85.27060637687134 42.65939296221028
32.26897056544069 22.105468058708944
72.0675569923833 175.31112392275995
138.2100628680904 322.44705397008335
253.24390966345388 2.647741614851107
270.5388594664674 266.6061018680088
178.85118692367072 123.75815822636503
126.84566509382095 214.46953078927157
114.96240023168949 93.65271957520429
187.7225321738534 321.64492444322684
213.07196354847883 148.85175256015373
285.1806096322389 246.7524144618218
318.01206513847006 179.75791201077894
49.97109739670829 136.75655248870154
152.28865074824935 260.8597136558359
179.03294235615226 50.018233250742085
24.505195269944878 275.2042733872392
330.30597986075156 108.3875397672303
31.808542235253377 107.46781797856517
330.6639982339368 113.79893251491015
161.0563755824129 130.3432452233213
273.7377232772321 321.4708185463078
340.6717806433775 271.85455830278886
387.9132893644513 130.9521904122872
354.915706802799 26.59870790168135
70.80762782132197 237.89959905837716
204.5740833514982 161.80590641568767
15.037485682141227 283.608475948024
382.82165272061906 369.5002010869796
291.11474030405776 245.96319319136876
232.29045171057524 128.93260771084064
206.81604600448108 134.61125970437752
259.1362722817907 168.84990243680366
328.39068690969674 184.80721819498604
202.16239415199553 357.0525130039363
27.485915532875318 288.5128665655121
389.82503094063543 195.08595710904598
108.68489350465076 57.9807330457482
265.2110759355253 358.80047823432636
276.06784449893456 86.18850296362601
118.84392365833763 300.90455536413725
213.22262676545293 250.13278411787513
41.43900648067205 219.52826287843715
79.64678281026684 297.13096286063745
293.49630964023146 97.20329414133992
67.4983683493653 260.9208919413983
85.88260849447282 27.556984560925414
116.16891432839745 273.4884645256014
375.3219378804403 272.4083420970248
348.1671073469267 270.1938931097063
300.9783781871743 29.844635195399416
268.3177528504021 329.9081908674332
323.08077520272957 344.24789928065053
259.29589336681175 348.51175554464356
371.8049301248732 152.1310939510703
10.031860446635132 213.24796452148246
374.39395195332344 333.03445603520936
29.538339800427504 227.06477224067405
200.7635913070983 22.623222843425282
327.2266608900853 226.21859766698117
352.6045592240679 345.51829163390954
281.79439875499435 241.05467719042272
18.259888682351377 338.28244746273214
74.28287604718622 69.0194043983209
225.42053825588667 158.37481558752177
26.918010775802248 160.6001869607707
