1000 400 200
30 80 0.1 0.05 40 200 0.1 0.05
531.7044847301898 280.4532617777146 27.278702231319375
685.9676200304687 68.4667305956872 26.2265746141722
853.6054209912517 250.0562409157138 28.079357703089702
112.2574842408407 150.42298876864487 26.772346465631397
502.19882477888154 167.15667891563274 25.145947109052077
30.26990376600136 379.6404561100882 28.46146419860482
107.49590653181052 160.81288080240816 27.850511013939425
544.1797632203995 28.56236669144061 24.124131394174327
724.9404954503459 311.53680459175814 23.55321409134507
300.83632304830223 77.7928719936964 27.140840937269886
357.2112551342091 230.8605371001604 28.403456011951164
858.67503660683 308.2401668956021 27.998974085208093
982.8592760160925 364.7655220318031 26.039157783945868
878.0761829025265 392.78486494606716 28.00678025498221
812.2672509272226 59.47966242307952 26.884613446373372
940.8390928765201 163.05545382042789 24.228316588033856
159.72506827062927 244.75048107576342 23.837678690950053
979.8467813864381 276.2957251583897 25.453072562561708
145.6458173410231 284.5037970837967 28.206391831337417
249.94948563542906 359.32503548239356 24.286541155354136
707.3245150918815 371.31263846203433 25.54264749715518
522.0159211330264 186.61055200301334 26.068136345923897
929.2681220882628 221.59579488507893 23.749904519169444
930.2730061662528 201.63313079796418 26.72515981631704
130.9795138563248 253.95512955773708 27.471104832598222
266.64613141040985 77.92462714343395 25.14992909581985
144.00781738295044 163.31147277688828 24.2344095114261
784.8574310774392 20.025615741101753 24.645026149313335
740.8138277534795 367.02570346835716 25.324760455483144
963.4582774158067 225.54909688784485 24.18159461097244
762.138580109888 93.2606235405237 25.51979819457562
564.5482383965038 86.67857198680586 25.02978011133956
440.5876680647096 72.4656435417784 26.074809909311956
519.3341293901832 340.6677492168231 23.980218397987482
96.39952777765903 14.81622405118106 24.043030429103986
150.44625499786645 340.88634841972936 25.22174702843052
444.0846207656365 313.22854973917214 27.789030398902565
403.4690019164826 288.0605181583921 26.673445520927917
399.90080011344975 75.46297478772672 24.492733673153538
677.7499036774155 29.72983391846156 25.49826606205626
520.9489822521933 300.84325767091514 24.382818264185037
512.3871706796197 217.47484804305128 24.819848588425717
84.88086478586342 387.01727080122606 26.198253978668845
462.4011507152251 337.8016119591005 24.601935199528352
679.5356734726206 58.485515892192375 27.007269383762544
579.384012788175 254.09164968222848 27.868817010623168
905.865841187591 98.59099517776771 26.550266908442772
749.1818400492222 282.87991980241236 27.19251394768954
93.74925535876721 256.31383967823103 23.987602793394213
917.0611428985758 65.79824391320525 24.75436871030952
524.0708285894553 73.3125319245942 24.579626835436844
800.8831427281102 195.45922632310405 23.521235967101727
574.0122175155991 88.71553242071725 26.894173644782303
829.4712953137622 234.7464748465326 26.734671818105845
34.921579512116054 251.45854260887123 25.599453254258673
692.8971829643608 378.5606761820504 27.180039128107
969.4171318627825 193.49956071180893 26.466014282819867
421.99226585644266 7.939376243021279 26.625194823038374
299.36436434553593 251.7911877295885 23.56252377630299
366.0572401232969 260.2615061814599 26.548729586269673
568.7811867279072 0.9633688777674454 23.71328876282871
772.4001662529283 86.35592157593193 24.328285073287535
272.17087505027115 369.5357042773795 26.501862116545947
22.77854244973765 304.897892446481 24.55235447092532
842.7354918021728 226.15168149746353 23.60024358305911
505.7141508092301 234.38861587461744 24.035613164253334
966.7338718266269 273.5740355482748 27.10698276388242
827.5291693303367 339.9114226538413 24.549064954888475
737.145936630316 280.515676198984 26.254178246745735
738.2360856946915 51.13447955424504 25.67229658193261
235.88855318184065 387.0709162163277 25.141569492225685
92.38614972038184 183.82525553927783 27.595509017897232
190.07635614403972 379.5716866538719 23.65865869150294
122.81037335002986 42.34566354032161 27.062655320934013
182.08377551875398 154.8892184390237 26.030440595765317
691.9095530454297 326.8511541724711 27.98230224868712
600.1685743831273 261.0491972948739 28.270639954153584
337.6804690400872 366.61129459891634 23.927431673439337
737.7658608805614 157.79219650553085 25.53447057080957
358.7927301711957 319.1446289209974 24.79638152737542
623.7281729283966 303.40845992059235 23.951360393397643
815.4208297778653 301.60816336035685 27.170938132501337
778.127286030131 127.57081894590803 23.99170895703955
762.7243611691509 62.74088071501631 27.350055382988806
920.9691613643042 47.49875895167999 24.01981345365735
806.273480250014 186.02313436661566 25.983984573998146
43.41147799716338 348.87492824117203 25.131257722425477
869.6240869162241 381.7199594393733 26.618321536616623
308.7839659069581 74.51894421006972 26.125302367611113
11.821089288376886 140.0159710013983 26.074563377158338
156.75369762691648 102.66776964916242 23.96353915201778
16.890135502359737 61.164908249803716 28.34653071663839
208.0702645065934 281.33246287494086 23.992022120083615
10.279311136979107 251.85684755624084 24.843157540280245
126.07751228353825 112.86382057785951 25.716406159786892
422.52390593299236 198.99268945581304 26.229733288524915
298.0593824661241 19.579761687162602 26.913816540550645
523.7929447761242 340.6385354945246 24.54316977813023
914.8552111877358 1.8506827426406858 28.22111583761092
471.97314932099965 5.752992546343139 25.5230536640104
908.2555746704631 127.9215786464249 24.171193922001557
250.97205449562367 264.72861244013274 25.40934930545954
956.5792979490234 142.2363915439401 23.55551188994517
96.26171482727153 316.0057841670193 23.619194086263334
890.5092343137542 387.13725268845246 28.30539007824069
504.505531054146 42.89304593606804 28.398232194771627
871.5820222742134 11.303922222492657 26.123824420752936
868.450787507279 40.90410714548778 24.52467825236011
519.4115226712286 365.69272630174294 28.41570443237674
254.04151938857134 389.78773100019174 26.56448752558429
122.37789577088098 211.2956337255934 23.693325249185484
102.70249882523785 195.12414120176973 23.780702979126268
368.61139635552763 198.7836500836822 27.346535880341314
378.625265434625 239.78062623618368 25.19570012542016
914.9943730365662 312.7906490729823 25.217637098931892
241.19419659923147 372.3003130457303 24.20747281776134
103.82069319357723 156.74970526794354 24.79948665491343
980.8370144260928 42.83222575668497 23.64549814480207
318.7938537796396 10.079197579797405 24.554824599652576
158.85710717406278 21.638751711879234 25.90265234893023
720.1866348887448 309.1465170858052 27.043601289735165
506.37348028739757 63.4283036444478 26.341071541804297
336.08022569511576 346.57811833018457 27.435459263252884
704.3909896250454 394.398103049951 26.195075945570856
932.3752594067075 178.6526318742008 28.00324937154141
148.16866342296942 398.32395086295065 26.696005957672554
505.3211488931183 174.97275645192093 25.251672549744576
828.2317523922263 182.44218036181917 26.744116102394113
200.12325289110422 204.37932902476456 26.078358781361757
593.2508295345998 351.1240431580028 25.632993325067975
568.1075766917338 160.9108898641415 28.42278254693925
24.126391982489114 262.0848455465604 25.683115662398606
240.1800208242565 97.04173919466754 26.095650578006993
593.3843612274328 361.49049541541444 26.113359398830433
770.0098908715423 120.71490891965996 24.246399388619675
530.6957131988437 184.96278409996677 27.632049087676254
837.4753843026334 168.84048504379336 26.30222166754631
107.146630893038 284.03252287761006 26.48148450948426
499.27989788872804 102.719371831131 24.26598456231721
802.8420826163989 323.68772749144495 23.550086693328712
324.0130511553935 58.79345673311924 26.294267303242204
871.4414200155036 246.70165909746493 23.562074620543857
194.88667171467046 178.48122591466128 24.27665822026948
170.08586393826752 83.54526393804784 25.762990062181963
243.40332588940893 149.64825770432597 28.22392966383604
214.55242698824685 190.7790288438644 26.296873641173566
776.663433336538 4.2511947238546455 26.150623881617328
349.89107950165356 332.52276474024353 26.083278754117618
462.11312890932066 385.3961505305521 25.546206703091343
720.6915577379897 304.3076916798689 27.27479058457921
265.38126853320773 44.734854867961936 24.69189309748957
578.7666868438373 380.46501432523075 26.74286353761399
325.4252079738187 348.79924958037276 25.955546495774417
997.5982475267895 108.0890162689435 27.79554627163418
769.3555159905811 320.31299888397126 24.727069373315377
562.4075586061521 54.17130631945453 24.878349835297573
386.762575897749 146.2331441855928 28.01820251803647
284.09815235359616 138.12701987186128 27.11183130925175
616.7284265532371 45.53129131082096 23.60476683912239
228.36456132039316 68.76371235158926 26.54847346267898
763.4482212566495 272.5378320458946 24.331615694477918
963.6303117583819 190.67087364845588 28.218594452194118
108.86208900623883 170.80996353154592 27.210810921977007
390.7105439370868 186.6716574103148 25.721138304728534
290.1341772086888 191.46046991422492 27.8360394385682
222.60419746857164 355.7709004048653 26.00046740785481
160.3134973411653 220.96469739451692 23.509690017167586
905.8953963713578 184.09373951738047 27.344282095018507
353.04841044311166 267.6640608302232 27.16631493605348
109.04906319632623 362.5293025583097 23.70946346688114
974.6535736405762 143.2708300490779 26.494793511802293
712.4597543479994 210.81314928628382 26.510307375744784
593.8711579734136 324.16680026545197 26.66315054817758
107.36996497272855 293.99243972091534 25.624970265379464
882.9306216550133 334.44331517581054 25.270796567788967
304.50366274252394 332.7588634016922 27.838068475640945
571.4679149997528 74.46752864390258 26.863456674596073
49.126149167965316 301.8968943246495 27.34668860114246
542.8676483693988 210.0456373060839 27.801119131384297
689.7828799860392 287.7203018397024 25.529416475244542
962.8686148284521 391.5031437298525 26.95822975431599
727.599115766066 161.2475830605118 25.4885549757779
861.9224182740646 11.48153592581318 26.631707773583646
728.0323602949304 163.13873918435274 25.10906041621629
971.7980195538638 225.97477163951916 26.844175237540032
975.5192744165474 151.97134319387305 25.577815582036223
266.12785028024166 14.863924742133916 24.649460230764138
933.5926858156218 20.914529127980153 27.627011307982333
293.7255785601438 374.4697578378799 28.001705979173757
200.67177987809558 39.655444776638184 25.71830289073793
289.1695627388946 312.6960511194381 27.64943092795933
358.64207403651096 247.68466133488914 26.092132810635462
260.81721463729366 223.19755589944538 24.50714645672299
453.2033252593758 49.645838447756674 24.050599983270743
902.4464664923444 83.440689539656 27.169528331479896
49.312864920614594 200.04086370164305 27.113329721862765
658.3360685807118 256.0477765581265 28.03091867369148
21.303682350224285 288.5456392940827 25.234159417934137
546.8992993101814 145.6935241736535 26.704733721180016
786.6982296418047 142.6741522445167 28.15166681449543
66.38100145056222 316.06972926040606
14.894570188115797 127.41479363850958
264.42014363604306 127.00613878152636
184.47236689474062 212.81777313813762
282.79529483326405 155.29249607477138
143.44721272947316 314.57699608268535
173.2352637044772 147.363080098212
285.9074184405098 174.57988976983455
391.77995175824003 372.2480451743348
251.31267194410194 220.53752747656355
279.3072378129333 300.8580089057512
292.91179129285683 74.29310870013812
178.7333192564494 219.7600034098108
265.60359071513193 76.07330721045811
239.67980106339047 144.00770671892565
193.60472907072452 194.12806176870387
83.66664711818844 31.47971568868222
156.80368426794806 33.345431238891535
37.655865855736394 51.56989497781854
225.69623940375942 313.0684951882843
191.03596308905134 323.9648797173849
178.31276992210857 153.4819066139396
90.90341019484076 118.63404880826694
148.5638562242034 191.5765534227419
262.7625117263327 196.04819361145348
383.9459704453823 141.84110275209702
128.53100844605748 367.03355063572724
131.5647969412452 123.47003618978417
91.0041309312113 264.55859770137255
324.9494281448714 295.01838937622836
163.69567434254358 345.1415898916542
210.14596264644774 269.0739532436633
347.2400787528517 275.4574787752711
328.09521998770396 23.65837295963842
188.30534779142366 310.11337151368605
161.31429059362824 383.7091501180345
204.2319079971818 29.452498552475515
256.41778406417126 15.135347645207275
116.3786923019566 281.637102063611
150.02994584482528 55.58017153190606
107.42271944231643 361.15137588603983
154.15451490323977 200.16439332824888
2.6245614048240995 156.2562535795328
198.08491198967766 67.12520418421795
172.3374895410478 210.81827554757163
77.45289457772544 187.40563852837494
262.8037025380328 171.3256782943382
227.02935756125729 393.89033418532284
384.5468063926066 327.7952016378141
112.40679624743497 130.12417736343608
122.43519683946485 307.66392830550376
126.70840660102161 54.99072541255936
78.75663535830802 244.65095012863824
81.98436582058042 88.96818507291093
220.41012285529962 119.96441591322284
200.97177642266297 129.22124908118383
273.58648684630526 61.12005732292545
143.40994850853352 54.92765881893931
194.07495750550066 184.02786705955356
42.11869347056738 150.879030746934
138.59863446215553 276.89436728333567
377.5627013925743 96.5363073507437
172.34716953303698 49.87849794954391
385.6407440377547 199.36032880243445
170.14080671436855 212.3295447478484
371.9542425486421 195.37920401526665
3.425569441981624 89.82659676491735
196.82500815413658 296.5944461220643
352.5647650332963 56.12920128655503
298.84797486851164 233.96847934049222
143.6578979732448 330.5397885594316
140.78011254833874 26.376966727974207
81.38349229598983 79.06901784200375
290.08241426177653 300.04973621962085
234.12809493356428 258.1856324639382
87.4475480136899 189.664956546997
324.9292407026087 252.8234151785164
210.16119912008176 371.40166359812565
291.5258406951029 85.70799320302905
3.1609615874319097 9.896530399731551
201.07512445399 12.957295453694195
29.172167352400933 145.19121876747403
339.8607793987209 71.2997555850277
80.31564072376662 302.39739150898924
245.58266402827053 5.145266366617873
297.0980258809544 275.9470896058903
9.584031079434174 177.1342375404759
56.710998217456996 321.93674268865135
348.63783339571944 153.68094560176337
321.0811747402669 386.2137264036725
130.67936896457164 57.417950837143785
176.12833764347604 102.49510695478384
36.13801994990658 91.33879576615823
147.2050467561874 113.94858010763222
46.28663638058854 264.82716935484297
341.7064487892158 203.30661467236803
72.29253492109792 89.65098323067195
148.3546292554989 360.72501245587404
73.4199315108925 64.39071860972345
113.67761384820633 75.23813702718387
60.09906318837919 328.66180346016483
119.71854368410094 4.803327082851716
237.3429824487949 143.88161628457192
303.02642186001265 361.5678855210815
16.258603829663265 45.222115579439624
283.49523335533536 243.13253309729697
106.16423780771301 209.7799685140948
212.63397514549155 147.22590198366197
397.0913648318886 198.88635558181153
304.36577527735454 26.345203786224314
252.21420560132722 357.8696652549696
277.46987032091545 270.5589485300094
352.0161305180095 194.47450834236383
117.2957500520444 150.80803300690988
366.767532873265 7.53137187684656
355.39462406688017 311.68235606794644
81.15568134214266 100.36174791361935
69.22874837927786 71.79056218864082
354.672278322745 288.79428579827857
20.1349053738777 171.48124839725537
73.63056705251823 301.55798023431566
376.2339809415667 1.814558316611814
35.4489210697011 271.2092178886386
107.9940984090714 55.323685603176955
103.10397678637196 226.6400185906401
397.67046589475905 158.24654264185543
377.4216144302325 323.6054406379116
69.8607574017145 375.548248094756
157.1399862348014 287.5987660315276
328.9303352456557 324.19602499538814
91.44414737962903 393.7938002305441
180.07740318594387 386.78847087989567
376.9378449754522 71.66392944135237
14.323719441031946 186.78186298418876
310.78314343544366 297.27869247754654
153.73213637165466 68.19681334046348
384.00473610290203 324.1687735820681
81.66779615242152 216.82928604603057
183.72097453902208 4.0412477511876155
223.93566877403174 266.6303684632852
70.32948349997645 361.5174368278954
300.1423523125563 154.060113909375
305.44090476680094 12.456345738100971
30.646125882921993 214.86116666360778
28.619725306599754 253.31727816159017
162.97449605176678 261.83863492954384
215.7569861532676 399.405915423737
372.6042905479649 38.87326921617111
299.1651391980076 12.738714570518006
396.51500170068744 215.5355933811073
289.25112310922907 35.65102489492222
173.94160191764678 368.3093186758383
209.88904431382932 134.16518828480326
197.26868310876085 188.57292105094086
44.37992010448277 355.5252372350849
317.02358278842723 64.12901250405811
186.15106975799455 317.1955948457917
298.44143043672864 0.21156982469059393
198.11376784155578 170.0117996837864
93.09109582883903 377.5419556866202
106.86322941213331 116.06178462500725
67.56629077144206 289.14504186808017
292.67054715125795 112.26707975023955
122.26191408007901 354.2775045903568
83.4820065556904 153.5236088527546
136.77123070141252 176.96108436439198
220.9066829983144 204.6528065117577
94.45521183401482 398.25391181287125
38.438934066801124 238.30396482424106
167.250910537487 385.53402918049835
76.92790100573231 136.3396172135496
182.8013450610688 208.70947666014712
159.57209190298366 25.126433531890633
249.5051232182293 72.41029508672332
58.48213576410441 340.544363092676
281.0995125877417 204.8580676305304
7.121159627539653 356.4179375696338
140.9063318925209 148.24958356685883
247.6972443379611 60.46371328560247
116.88578342529574 52.13156954809408
149.84837117491134 324.73890228925274
242.15874762247358 340.3842113378103
196.72589972956695 292.96656736657604
191.67391753658606 4.071761794793627
306.84798279879743 395.00351792780344
314.2115868351914 166.55913147682125
344.86027300879 399.10773490999037
399.93162935533286 73.93407001582908
71.60671166486883 25.55249329899505
37.188881421133104 82.91506541412454
193.67884012642088 70.52541348559274
78.35459319483782 150.0657662929642
394.877687486544 327.1408421431353
12.898418522735744 370.2773781552431
266.78803238816266 40.784950301787326
137.00091436624274 269.12106910091507
102.93028823893171 398.90329240408187
312.48225145639174 222.8130564059089
180.72100402179152 230.73140996519152
23.848350242172287 361.17566737760984
