1000 400 200
30 80 0.1 0.05 40 200 0.1 0.05
756.3559886887596 148.04186600350394 27.667642067842856
52.57510950460287 225.81758038037228 25.086245535113708
413.59517509053046 381.3940384447823 27.907712637885517
628.3607803830139 230.4244183264418 23.52467372096382
40.57332387554413 148.19103934162294 27.23126520554308
690.8985202171295 195.40560333314363 28.315205935864093
698.7214806624421 191.26581220007606 26.78893976001695
951.2369298866896 78.35366904918976 28.45378084218487
487.3713308380093 270.95635136330736 28.242665141435726
947.1719438607303 341.8667496017084 25.56110963070187
90.12762672529395 136.27958430903183 27.49078929793939
914.9735536013759 246.23617572094864 23.579531847319004
560.1694074309153 231.9706593938032 26.126782598517938
748.5273595112525 63.89150316950172 24.982604951154155
736.7198929536287 68.5157034667768 25.587149845811545
901.2898997336453 70.82325877738351 25.524266546799925
97.37271371958856 252.81552480301795 27.78652719906512
50.87699574953808 42.26340903020276 25.040876702709653
139.08343357142672 113.32533151358946 25.952963031170054
55.82487254705304 342.07536047152036 24.172066173661023
326.6526591274411 108.93686496548037 25.60336270145853
713.4988212333178 172.98028555595394 24.41028178795424
580.5455158645101 7.770540849808016 24.86163938548242
773.5628172157402 392.0649757256742 24.558800032459366
321.8856012885136 51.44089367385747 25.078262763292255
691.0286784680432 255.86887673005756 24.26771974587054
424.282889944232 42.01578951046905 25.40202967521715
506.71671037139254 123.37571635817439 25.73036849214845
509.53127513521 31.322731230137045 27.259735565099
732.8919728852164 13.827373518443897 27.121352972886864
883.742326651191 152.73094132847294 26.77815162655972
81.68346690785656 308.57730935660345 24.814231666351745
855.6454776700169 80.07054392408025 27.930809487870455
609.3096879537075 40.0956444791174 25.56292357606379
69.93307708174379 161.70639430599354 28.489444969647312
337.6633473616698 183.37153347490295 26.50731633138072
982.886369440494 63.478631374052256 26.82081948896129
555.8643121195189 130.71874076193447 25.270295954028757
409.1881922541564 134.5217943789143 23.79264816678785
869.2610619955941 284.5201020434332 24.36015421297898
678.7878698606302 125.89365038106473 26.870527488881116
145.21397042125628 156.63479117436557 24.24798831856649
908.7814986549797 153.2500223030642 28.218458595109418
968.863783261582 249.68084914556022 25.632612221840155
62.23681158252392 380.00874022123276 25.810556522407055
154.8933611277269 364.5840770055642 24.67333694571634
225.32573850019756 253.81928158121414 28.256959617367922
521.81684449363 299.79433815473504 26.110830876545464
74.50568484669218 172.71086356785892 25.01331225697274
204.2426697541141 368.3016830762487 24.8145734420545
62.166353219029524 272.7963076398626 27.635367903333933
608.3952639792503 165.67864960051773 25.107998918312816
954.3561016275651 370.3773246617718 23.747513519436005
981.3566397355959 301.2217742644168 26.304474020480473
87.02461492097247 279.9944708523069 23.889975762034297
911.2953054404775 299.00563136151266 23.923346136763396
943.6424322681369 157.4082673047858 25.602145044767116
772.5477007497847 49.1871740211931 26.58937530342189
319.93293581086635 342.4514114545205 26.181231045745292
715.846901264218 123.84760033048114 28.304245281274518
650.5093412807353 29.672161231663186 27.953093954459533
742.1686726180795 366.4233860464653 27.62823307910631
794.0438669457677 371.9610003688491 26.516719883683592
322.374774545772 38.49910274108286 26.94557442465008
271.6903694167074 189.9322928926773 24.920926206744845
989.7419854739796 200.30214607056257 24.890033273277716
238.1841149042888 352.4855532489338 25.73138697568661
66.11184611957455 268.29388220769516 23.76849478113991
243.5796452611616 15.212768389152709 24.312202521155182
834.1940473996052 110.18493278153744 25.39024712137725
570.0629670385438 325.41441045755494 27.72764889416281
859.795983479896 98.6530099560453 26.647558648781157
853.6621471470365 66.45305465046141 24.54943274071818
41.59488706411596 262.90257094286795 24.918156401361323
122.83438437846095 129.77594384055936 25.60012355939471
237.55695727779002 283.6155033386225 24.400572705718332
899.5522530065922 48.69085046006924 23.576207386354593
823.1548586772676 322.1927501543475 27.736754772118243
755.2507753303784 251.15052228808358 26.360525540809814
285.9274938431029 328.6186382884004 27.219893134287744
632.3046880159318 205.40373400248185 28.174246141502785
384.3315727631793 21.682834349814108 26.885566995586558
316.93556337032913 27.172552264892815 27.037838253239595
598.7887160790344 87.310636916231 28.306844221038855
963.8253346557703 243.5304113193349 24.048043871957027
603.7518453052904 120.77105994334465 24.784110459501242
355.3405417331335 289.15047827040104 23.95720413908824
487.78672066382245 90.69401348270576 26.27270495946535
255.124210504431 236.08339046154052 24.420492672713074
62.25529500999028 190.02463769344473 27.119851546587174
459.74350210634964 288.4742000860857 23.998035599851544
118.23396400211305 42.91360835571805 23.89021701895539
932.8163399705586 37.155146377583925 27.73930268593463
127.71732501034805 257.4791477920554 28.009401045388124
240.18019773371867 263.11982213007525 26.597675546116548
22.73516679182519 371.5188905539175 24.018827395465745
705.6908698676523 369.51077603909346 28.419240267394773
130.41101689306922 169.48913877870044 26.145315483232437
635.4941124529686 43.70257939117379 28.20150477130408
570.7544451547959 11.045751176025842 27.984883421156162
271.33229555024764 307.8505739203239 28.339146661685966
836.5192709289983 379.5453304949015 25.083262161490598
34.7264000320644 280.16920078087384 26.763712861686237
442.06685980624746 327.27854573125273 25.374758651628685
114.69216043499553 381.21662977625505 26.075396510352153
444.0093931458743 375.73973242538545 25.985434537918113
579.8575671912243 189.3615418939951 27.775020927688306
965.5137225230883 255.56897842839436 27.09439444364257
306.173323683135 355.90832065347263 25.58490013263251
185.43483530249193 92.3253677462886 28.015987300235984
995.4512091437291 180.3242119995025 25.13446450289145
341.70849504544896 130.1038286739513 25.66299966917758
106.20336364120652 335.6618888561253 26.25094978946818
326.3296149469972 223.08298064201492 25.182895817087694
362.03964985658786 108.36926436496643 24.991914476063652
269.31529382402965 122.02926231221771 28.041660430531543
676.4373337023918 328.7402340991929 26.87415411900357
895.7124488533781 163.97283174072638 23.738024739510685
415.13003649360746 240.5517922672223 28.466335729183097
339.2502242246379 82.85504087329257 26.849366289251495
284.64422386376765 81.96949266665538 27.32840019229048
876.8202563629613 159.81520351413008 26.28332392623937
210.4986446639956 284.3508255674275 24.891851439326892
749.630691828405 105.57769890621044 25.58947199059208
70.99576268832897 169.64963834819505 28.208231788980466
821.5407489251032 314.5088243321047 27.485955610940458
348.9799591885008 37.990725407596535 25.95950366209487
426.52574971042924 69.47707651511945 27.498866669524027
717.8902481058293 250.65703448040006 25.869220111765905
931.1164295315302 246.56224941024968 26.778783717504503
400.24686011789834 164.97852871558786 27.807169057237466
511.5362236346006 225.55665165860717 25.840133721954693
233.60778739286158 269.9473432275522 27.806857408398365
568.5437256793432 131.47862964569416 25.61504606746393
705.1164026956661 77.07378857462666 27.763409893939436
396.96035844446556 308.11334701374193 25.883740653738833
522.0077296437644 381.0579877843189 26.3321917706959
934.692155455173 269.7999705592076 25.757155716858364
369.70524288250607 329.0476566266303 25.073110909475112
52.77714121057186 123.9383555214101 25.472806656325684
466.14310029511705 304.0998992239011 26.983872086336564
250.5202872782052 154.38283788237368 25.709468163710003
992.2979239144552 85.2289344263629 25.523573084766067
296.9059504660382 74.16602383913626 26.927253123252367
903.0808395244917 309.11885431317603 27.06646337968194
241.86692060426674 82.74274080787731 24.753476059819157
485.08000414869923 111.97506212734689 28.449303857575593
911.1780839496668 4.803615443323084 28.12715097682242
110.38078342269687 27.59753834783418 24.123841579705363
21.14719376178109 270.0702927703079 28.111283112740793
267.92705761525826 381.84713034637565 26.12206687122379
100.18161406945325 360.49006422389954 24.916835166440126
261.59996798804053 245.25980286739025 24.044168567682995
601.8849313189127 165.7877889723089 27.54933621038508
120.23005034891277 344.4080692913725 25.029821654414103
728.6184439962441 32.04802580986996 25.49186475449701
738.8539779667663 317.2294214293433 23.849398011297023
267.364327957991 261.2805027117048 24.239280452336544
79.27623602654532 25.204280370264076 26.01400544936841
55.03830335717708 141.90846794514056 25.170167516495557
214.8796224475984 271.9862979607304 25.04745225281733
843.7856413281727 98.70256836222286 24.916434850859126
969.9937753780134 158.63128774295254 25.669179343474337
305.7912641188305 302.5032521581371 26.906710145905816
35.20860603179698 33.453480038276815 24.71916132320252
601.1605006265598 250.52297834846905 28.318766449108033
440.9077950760831 342.0247404109958 24.812381670769746
402.7669078319869 11.236429443326967 24.087799609190213
642.9751460588984 90.93919499150785 28.274747108243023
21.784965895855546 336.74288522793734 26.55037695654094
764.9441030290262 117.45873513703833 26.20160065161671
471.9648478779761 11.660798774404935 27.536623430091637
594.544881423243 384.548625511513 25.046081686762264
36.47927226412384 81.48094883975104 25.393396651970306
141.2562649538359 144.37394482745222 28.023600572750993
417.16784510606686 254.00169936281932 28.27589800331924
113.56639214783837 349.07080396289336 25.58114464756625
532.8851097111493 382.8891229387311 23.690812852717393
805.540523066244 20.298819387699396 26.98090380143537
843.9653118869448 129.18587800791494 26.42650043909456
124.21060342145263 172.23658645872337 27.676049324251807
987.9628323101211 380.12700004147644 24.740145289963948
921.3422937787569 238.56762214742054 25.08605299585203
964.1014589196949 129.04872142844715 24.67271755265358
291.27771538573256 173.63443122856492 26.817703408230997
968.4323251756792 148.3881743731255 27.174011038585384
983.6469127870279 241.07970390463277 27.518348207687712
798.5992524618188 1.4087602055531612 26.9952525310127
775.5148884887093 198.46102503890558 25.8166134477585
978.253202113623 137.73815542619937 24.05850564364674
318.58645419103937 130.78514481149512 25.114071725060825
30.337480207329847 22.21414782538553 24.86239030146878
186.9026012456051 45.67491619047503 27.984540082731584
711.3411764057997 193.78849383589449 26.913959847965693
209.3836267245144 352.7224434969841 24.245786925092563
232.73498742714781 397.9812171204642 23.77772603808607
586.8309389769345 13.01133941093986 28.25565494505781
190.56925688617676 157.99783862523404 26.055014941858644
218.69211028868307 334.0744460456468 23.999615366698357
920.922840854325 240.2610575978757 28.009624263126078
140.80074201786826 41.707633681924825
293.00359966139484 216.28159692094053
242.6559018439102 124.64718056299238
164.51325225210886 92.84960195889332
174.5173879386933 374.1045376832208
19.885464521467135 157.8463227978626
107.42273562362858 281.6787519864007
4.7885372693259765 101.31132160383838
210.37227121396347 143.5358896710552
163.42622895128108 181.43603382776212
341.9218126617154 29.714418291206044
312.2594961352097 367.91254344042284
149.7376327553369 373.2734581011076
395.0853893919666 302.20174983173257
260.15740806425487 225.09688589405536
211.08689508241264 225.4165750832053
162.06602985125406 258.05702073298124
185.98317811326828 168.6567969255357
324.1611639585826 154.63204022392904
47.4251689521028 357.27248484506725
231.94876548390587 74.96200015189362
269.29719109146157 349.67364532450256
390.5745253089767 277.71894214939886
365.6008360942242 312.94452921304975
111.86290682488207 54.05723453411597
143.11309877857084 231.66139254264587
88.70086158040871 135.30091112582326
63.026151874290015 152.95336290031338
157.1691834783363 47.91522060485982
115.29198551410991 389.98648113683817
256.5898367653826 314.7005960201323
275.41070523529595 137.69179720383516
19.923433039882 139.03744736925822
91.91676945325149 198.69897341612287
61.71651429296743 259.40117312151574
243.8333304674477 74.07732552484023
278.0639709667903 24.2571903476966
210.88021001962795 342.6270944565339
132.81764310599448 212.8364322247512
315.23685684012395 34.104202643207685
176.53748974282638 315.1824772833388
122.17708886711978 395.9023807426531
129.44775149643922 85.25210189097554
127.90825600339969 259.3573413063316
356.9258434716709 193.74145498218928
216.46288360420326 130.97799974490152
75.81737279543756 132.70101085986235
133.5065757031004 165.55068457369075
352.1364629531772 361.8928593128389
203.44163053380683 122.20272974563665
85.47608017190478 37.23448142149284
307.2012823015894 61.152433706665036
322.71858750317415 324.5640415436541
141.64535228666062 108.01315032189139
3.4026754978319307 277.3525368207218
397.48342747034854 94.15975130183334
211.36804366990347 344.87899972481773
321.1676065301719 75.80641656877046
192.0651827121383 177.77543473138303
167.21219300121302 241.08532243752285
392.18304022986376 110.73894875924802
100.91360613661821 333.5562837003951
388.0129936213868 327.5989211185051
177.45921420115974 52.21837863068348
391.2333370871218 251.81796429654324
301.9294520915299 132.23472232985918
55.563789747150814 355.8958267944741
165.71335204656714 167.22261207734087
355.00552865999543 146.03612978584812
258.3730099923232 103.10171655928065
164.14766266414523 353.8264218489408
170.0082877397557 115.13347470510902
43.286641426860626 354.5727188415564
327.6887955843537 273.9257908174356
15.87097001217539 332.32009959446054
50.53539228677333 212.81746534471785
223.04885476032848 124.4819644472698
361.5495819786191 328.19759829585564
49.86244797368031 204.39076050417873
360.3045397822271 275.955753517657
239.89760730642166 97.9738249624035
339.1270016110804 71.39925103132443
49.96398924993808 81.14863765678932
16.415266356176872 356.61476996898193
43.645716243829824 67.42228951616372
264.25379300295384 168.39177514960375
282.3286937544443 370.57072852905407
323.50071399101046 21.466192908653213
244.575983276362 115.16374898234369
128.0401769784314 115.98323124740935
389.48863383908633 68.0926610778442
200.90699660166246 384.71883790093375
276.9547030971867 377.1478588906063
38.50678292130056 114.74004734023976
167.45484888442465 128.08428114151545
365.1703590417543 9.824978712878885
46.35877765586027 369.5035128548996
318.7967080745848 4.10392255891181
52.4120498127231 105.27154770376556
319.3547396069288 294.0235563974954
137.37869401442552 117.08230221072498
275.5291811286221 124.87698909332177
43.5705751771303 355.1671929230231
100.81216332236838 49.782872467946724
158.2600244200973 223.0420059360987
38.85727303079034 273.13759950698204
288.73805852402705 182.5727185693561
38.928478238106344 297.2050833674646
99.04589413544844 118.53268026302155
375.79231997739015 209.64925704761455
259.17332185985254 27.214135108000768
274.4169305644623 381.45520235993706
79.78294154316221 231.54769833920219
278.35734356858626 88.8252259505891
340.28501154383673 275.5740061308019
291.72214153515887 229.27699459117537
365.3532309674249 314.0024196154414
228.1320824229704 71.31135426164849
164.7374169321463 187.9823027223293
16.096889443251563 58.6582419679464
23.494651669722444 266.102860180049
338.752221236102 84.24945842107788
114.5260983634628 130.02849635151188
126.91426271766116 155.70798712219212
302.57232604599136 297.066838079676
277.9250948133469 393.2839779694618
118.58563666151537 397.35752302553874
138.7776441098526 232.80815264125093
105.66340253057919 161.26031353510518
370.5245692904285 150.37421087416766
372.49219928992846 22.91191318641839
101.99110079914723 382.10206436523293
237.5179618699892 108.81109708792711
184.3275360243188 381.4747812122869
306.8232859988536 255.68287207879067
273.95255405947705 138.38242096374373
0.9582602800200402 289.762696250593
199.9544193644291 378.1467182545135
230.73720902783177 300.03247691939526
13.032336078621976 265.4411640873018
219.2790411295083 250.83070317365315
266.57639306693187 157.16171225895565
177.33479289387625 204.64979645841703
46.499617841332295 379.94375852309065
61.211308537521305 263.8241571364297
244.95166185868916 152.16206012981291
177.3658518094556 290.2032452944923
364.0591457941399 26.89038135387389
345.0120292865393 324.7945138528151
339.35326747527415 201.43876194178426
287.84280160937936 204.75171329292667
88.56087551138793 120.72655041133964
98.24237399542758 362.9746226158902
319.9511184062669 395.89024870258544
2.124062578931163 395.9770238677199
175.44490729772818 166.1656284378262
49.796913290789924 98.57022108353122
137.21056856186107 51.22433050442812
368.02970244945027 89.30012736649769
292.48431492684864 372.7857719907138
30.7462398495884 288.4665245624021
129.87003845793788 368.4657530496384
240.55175243628875 360.9436697456813
131.38831119469913 277.4637942859896
160.55566748996785 398.91230336344415
328.060352820816 46.831972562894286
195.72178565626058 195.00324442733015
302.8282431393134 388.7084186280709
195.2423261913263 244.2440280664912
53.128100454203064 13.039551976419439
132.19819974020646 313.59001818893654
66.44900067641078 266.9554601677352
314.0332237542983 30.712556733393235
315.725585961428 331.1037258157369
287.1357601952363 69.10708964155661
47.42819739242652 154.8874215759397
321.0868939851495 144.47481575729023
13.729956327079629 56.6936827036999
292.89983739157543 387.7221847208205
191.14575790809965 171.8400135532868
338.84088323039936 122.81307057694093
231.5538603546407 100.10590727437751
201.18788478788167 253.09910437061913
107.52633313914544 386.3580768222235
169.54779945429874 347.6442468844448
242.41023886540412 61.91831220868056
301.12061809204727 319.4504722195982
256.61709740087224 380.96340162056947
201.56231575589462 100.3817167610955
115.09372584478261 105.38740979610526
257.8655055562316 142.97428385699072
126.96332782164173 223.19698988880202
36.94165880321307 117.21218620340696
126.84109452852516 229.65126267517672
198.35482942757784 20.736719081184816
58.344430280626945 56.998229347604436
316.9220187847766 283.8501193356746
83.83341040911874 207.8005018999892
70.66117015217057 126.06378131243474
260.432755710354 28.483473994156185
