1000 400 200
30 80 0.1 0.05 40 200 0.1 0.05
864.8714494710684 112.77745334195149 25.598300463799852
407.5735018150529 141.9024346439291 25.879851917389274
832.5878614037089 323.22944903693906 24.613808437983224
112.91084473247159 319.6255895568219 27.50770742004513
685.8956524364748 152.39358262502867 23.775432950973745
955.0547137564421 334.68283013976674 27.854460642413663
773.4453554725651 325.12805392951753 24.64635214963074
410.10297098928663 244.79439889889346 27.043274995000285
829.0696156125179 276.4491891398602 27.253340933184223
712.8075275185624 390.88129412104433 23.830541837653502
216.76375401560512 189.0675234701637 26.374982123769186
724.8843767492244 397.5324807134101 27.586397096528827
782.0184229296016 39.76849927118926 26.688207098100015
387.13638770582173 55.46776052245068 27.22520697307547
381.0191170872397 89.46263517258063 24.36956871031474
137.10925013763952 399.84103959106267 24.533775969435055
239.40123651015256 316.6725533972192 23.659072216615115
464.34902877451776 209.25275821495072 27.847855778039367
298.8745394788167 157.6783449636381 28.194918806819462
955.5090315525471 21.790124321995208 27.181665266041183
862.83738711171 7.022372698313939 26.043896209376477
213.47948270244643 196.67797658817426 26.733267984398907
917.6864494029968 246.84698672131634 28.195526156990457
552.172622480144 362.3442328029848 27.79285912078432
48.37096881300362 378.6181236242107 24.503944975556927
427.25529279886086 121.77112240117292 27.952735278066058
495.1934221802109 360.94057895593244 24.279746908850683
890.5166082864874 290.5582114103967 26.747784644241612
521.1460249244461 15.912741568521094 26.818906155827488
601.1072705580947 97.55589182187698 27.3939244941095
329.29675431102135 26.06458529457134 27.45605463284975
911.8759297645927 176.37928559747786 27.69861207814821
538.8778688518925 345.3891545779422 27.327828862632916
516.6219566181513 231.4729180088213 24.911298232209973
994.6324332584643 301.0800897941057 23.996101410900955
9.322647708905896 206.30659102332115 25.790806742104113
41.370176948920204 45.84080482645354 24.712429801751515
306.1887705778876 364.13378143845864 24.37879985012987
486.17213237738935 281.30189076180966 25.190128856133438
224.54605194133038 282.67540043621955 25.38080187208524
232.7418477292451 327.1859398583264 27.80950248705187
29.69479338573344 50.99517345953464 26.025143588845275
991.3805565327517 43.16072612293604 26.71984715455164
554.6047684894522 246.34867536270616 26.261481558866116
826.1914385144802 74.33654716201956 26.058112630751452
591.9721275878314 186.30649129019986 26.999433296317722
427.49503082513394 9.358433339433159 25.70221645812209
850.0874377628932 141.11437037434044 24.208918927799875
518.041071326 203.03365106363103 23.574955984422854
471.30443910604714 15.949363136112948 24.400965890630154
389.28294236713043 283.18547242531076 25.454638552254814
224.6958485119015 54.1023422196556 27.684323910667004
188.46591048271875 262.4511517189391 23.707703703167706
214.65019707514833 270.5534825055421 25.0119587844128
755.1709353277467 207.3108838406241 27.997885152239018
678.4898686302491 120.05057704179278 27.764412528113606
850.7292228054672 144.76112970923523 24.24135099771816
984.3426201847296 372.53853864215193 27.695572416517507
895.9294537042579 246.49536629391758 27.247659903510197
763.0112421038801 368.2658700649406 27.831416794152346
488.90711439050415 124.7440776500262 27.22653508460663
613.8770561838834 330.49788915976177 27.863983529053833
220.1349850097437 75.31875466318607 26.749011934494007
586.2292982940305 19.639794740972683 28.230712364386928
636.0012955995446 152.91817416835394 26.66148021256189
646.9985800578985 31.605061218066144 23.582396225735813
674.4213733726515 71.15386264632888 24.679888967639865
268.72796124360343 207.0964724574798 23.999549206492006
850.0018535587966 363.55240810790457 26.99067357443578
694.6540736265973 177.48988033799918 24.754760323329684
794.0710510485106 269.25923763882946 25.690937459617196
119.78062964559489 96.36421607322228 25.884629024046507
144.87663329147017 334.31879981849966 25.583572631961772
148.4744515827785 81.29658206665704 25.43560103041576
970.7852545086055 31.003987839208502 23.9582288467213
302.93549595439316 24.978761501749247 26.199278262294644
926.6275521795599 347.2299088569636 28.025588432732135
837.3043988156624 353.4020426341966 24.629746309850773
769.5124190433775 7.878585029567597 24.60391069300971
605.4608763255357 155.94136037599955 26.622727921126128
71.46802594154767 150.89798186988807 26.19128483376359
604.898578916867 350.5376446501295 27.977868403240635
385.0022738103974 253.0858844274612 26.38685101569165
114.47628389298391 58.47085304491437 24.814513066119666
463.84038297874844 312.04330474758825 25.67617934433662
22.254629934838288 347.8241251103533 26.480643826679913
681.2922504676854 139.14765602372637 27.281166573078433
134.82183115479907 381.8041701147494 25.706270300786723
586.4056016217677 169.56933223746628 26.238725923314817
527.1551406870292 315.49440371986816 23.887964103612806
703.6223004338973 284.1021461484679 26.245093323837924
559.6950349558088 379.01548804811864 26.541211037885883
622.3021268718168 267.4133066256694 26.448007461684448
206.34215617620055 141.84466308409193 26.57201516629184
92.31304532618722 370.5090081951436 24.135980480230028
124.8105773573176 66.34000121474722 27.158314147843463
991.884255650535 342.7713480827576 26.745356536375553
202.3491303297802 141.22011826294062 23.61417548157753
461.9309582908248 360.618606462104 24.34925733205504
540.315330691206 69.5036235425166 23.66378247349735
301.8152018695979 84.18784525448042 23.60957454737542
337.36741815083604 120.60708204914987 25.465565637554718
536.6038550282445 167.70313541643546 24.350044072483765
401.91709123919173 112.07580949671598 24.496570604669003
333.8032892381988 149.3895135139628 26.465608077394332
0.6253061744697641 150.6687253720073 26.88971424705191
653.6388275035432 337.68788187901833 27.825648027775458
33.662667088834695 241.87816264747698 27.97779638491848
943.4343485433831 145.6350239603002 28.395492350348622
643.6093656315378 96.82769378866057 23.96318971188233
162.6335511777549 126.86127043292466 23.715505278149905
9.527100929971777 69.99718257707595 24.735607275637708
576.4672608049183 25.741984457712206 26.598063777532737
369.0599212814638 313.26407771679936 25.696178165475086
256.0613235479556 330.5833125462464 27.87220031920523
39.45215936856417 112.96514295109338 26.917580757062844
540.623582292604 40.84333300560328 23.900387646407623
85.023021359791 287.46308167771 28.339872147605664
869.8493388745243 324.5523208055538 25.573016148716455
187.69954670862066 182.1886475466144 23.841994507767666
195.31640130659423 16.316188854855707 28.449048167338244
524.3439573657477 245.21238110172638 24.67116615369195
488.7579602541368 24.330741393550248 23.53603501549411
17.36008479070572 255.7200497501957 25.697312389143175
839.9274287151701 80.21653905353499 25.00338533773084
102.83804847346923 385.71443922687865 26.487539656023603
981.4091555041439 250.47135940961073 28.498134156358724
224.58696398190347 195.9827517965896 28.075986732530456
293.15569368794604 73.94393212277018 28.015465542620923
105.97656105933883 313.7452985587187 26.20613918234652
973.5999449782001 105.72567000142858 25.784289476785446
639.5979663975919 43.07655258837393 25.524188675536053
961.6249852686379 112.75087915422488 23.913013961779107
54.27686520908448 170.55627243651804 27.840955263951727
746.0766593233526 227.45729482200113 25.638417845246813
128.71763524888235 16.805463535114697 26.90333328210488
595.3512881734325 139.10245030516478 27.701733161616616
301.6875633051235 137.48118295405902 23.7306220918966
214.23474505980656 172.52322951395945 27.395565603520648
932.7075317927622 1.5853822531564976 24.192275860509444
920.8357882693622 224.78187426899382 27.172377978638846
969.1111224786233 395.9770747169558 26.206750675458643
212.2474264661973 323.5270682780902 26.853562532824142
321.3584356162934 166.90531485702863 24.41081259043683
929.4627649192263 228.0289680693081 26.635652545959942
206.8076534756369 75.09202078736692 27.928839436331028
62.91629820733247 374.488489856257 25.449339268609762
132.7960172775624 292.03071521619506 26.615627127694918
779.5458719556134 399.8884722292788 26.21443876577427
514.7754381521005 2.1193879246120595 25.866688675850106
267.0753959541011 60.613987629686996 26.060919615188283
798.1769425269994 117.15390841590687 27.40908266501252
44.78040002468009 59.33623675421278 27.298062872663333
429.3052007681093 194.46344485336104 26.88487841279144
92.66973689310376 140.99472737387043 24.440674793165513
828.4298310764533 234.21155916018046 24.109265021399843
410.023184926325 319.64183812656194 24.807250589125054
306.75677896276966 190.50674800062617 27.57625121586651
883.668129181088 324.69764333285684 27.43874260229687
459.4215032982978 259.10511817421934 24.656443416087843
877.2357899643032 248.8165112820375 27.431118674785413
202.2081380071058 114.53556831780088 27.402475083170845
42.75938135709889 249.85687911091645 24.297588755676834
215.4058001016721 293.0757360542246 27.476620405801377
100.09080283552075 184.88643944525145 27.9789924736945
950.9787191422471 5.545098635215329 27.32964510739529
869.3196477857925 182.01296027272335 25.38950414493506
557.838419728147 184.50066190470005 27.887101680371472
615.1549084822979 2.1215335234416433 27.440038333929493
515.1300717694353 12.011822044531595 25.995513481370935
755.4285956300434 192.08800948029693 23.828406027514134
537.6186472878959 43.39388787609075 25.212023911980793
480.7268418837638 337.24081844060686 28.262642503334956
454.8989145484257 164.48609097809435 27.012320633387652
657.7496175471763 206.02580959231997 24.415627365431796
463.5442504620906 39.40940870149143 26.577536276790845
171.32201806590064 335.00600775124207 24.753164203898006
26.61890730278582 385.1235685866581 24.29533615922331
271.8804772411413 87.26601456256074 26.37645251090681
38.24333535168301 130.16097925348612 24.37684114751734
506.4597876581601 360.5055590027414 26.35013603166907
894.0388053265973 378.0397842728347 27.312095487568975
938.317575160358 19.862761154741904 26.309975493290985
195.0728895678454 220.18801274739258 24.63455307452194
916.8235919959644 350.8219957021928 27.855180215344355
769.0471894056673 266.63779686829434 24.870956249044315
5.467967570779497 104.19821395306022 25.70942780756138
995.4510506662115 341.9128800751068 27.957847804864723
469.0279426965812 41.666069986675055 24.495853328025287
470.66407213117566 303.8243174273381 24.509978787838726
165.18116669515226 258.8824037858912 28.31344404904751
415.8153847574303 378.4503051411161 28.438627299153236
782.1405573323178 204.95185099168754 23.958329998669274
907.7626042023079 78.29559050364337 24.708266354826048
160.06221195242432 41.571326595093794 26.420802256807864
666.8778281845383 14.145505323881524 23.766436502022962
274.7718339875104 271.1775044948419 27.25927855010803
351.33488130017986 374.83987268320635 24.02178858477758
239.36681892224232 58.07578710497574 27.141998199156735
845.0717141195441 2.233002248327587 26.926124361016367
32.383196992238 85.86709953957983
162.11829244329715 26.48697923972594
218.86862311590667 107.54701324333271
324.62712941570743 223.27425700126838
69.6464869724012 86.82566656752302
280.02393723079655 214.98001503016454
186.4913164927026 62.2194758350429
154.13407816503724 368.01773290046424
45.154748755458755 104.93250442448301
362.6887338645305 68.9834567935379
122.84000076120729 113.17323531964058
140.5451772815344 171.51950888828887
264.8642865431773 242.5007874042573
289.3490671762714 391.51834361401444
178.021406385332 192.2322936995928
128.22156095663578 163.08123300425598
35.42243643345424 380.8338503832192
185.5691351517333 386.7868557281373
287.3579224437767 368.6079343437316
136.13001667146324 133.46570169977605
294.9906172461028 123.88100469924757
265.8866316821269 310.81659240669126
138.4535142580558 279.2854527632726
338.4890327109712 356.8424741662538
98.1935223787016 387.6208129517574
140.34996980855584 193.22307930592646
268.1667021412075 162.16969341095444
397.58786598642234 353.3828317077713
131.75665236426286 174.23449196742652
386.5096493250044 394.15284856983305
316.05332322464074 281.0518330150701
200.34083244564775 206.56666162345476
137.39490785299546 170.13176299892493
88.42617740045449 260.4697702412876
160.84153755025028 31.460019343281374
150.13949471735563 349.2638227128817
18.51460660269062 106.89179157915146
144.25715502658014 45.24698720446128
166.50157090737105 116.4562314021818
65.56522047008073 232.6523125894229
107.29153989187967 124.18168212966489
243.9858992085371 154.62705771050494
64.47259897729043 81.44197890819646
237.52456857508477 392.03597570904253
168.68743492052158 73.71499987257567
318.8542226459927 286.11274413563615
98.60947686137771 397.0352517392668
296.37000933635323 123.62397991225005
17.967429671674306 3.312752362030924
164.0617736044689 322.35094175505003
159.41158444509918 379.08128653896097
40.568575947915875 286.3348689320704
328.2810370675003 360.1295684252285
236.2944951392659 144.47229048990798
334.09650061467477 134.8596237673357
78.48073588468183 42.68737992270633
304.86905886168006 152.1072475488881
327.64468683831 29.048996193380106
399.0808095611993 24.549935943454404
234.8122373393255 52.84078875827558
202.45898272599786 206.71850392784944
117.48517162178022 192.73322263882937
281.4307134459649 27.019121235512866
173.30125219396896 335.8471003062833
362.41136767665523 366.063093112887
103.86005374509053 148.63873872842177
15.844799365291529 298.99228917485806
387.2033769241013 312.17766463104556
146.1796887132008 357.37911865232167
315.9545735233132 238.52816718408877
223.7316080665121 316.66989125103964
209.13694107346674 241.58676580960733
241.64619051911532 178.0317930912532
309.20658962710445 204.86841493099948
240.94436725458 88.85373939323631
391.8512949659558 170.37450503516544
318.8961644725272 334.0422748892917
44.62212592287664 166.81678938777566
320.735456474675 230.6442992056482
311.48029681534723 202.11172436610022
111.9932494800469 371.2189897310629
153.8575643712253 264.20027060501513
38.49318396722943 186.77175956338596
344.84373348381337 5.889271934000195
103.31818578335526 237.95410249384955
191.6308822133369 133.55041068380257
324.8231235959004 393.62335782364653
72.35910068606128 376.1541970164754
87.03356562712199 318.74738443386946
377.0245775442628 280.25641088204213
253.53687536697288 269.0295665668357
258.1261878074937 158.19536950323908
388.2370188785868 77.52025808461114
25.242577194656146 310.89895214842096
211.1103933325909 18.871510853833094
258.7470689669653 353.3409840112673
214.36544603272014 149.78226740895835
371.3838514861283 289.8270344488453
374.17461624631557 349.57220105243556
212.4438650262485 117.93053556471472
115.41262046423873 22.712663311326196
387.79508640623396 384.04060030071867
321.600810004077 275.5340545273026
260.03697652444646 270.12362874773277
29.522912431308512 342.21949212245556
296.56496193453876 60.44128430663842
107.74315756345727 110.58518097784517
349.3460419708757 18.60827579121085
90.52334046315286 186.0387251712428
378.72252117623077 199.51379290174685
23.4010202755345 32.496985184655315
274.5763304153536 327.2710782841402
273.9567056166303 141.93595116670377
381.7021462521736 389.500515386518
371.06348082802987 309.63555896868274
102.25296280032592 229.89179001831187
258.1781483444507 130.07308307771353
126.63767030534655 165.13174826969384
280.99858875375577 178.8093475784152
35.26548325914103 108.92487321400424
177.07770166592817 208.60259825338852
17.04803130397723 254.97411909199045
294.7498263159085 63.375589131360144
66.58526129164004 52.43039364352513
240.99131449338978 301.55185585895214
250.47708342804606 1.4596066564485533
342.60233195325867 320.6681047122821
274.21830260578133 303.2168460386386
102.36287410165414 88.05990606182218
34.64994489737894 17.657824302320346
41.58130670958617 207.8088036440434
308.9558214064836 114.25844305337391
142.7196449692878 392.0293737857799
209.70854273149033 44.85388268209554
340.54516765250105 54.96551431605767
326.48528603085583 224.44924757175633
157.52376324764583 311.25585829004956
378.08866475405165 74.99447185646888
38.93596013273202 135.1186451571182
115.42418640287018 268.7567680586925
215.46216534338427 25.097404569058135
143.60113462866394 102.06457155405131
5.749423015788402 219.39899705508356
72.83925606827223 136.83745932842757
168.73744979953776 119.74644908668468
161.279661637621 366.4573429838923
25.287364768454257 307.0595626159617
178.81346582812566 394.17659643696237
390.92232812244634 370.1669120698265
399.55769786827904 56.39967959295733
96.25468194714509 319.1434517707076
21.62344722597944 179.81515778794298
18.93994618267225 217.75868092278276
316.3369349849894 130.4959433345366
110.76368691128255 244.91066885368363
225.08970165007494 294.7259795223868
275.7327407778871 82.81229109773389
150.5099133221264 25.452301254853403
339.80810313080696 330.086187625017
129.66219668116747 94.90198715499542
150.18224113585669 350.81601023979806
230.4992234843215 113.04431115336975
51.76930252378442 195.99179008060023
278.80379187411444 103.2187099030057
210.84236371644698 171.67808127799452
101.37578809059771 270.3901264205728
90.5172773036782 278.62421983009654
362.23404493985794 354.1337555203418
30.04868459658283 310.92638690500866
172.11879027525075 227.5918287378264
139.66884030597183 276.7421069459994
167.59585541711317 185.28574612601378
394.9661871331369 391.9482523740686
284.5796680368284 256.8075180232749
299.5655373330161 198.02419420248262
392.10743421551535 90.05507395467372
382.1379781283762 168.3327116407054
105.71271422596564 66.81649247468103
303.53379826934173 92.36131266639305
265.7621663881284 345.1491593124419
272.0974970150336 165.37787927190104
344.63478769016007 267.14008550830954
199.9897956051504 261.3447110649296
237.63879889065524 27.274566685683645
180.60665466121958 329.825827656202
296.0766306627637 65.78074576447736
26.951575863242372 233.0131302679461
76.88449982362818 132.9585390963247
383.0825306203696 226.88745398499378
111.7882651317204 164.64167961960655
105.52086998221864 90.92119452686882
39.9332358160799 215.582512287412
208.7749730392436 23.620019660577142
301.46101393927165 316.6897586044581
78.89712728958949 246.591531669791
55.52206471092158 53.68992743369665
81.25770322708217 397.719557518714
264.7286163679295 308.9239843462931
123.48633110947067 244.41326840054094
379.0676739814715 364.63107383418225
