1000 400 300
30 80 0.1 0.05 40 200 0.1 0.05
359.15704345336286 234.02679263776943 27.00264100793617
728.3694531236641 221.01424390143012 27.754398141709817
11.040273725440475 39.516039985105735 27.965735136240834
154.86752832900908 383.0247023506511 24.848626016134308
71.8512002781071 302.8969743584563 23.751654428324088
182.74151184290267 363.5879592843393 27.848686651959298
835.9663752352466 55.098627469804654 26.770111607379405
888.0985040627902 170.5859278863533 23.54188980445281
935.9778798222883 101.44733667637115 25.608558160625876
171.34872213746777 162.37093371387869 26.5445031051872
961.2540647960973 367.57761082642963 28.391651394790795
160.1199754304161 33.3868954701424 23.87030062032331
847.5055556269193 24.54322712516186 28.09438624823628
633.6219597925998 53.1154016500861 24.480844864436293
499.2878354059159 211.5642372202246 23.943934530411667
947.3464874486344 50.19619239626372 23.55138755418528
306.4255429773063 167.17481425172292 25.018600127184463
738.9177831276457 90.39065665479482 23.97430530892908
234.65110085739337 159.9278427308193 26.425157387302583
131.0774665768193 287.44529040461236 26.188514261904093
132.3766454119536 105.21779847687807 24.13417834282814
361.7048860819638 21.198242153273263 27.886511239240335
780.9151976338462 185.9067185837561 23.849621261808814
893.3209888203555 272.5334204191698 27.300593844557916
115.44738005955702 375.7322696523178 23.653668703471183
449.95880507824495 318.85203611880104 27.318336152390046
408.79706192201036 204.14551223462186 26.617182752791663
946.2407236511762 309.17834974730465 23.50833822848627
99.19605178187507 301.2208621945642 26.913648745374246
494.9867588811954 141.17366812497417 25.5562732528023
275.6354139676588 17.306964047522566 28.080473544489276
173.07607984352848 223.27753528347506 25.595880822909283
638.4357879438612 113.5959356999655 26.093202835012615
792.3490528756107 197.75657079410615 25.36920551765133
416.0181862497484 249.984197424787 24.55973875226242
849.206262853226 142.19705419882996 25.136343460350965
238.59037759521183 232.43334444892315 28.10393991518127
133.73926958731718 219.25528927810615 26.27040841652265
202.02697543136094 294.21764359552805 24.438928422059725
171.59912420575407 12.358977371096058 25.68338983314989
266.4339089588458 238.41844859028552 26.57473862767205
988.6306481192828 117.35962949657899 27.719976661542685
48.94672080174767 320.9990528197077 25.45421897440236
353.2064441885465 149.45090205420627 28.188038540130474
923.7851962710927 156.71845246507533 28.253821234134875
122.19108840939386 207.31656348365357 28.44696376543736
928.4217762439281 29.722896311753956 24.85742910166406
35.936777320412006 192.5344135811089 26.3009824637136
196.23627986253044 326.34292416395647 25.14392187518726
952.4152492253693 235.56567005333164 26.11837867715198
755.9226165128202 212.62385273577564 23.801832333756632
241.65793250894995 397.782629061637 25.56538898326108
428.2508751519031 180.38268883123365 25.273227957830002
774.6164252765856 213.25725455958988 25.47378185049404
943.019797127116 3.8170221568408103 25.056661620947587
515.2515746504081 59.5297473268213 26.19363227986789
133.97827551761276 298.3453738856212 25.185439940581922
275.3674312650105 202.12528065332626 26.77957667025126
347.34482646971253 62.63568642164978 27.009135165791736
317.06194914679355 185.76897624193526 27.153635371691173
829.883996475451 115.63395564309093 26.006704212661035
520.6740144615126 32.39037222345753 25.036194059832482
514.2504742914496 308.53958774773236 26.85912562297458
94.15219153391475 182.18809118624648 24.666474643166637
70.80807322668437 86.54288069282106 27.315343870395917
834.6102367814422 253.07140515405507 23.79421728159693
484.0658966339535 179.94483278349858 26.951633041679923
800.6006505853886 13.285156612700355 25.936629978115707
485.31834219809986 295.97427667971215 24.00222025657804
684.8403536529573 23.28711737525491 25.70209868582312
537.4742369854308 131.90450451092545 25.32600867915112
946.6415340029993 111.06004991145481 23.99973427462967
439.23488231406884 301.40517690463236 25.865227466980976
860.3970133043917 148.83242526761256 25.018469141839187
68.9241087173591 17.647415540169355 24.7884200385358
534.7727971412492 391.2303990701029 26.979909833001056
7.9588165891760765 160.464512324761 27.830831557632628
864.7810021348976 51.517363327860146 25.276143333911726
314.11825156126537 316.56049005847177 24.13533235223271
488.0261085555855 313.87394313422567 24.79974874674391
208.7471574639348 160.80695196517948 25.438733788024944
553.8930609593834 129.45936872801065 28.08277674681527
912.5062017471771 276.27814311412766 25.570823890015376
391.41280223120236 389.85216970843777 28.48072584441843
933.3324442014601 317.79870569744594 25.56264912570872
623.5035080355752 124.72311568537005 26.684729574311685
259.33995179969935 129.12059334689525 23.869339327709845
552.1307037117766 286.3233840188177 26.610307523617333
729.2946819624044 241.85855307332233 26.270856282838935
594.9108706145606 160.40499682932642 25.406046259627317
294.23510329229606 223.2008026424604 25.43802657840125
537.4369435982915 124.10649353378291 25.334245438662105
505.3498543909708 301.12547941049803 27.254589433872724
460.1358661611419 42.46250234820983 28.40355969336246
784.3121475781046 176.09802459493525 24.129089395869137
471.1619132713698 86.6097329306862 27.35852365404635
381.2280232864743 116.45246309810533 28.37050507182356
129.44267712827528 242.29206725862304 28.351982211567226
289.87591295433856 14.073988247488378 25.442628755831322
460.660193770143 274.49193810890563 26.915149113981663
267.07123352866256 324.55399923004444 23.55537332748546
274.17426264210155 284.2617333651595 27.689443706365843
849.2235076912427 302.38603906561934 26.64423439513405
585.5643478390739 242.17694071962987 26.459459115185346
340.28941855082195 231.4631502859255 25.67680509436068
76.83435400921246 258.1084332260342 26.914294241588674
986.5542785224212 302.3294200268974 27.299126773483746
908.0277565975339 241.7947208287729 27.023838189139962
389.57050625453013 252.2820104814258 24.783241549705245
788.0437471367707 59.31263873556545 26.128084365303195
933.0880226443309 208.21921403624043 27.795939563706796
961.2133253045852 277.07632750828606 27.65372035278535
16.248540101251983 294.53762945552097 27.709596594294034
846.4438152587564 331.26630759850735 27.567491542536995
956.3804595494634 322.6005514598859 27.598270892640002
138.60475969624864 234.18241493707228 25.196473654838233
922.4912873324859 291.28343069326473 26.081856765812184
642.8156111717161 141.25313149468357 28.25956156424786
416.4574890969983 220.55368030711156 25.220921000333554
341.2876558760318 208.39861786936095 23.9022444568971
973.7771317106292 126.4145050204414 27.44460604660258
803.6282859834923 367.9633262175056 28.16998501065393
609.773449716828 134.03884255086462 28.28027379171501
143.66810768357664 285.08384413308676 24.828063670490458
399.8884325117309 18.493066908712173 25.509860348282377
131.92543373835974 211.4682190865832 25.293231603448817
623.1303014027923 154.80380552498022 24.41456716550214
610.1663943103285 260.2110196813256 27.91249337582219
394.156122128244 240.7086775827927 25.393755498485394
74.90398752716033 357.2829447431887 25.056214803820822
299.57823667833816 9.455196731646653 27.40983783141733
736.2441471982162 100.29257829445233 24.807820024170265
484.9491993395618 53.42579512479877 28.169552426684767
787.7351033391293 134.34906234940308 27.173763050175847
16.950852693142338 302.8727982847772 27.501114161147356
296.6933164999831 143.43652151458372 28.120276346437244
386.4089605692997 312.09945761582605 26.121081073418107
532.1216524862208 302.4714366368067 23.70452311879273
297.0704738929034 56.22413851922259 25.545970005863968
662.4357984176442 132.73154565933672 27.61600046491315
587.1873471424344 387.1679580434487 25.730164768180934
285.7830085703452 287.9474577581124 27.510025514119178
299.7928384010236 283.4148226727818 27.58884245940275
894.1527173884158 150.1132465017912 26.201417757410322
706.4550714681093 193.85952725937025 24.67472648798421
45.50213806466541 356.829291864497 25.61748963211675
10.942008215252264 54.88817928611125 24.24955300455989
136.88299032623775 383.31634386680446 28.08145711343863
635.7042392742893 278.67820236602677 26.951193763354667
381.5659970078663 173.46338828094815 27.128552069605398
406.82048900174306 390.26596406489034 28.378264632209486
24.300458736686625 10.470998801313458 28.43749043716999
692.8770166194985 245.66208545385973 26.66548385741025
345.37559038513444 237.65428691444976 25.301449601251537
70.36112797206873 1.3998438322524454 24.52164157383705
454.70024071271877 326.35456552334733 28.249109313338288
442.1105376192844 329.3354313487039 26.0612643124975
844.6966313810084 227.00306915862916 28.26329249923936
645.1212558340914 174.98172226980643 24.94127253463212
722.7939456700758 361.2628793505199 24.5098325144688
477.89519497677867 232.60398996598641 26.972347080814732
82.46798862772164 291.67387371878823 27.481912927398017
143.20132547031906 338.93892730495463 24.215452788927607
582.2350020833693 257.9189144094415 25.056559228896212
336.702291677616 246.67137101211213 27.09799117927192
605.2798568908233 257.04498793113913 27.64337738342879
471.80405873566946 299.4184115738581 27.83921278588666
373.36469975709474 173.78912787952748 23.546066614055796
782.1437650883314 156.3820795398854 28.305548927259707
926.5787525815255 285.40425045932943 25.94160197863708
610.5322374993902 165.24242237330813 24.71501871746093
878.9904133039158 65.6313236859809 23.76906918488729
11.485302794215556 308.2251485609755 23.564308718637033
577.352586306508 31.051451447914104 27.990610545677395
657.6563436841478 194.29597986448738 23.997858963677917
68.07746831969175 390.05095761349935 28.49334046662245
851.8417023975583 79.56039733968181 27.10754960955937
793.4932052274223 93.87377674973152 26.617829045334545
468.4664013116331 201.3847070652033 28.42347056984685
353.05663695007263 318.2957419458555 26.37212013485392
753.6410815712701 236.45743803159868 24.00673573222299
874.2300857280334 34.663189850173694 23.6884097663445
832.4541858381431 159.6798677879291 24.007249318598653
421.0194706720045 115.47172142827758 26.142507211248844
346.9524454202374 103.86569859286863 25.522445918025024
539.9737453004784 161.14809319296182 23.84593014607496
78.45607823880007 207.94529310244872 24.853922929093443
102.39396769422693 273.81708755305254 25.370768651331794
503.02882291673126 95.66176543799769 25.371045128693137
380.6026900005056 126.91438422985262 27.633914057067912
658.0187979281746 243.3191846797767 26.764360324085462
112.76347511726537 216.62297621189563 26.377464432261583
238.92628889319877 163.4487818061776 24.414269036376837
716.673290482474 106.09448561707006 24.885474379703894
637.1330746238126 234.50191289676025 24.365926596728237
844.3118842576756 303.84382551805857 24.695022904859563
417.3165007029265 321.81024531249074 27.240808159765344
896.2269914386692 314.90577226200026 27.534975508650085
125.11361233616059 332.7789384530104 23.626581329658197
692.9487022809806 72.3928885048783 25.473870916535464
26.618821446170116 194.04917845525637 23.664640968818492
218.81488342586175 346.8230894265476 24.11596908076613
486.78613260031443 388.3862420618833 24.84045972770535
685.4876698401494 333.57160476706423 25.660454540955214
878.3352159147944 96.27149290337789 26.314279668428917
316.0547849779041 371.3732253371947 26.16375575549065
720.2751552528877 397.30365280659726 25.493962905364956
418.32307724663866 127.03461671721587 24.521459167321964
828.9795584401228 139.0005706465758 27.230257067205837
924.4811479195014 117.24220317112307 24.538777105445817
637.5690960709276 308.63977632441413 27.836424189092632
534.8682296636539 395.14564549209683 27.183266661123724
123.2504143519173 174.33810015458442 26.725095200362688
561.6439208607082 318.58936506410396 26.328645404641538
458.6719632082978 315.34995098692957 27.488205225493584
153.5906398075515 193.53198484493416 25.294163144924347
163.10422398616308 153.0146474865839 26.690664103017887
660.3572862318173 149.16555412855152 25.47196736211278
122.53385072196143 31.107472612968934 27.02161826828447
811.7990956208113 293.09919225006024 25.699036269941963
934.1438022900703 379.50110084504774 28.062247420919157
228.69459384417834 302.03562756990186 27.57622390211746
29.08503603550927 23.725561654733383 27.146355912974983
612.4079109725668 355.72006212252154 27.14227990360177
466.2446465237813 264.6806951507238 28.2668027514187
84.7716104155275 393.40863897186784 26.57481487632817
56.58168300974731 30.606562939672433 27.921152255752467
351.7240604002153 280.26556454549876 26.48434897284681
69.59955381471639 74.40911401617853 24.194811384828572
165.55478045322192 77.2824179744783 27.884981276528872
547.1035177698702 24.272299267624177 28.29718611397788
465.8729728851928 217.59816917015877 24.73088299314736
670.3697741265717 58.61853900013227 24.540782628266882
327.8770378392646 53.311961456035164 24.588671914195558
520.426885592995 326.1080405850218 24.27627717126287
661.7995428376944 342.6014394499139 24.33054648459364
371.88873508971574 19.449468875654 27.2568868832989
447.5388375527544 33.51470684173768 24.86251688573741
662.6296136340235 384.03049539256523 24.038213963350017
95.85079952354847 348.2726896336668 27.698707598374288
387.87200488223186 238.22231453280375 28.3573591571431
478.8174468726948 104.12840046305271 25.430926938198393
640.6662913992451 234.8683732314784 27.556594238907074
928.7671045142544 191.35866851456865 27.768804323229265
733.3456510323886 129.88896752332 27.39822700588353
461.90265338864924 177.14066031997717 27.207937910452394
17.786263246928 64.82231116888579 28.481342832047986
20.479124331907016 270.9673717888903 24.56172554572508
517.0118840295378 29.932527564726954 27.637581115057692
259.7227625747085 171.71247371604093 25.528769827418973
487.04851164575314 61.448868051036285 27.41861571515035
431.4281522943685 161.04230823309143 27.295758126130988
355.5297341843923 142.51165723280025 25.156021477068837
68.3194761294018 398.9207779641614 28.45117290673297
301.321332338654 118.19159509074461 28.185085268097147
269.1977339507333 244.5383948003041 24.43562906990404
325.69565377174825 89.97397281497896 26.085076532033717
476.3763330351612 143.94873944206475 27.529484345857945
658.0366568604229 107.56030597699765 27.15364270084109
260.064313880611 111.59219313290451 24.298899501981673
984.7669569210374 302.69121797064236 24.553303271654148
49.69980360769599 248.05503756488497 26.23092118691068
395.602327396637 381.63760010063874 25.44133931441867
234.6459435825573 185.93186920439967 26.40144158150674
322.1789533182927 274.49692658680004 26.015447395102466
85.39838426335255 188.35703870933634 26.77398468887457
675.7582193655791 88.67017777800399 24.41793259029551
495.1474242207575 333.2257575738794 23.63095735928797
57.664230326309074 82.83541735286897 26.279447702175474
318.19939223860774 136.66552991753642 26.62295650739366
362.29489633630885 212.08017349889562 26.83468681121355
778.7711208088456 382.0212936669143 27.588475110857363
471.2904472690411 134.05923338258185 25.789240869159745
967.789404846365 149.31194290807977 26.170314893545545
561.4360229300694 143.31021367035942 23.788120931583315
247.6828408113434 152.37938466929583 24.032485141023816
940.1908528326054 243.1400926893838 26.558232445192765
591.2588805723448 398.1121514017962 24.280502815382192
262.8194697990769 292.4939214153788 26.742182862185135
620.4925589097969 339.2622352531075 27.298852631774984
564.7694324016494 93.38661571805828 25.578965063781084
748.6771067094193 198.31398095071236 28.353831258470976
212.39367218331995 321.0215241855345 23.934870015853065
213.52979476580668 37.18593178309444 26.851873221514815
693.920568810007 45.59025238701664 23.5589280349681
502.51909290883657 322.5787329968544 25.39840183680846
59.67937322579686 247.64877359371465 26.691604544920953
282.2642743073779 219.6020503031393 25.747813562122225
804.3107613920237 177.34888955850727 26.450620075929475
253.11080575078714 310.7501209292186 25.270785031456263
451.72972787180686 334.87496952307976 28.45771027367445
644.0424137348207 300.9259047335948 24.762002834579107
53.027890422156055 332.1457533814242 24.45588531695073
362.45534706871894 193.36723618735783 26.7627911888527
94.75405650355262 104.89452474007619 27.746127783945116
122.88041078533662 211.0818803692004 27.244022544755296
905.9111111766553 44.08945934573754 23.990211555342807
437.74677182587084 242.58103610188755 26.572024877299157
871.7538095835657 264.50423901861143 25.674044374797454
885.3755482300345 1.889736442574197 28.422763284984843
218.2530849280554 78.04897103492934
319.3673627642014 13.429959521302015
247.3374212075616 151.8408838769768
356.2607287463007 135.92681096938583
66.67209992584486 93.54684627166208
81.56859427506902 30.727909952509336
113.64413770752107 186.24561112589527
36.457237889987496 355.3074431679305
180.39254948101845 76.28303291837888
336.91157359103505 195.58911788618244
32.42269186651407 355.51949278601
138.08871070521923 143.0919258408198
377.2347221744877 131.1921416879334
92.17313478503253 254.0084669250805
182.92957337521196 85.79669548198301
108.48598965481399 115.47201713470328
54.95887494475839 90.72186105842502
64.05406870705276 286.846853463114
49.888596619349016 261.1972131852108
14.797107181720692 88.95448021310388
338.24894484607563 26.443812571408642
121.94532499818705 81.7264258449344
124.24664253652931 137.74485879774235
135.25201960240167 200.85246525542368
188.31836559000888 348.4816899928553
264.0193933231138 16.571290462059363
139.20763633822298 374.0087724742537
18.908754304686013 332.82866595985956
145.45036465533002 75.56929449138407
321.9593860097918 162.60629135211656
161.8573700849764 211.28111322583908
59.19355874902141 395.3027744153709
274.7854699085548 358.5510258342228
89.63829809151997 14.626179295149244
160.6916911860086 136.10339918370101
326.54743264591235 130.535640488666
185.66846144908533 40.13720631707152
71.06099972267855 156.34793492587863
169.36046613565955 257.9539455095464
305.49165267009664 392.20271621576137
294.86745887830557 133.7267169620549
342.88139822029314 68.65847542912911
66.93984353809456 334.90896367843453
81.42469194587467 359.2692598894227
3.977555540268485 204.10968926850347
326.8072799992536 388.5704348315054
95.0454015664325 280.08976814065267
22.463170486232986 41.9797939053054
161.32153198101955 132.86240720543617
367.2053918428503 26.698459053018286
132.09855787632176 81.7086511081313
101.6391404725129 337.7743059592665
78.66013468000017 51.24719551303771
109.21917938926033 251.06844049107656
245.0588420212937 169.52581484756334
104.76641706307213 194.94373832261306
273.0244314389502 123.42965463802855
372.7117392954145 345.0723448970326
338.93446501433027 160.53008017804848
69.2882854397792 141.8372100842745
203.98273246198596 362.82575312955174
117.34646554375372 347.3809867723569
24.383705616703644 16.655548958936393
399.41918451219703 339.4334902645751
376.6545855320397 364.3914030611428
194.1178599265725 81.62734345975164
323.7196284647966 147.3470376133553
2.8928320987457123 215.08926503725712
280.7843432580348 135.66675214381013
78.64511532344207 183.67286250394358
135.63062679387025 289.7865697416919
94.62930557796531 35.27663053769685
136.18676013403393 109.38805949460213
281.54080173549715 134.2692839121236
78.92927804739864 299.59355711587796
212.63351600707955 75.12235747419483
114.87724553472 120.47925461523796
31.167314356027376 4.92845871086427
35.64200215070361 84.81104353548487
291.4377297718962 342.56140372376717
10.199120119855998 30.236019723089314
324.0934762260323 324.81270629110816
13.752079282851337 15.990643816713668
338.40041185247134 314.9171883467647
23.26044514766994 380.5147244669707
138.56386236698413 176.4581293531808
49.908454340667504 45.18858517783584
158.1741192743798 245.72114194476526
236.9929539639772 360.73869256192535
106.29330648479697 128.14346768644106
172.41287598813466 266.6853909049739
70.65475161257328 99.58398421118915
48.14550913560791 70.53439461613489
37.899118394227614 310.7169900617925
344.79786006990685 152.2416999885115
67.72484241418555 272.9312823421022
127.52470688215007 160.8100317829761
397.28344643561775 46.69381771703711
10.307944815933778 193.70267618728718
154.10322522935522 358.41574413688926
378.7949479664484 36.08897040090393
320.27843522272303 339.4363247446765
157.59683788452307 185.76365220270557
317.61363592690464 310.8188083969582
266.15068312460403 300.9105846413838
72.86645504123106 230.23001184237194
127.95276471852368 81.70928658621825
274.1848263827567 72.25394174867405
381.1731194133605 33.110970307783205
344.28813370298406 131.06740038800572
284.36477025380344 254.93892972625636
32.89458134468957 214.4842372812388
219.18412833817627 366.79603018103364
70.35049399759785 140.9524178053609
162.74224471168526 99.0905927671241
26.37014501597088 256.1667449873409
35.40958551545614 367.8194924026377
182.2479007244036 253.5378122416654
225.6002973645271 399.57608765594864
51.85772036260454 212.83608469380732
351.264885712474 84.57820433852237
376.2080399801331 263.9080824241783
238.52349040492368 209.33972918996457
368.2732049600239 237.43977445031413
381.0749852079814 156.9374809712671
99.27576283526017 82.3203564089364
189.72031540890222 261.6532298451039
394.5471154664922 109.2378518854781
349.5415096810099 266.0986327072555
246.54703097558036 62.715869001611594
172.98107651543435 252.75922296165425
154.57574830998638 28.879266201870244
370.2694554045638 8.22154999394078
165.16553120127236 253.81434937407533
154.35150618822524 227.1758632737899
114.09142436769693 277.4674722878925
255.66591168311766 274.61456798144013
260.3945808099818 380.60401932056976
242.83477470186824 398.47516983661956
354.764088742338 197.42785660990373
328.5234545001378 121.30424722483548
199.07668512014652 64.03949281545427
185.43429372413317 238.34734278060336
130.8469256597687 252.98931609394276
205.60046944130508 210.79753506020649
5.79321120879559 86.76028029666139
106.84980526323828 166.76388882021982
153.6783877421066 228.09275377088608
223.51117604917786 8.848827421717909
247.03689376767724 12.642215158919301
214.1393798692928 76.05174224325194
49.35314768899075 319.53863060022064
277.23764445752954 19.04435698976652
398.70945535778134 367.99447309832095
86.65962760412786 221.69110603898025
334.874523613018 383.18649519857837
141.5764185087894 38.016549627031935
192.2569168951967 92.21452265392278
271.5967784512578 112.6493280416383
358.10087712131445 291.01854446147826
245.8321643528074 114.10068260523718
34.75513992857344 65.7136209635402
205.40113535575068 334.06356356950846
146.7983655160274 56.88015766604697
372.07096767106975 192.24647763876646
298.2580305097513 22.925339110802767
181.4372496018278 335.0843934046343
212.1127528417245 88.70951366757853
247.24560017692002 127.99704269421701
173.7210028422357 258.20952544461176
384.1624737098159 114.69322905979666
251.7725806862159 25.069075825393572
99.50546496264914 253.34773896761897
84.81201031956194 32.46436708176499
110.14634586840045 238.30572484167942
198.33632895697764 313.79130163013497
149.00350856145397 377.29737209723976
156.92293585332396 288.25886558669185
396.24325544777935 317.9739362696716
357.7960016501455 390.55107854589824
103.51280035443047 3.904328707190352
136.69352691338656 381.298419821619
175.23092407593506 188.99950098364374
283.8496575656635 215.17747251721516
229.1650880522277 250.66004840905273
257.3606522788966 236.03581109948357
179.2272978550046 115.77054295712799
133.15540741229051 23.51718634616131
66.62399113850918 49.99238381140514
245.24513446795262 233.24028661314554
111.19812591976137 59.634674496902164
346.8793227502452 52.66232929076642
163.00524531297594 116.71139661677223
162.6888841806017 37.337098858094954
304.8679371442443 141.62060909077655
3.849834839603128 97.35486826790876
289.85652571064753 264.2099724826402
82.75466522882779 71.33006887221813
393.34687795318047 132.82092349735697
290.6310300992085 55.38041863628496
117.5093066386387 152.23180570629515
91.00107025682127 247.11964723887587
6.785732633812325 305.2485089616729
33.82741726398191 319.76373004147456
16.115318389682454 49.01937184847229
209.645211558896 259.0290138547689
219.37193183148423 75.97902643302676
339.932653411656 175.57848059520796
153.68007973526338 290.65415623351146
339.4255612669633 248.35063974489336
165.9787305536836 177.39214706776366
288.0346817573007 59.18376169294661
161.4059921518051 220.40186670959883
14.477543562594297 346.7259025900117
148.78032262287152 186.32379454565427
120.68982501108026 37.69991740583292
136.65750120486692 290.87494927073976
265.53428040302396 106.17015242685079
254.14521893418018 144.9421078977134
78.27836766387533 166.53604624531172
253.86083200641872 311.8250365763771
386.7650487126455 123.55585792947102
0.12042101996230237 306.1594754845971
322.1540011229752 82.78181433532038
353.6507952294519 126.37777612028667
101.56394291654847 267.36619694946506
234.81900039933424 336.39327835713084
291.8997753310648 92.27599805894191
180.57714973337085 298.52251609282115
122.60119645951892 214.53171278273228
206.0233916972799 208.48765489509202
342.0029933755895 108.16433070861234
239.68305702744127 94.66939999626125
201.4497485742565 105.16237897886165
22.31710835912071 317.6090411848578
203.2615228484851 98.75905630561542
142.26811660597173 142.08630335386187
263.09945927827766 22.987840192249955
26.057209806544623 52.92768876344694
114.23407669241281 202.51276213772326
211.14841903484157 47.028244038623114
320.6715558830275 309.31795433403363
298.5001066714769 157.8979410116582
168.04691047139588 367.91895576559443
215.72621013117933 155.3715475705293
165.64574677722496 18.336531673947754
17.39319090629583 311.94958605289094
319.8695335054825 276.1519371851603
7.181641858824417 338.56549725595016
328.9125708668015 121.5404348942097
87.3447969404045 266.4028200810741
0.37174073641557115 4.2583812326646875
124.09904532906744 387.7138131028239
307.9633737299755 169.13681355501876
163.28495982003597 167.4194220963523
380.474732637172 386.7132256230709
138.84028795603606 298.5985552748656
155.53056529655655 16.21071147957589
87.32951524432293 198.80248621732503
32.708573407939134 133.15225884687533
214.97776042481598 30.458864563762234
24.990481564680866 321.47581157751756
259.359986572883 177.45729764732502
34.48868026558558 60.09402417766721
246.0993260437904 21.337132662365875
367.8415439070916 26.420613239080694
361.63184842143437 234.3258802576984
258.6236328122125 94.46344891663489
246.2979301311322 242.80499385622028
378.56999377668 322.66260714333265
357.723561256745 213.60766775512369
296.36709959797156 6.729704857766272
162.6582407499514 76.88176965945152
382.21594106688656 315.3230197743813
186.13892786441073 323.0787399691955
158.3260367532845 131.47093857782482
180.05287837111675 197.9577490716614
359.9520367192324 90.23454049705508
268.8753121321456 68.32231762612237
398.5379826277408 33.17809441278698
288.56070412591765 142.53487339697685
107.98733199987684 192.79449321737556
255.2701309511641 203.68274554827485
207.0296778166148 375.1106326375957
383.81964376131543 149.5972649263075
225.10888835721258 226.2761128385874
321.43820438182263 132.75573811170426
116.16969444136207 149.01644021672075
270.6266689517937 354.4242310088405
24.173566171944127 177.4103021113342
245.61238978726067 91.22717948624555
66.12749778013401 323.52851312496387
240.09726704917747 118.65801294058768
162.86244604306702 177.05031749225566
379.70006421958374 344.87305877522846
74.75147212282462 269.05090728155886
190.69702390466324 379.4390691483234
289.0105463595409 103.73210233630195
337.36791354488287 135.53309782007955
57.17832500599243 216.94640298655418
