1000 400 300
30 80 0.1 0.05 40 200 0.1 0.05
655.3079317045234 150.60348530115996 25.260569329419695
889.3759515677882 73.04941335495894 25.20830716005648
205.30458685232378 90.92777597635005 26.623550762566307
545.380996158646 14.886591386275594 27.101190755684097
64.57171729956602 2.818578416665929 26.232912389825852
468.3695179896035 125.04480017096759 25.76086088117452
765.449545166547 203.26152283709226 27.805223098385976
252.52272950609378 160.88532924168769 25.68544683621659
60.47572349575259 182.6286891718245 28.262780752250872
500.95676007864 203.9115649121981 24.71732934892618
450.7553766949631 107.23047844572679 27.948196452288308
755.7243497553796 220.48477846196423 25.20228901238369
115.65205520584799 217.68994594455413 25.268409429803377
33.14984390966635 295.4472448515737 27.467987798659603
15.576088420470091 236.3139596529109 28.388437519103416
86.96845970759404 292.33073722169223 25.021348177740233
636.2590516389924 286.42581332607256 23.986010419477036
840.7592431743287 168.42102892043457 25.730062125239503
242.58125683145659 82.60092265758784 27.807637523284562
203.7336414694345 134.23588886989023 23.62419051346788
109.83022851039858 149.86360136046258 24.83560516835547
230.57261223338165 156.28367949446618 24.822778382729876
356.65945395625107 342.8623459190199 27.331730418905963
811.5799447613418 364.3792149235453 25.122638125961696
182.8076493775571 327.296113915575 25.21215087899154
523.1944339692543 189.13272603439148 27.568870107753693
341.0252457273536 13.61841882005388 24.019593976402117
154.51274528694748 114.0728822601643 23.618071620971772
981.2061266968298 49.25230622952479 26.883937167541095
710.9238278211975 216.54555677704167 26.486210698032604
889.3860002575798 325.9110198515264 27.033774493006078
323.6312048494624 372.12344126487443 23.79633675250963
8.361835901962046 382.5890582087356 24.673392998878334
640.4938097343646 132.59651143878023 27.481085709419105
732.9074373811729 215.57006855318895 24.950112936879165
600.3886041960443 225.26733729908847 26.997604511451467
192.97728337714503 371.3440584568085 27.68235956885818
395.6901157155105 372.576909998124 24.64622588092534
804.3496838165876 217.3404007080082 27.921940600067487
285.36151170848336 251.11376842746594 25.18901155050044
118.68180685293828 273.3181747139244 27.004545360034303
348.81347572060616 296.6401295048926 27.00207165271196
144.12871955563222 51.31398939533054 24.767050875288774
366.74533121192076 259.4812470212796 25.800131432077816
143.08521417365904 196.18367127482855 25.142298747063865
612.6438089363965 308.7972552309657 24.098838600592963
614.1904674947006 137.6905677804689 27.491943193849007
254.86433137193598 204.96708467035845 28.25730815868006
9.809399383912009 248.24271178777906 27.212992272750743
356.0111406874713 180.39139356772444 28.31981048161055
365.46777570589916 30.967573800336588 24.30787405110227
649.803933126849 208.0423724568371 28.272605931529057
671.2410637351607 117.78889966831252 27.492231395283635
646.2723452090481 255.38248632683306 27.492883320645493
603.3234697444354 107.23874414787886 26.82703869982231
418.84396612369903 223.91806144882668 23.506607835105726
372.756150875443 181.35256214384742 26.896760346250083
150.93885246596318 110.47714453765943 27.027737229682835
512.7653917943559 368.3585861204943 27.854747075272158
138.691684228197 387.880747363131 24.131522147190175
600.9245467552342 14.938620080268539 27.659355948294213
168.39547925669018 26.341269544547963 26.250114914163674
241.3518942676348 344.30826293045465 28.01474577390111
704.5835224364674 242.75027112553084 24.072031877119098
268.71145921824535 343.69411482275723 25.6911609510973
64.09573220929022 296.83650182760823 23.902536414269065
592.5897203776293 380.17636015768267 27.359877420698357
124.14486802845704 118.56380917161627 28.296048703939174
499.94963514413513 214.27058265444973 23.96382424617802
263.8145213726091 361.4244401110092 27.92238123521043
556.2579904049894 286.7464105035465 27.129056846080847
298.4681632205649 86.5447643781184 28.466010818802918
583.3643880858002 110.47433408687768 26.674478987769938
499.4843834657703 391.5858023573228 24.5936210435964
994.4762027804152 13.760736864760625 26.914085143678253
246.18840016030842 348.86769235483723 23.543587821740303
93.19107307968267 256.62628656174775 23.98100348841732
15.836714024293986 295.3049164287618 26.997587801650027
713.4654489107937 272.5088287214128 23.696108060734108
848.407308410384 52.68342371631638 23.566637000797673
818.9330666742162 264.380670176245 25.713174817018412
927.5145516255843 324.37283350298003 27.361012161852965
780.8360625121661 89.46616273208092 26.501566725538574
783.1363112510311 131.322138462401 23.786976150071556
11.065030527534493 377.5803277923723 24.67723653546582
866.5192030724853 377.46566701819313 27.41617222954596
296.8672226374597 315.2877305378374 23.81127846922406
877.4993473329006 277.54475075814236 27.671019796533635
532.4953241878954 256.0543487479942 25.977070026070773
478.79798554733856 87.65786006188434 25.24833829543902
895.626780168531 343.53854373761794 25.33382084468633
634.2569382054259 143.16650836713723 25.922548857729097
807.3581185173356 113.09192195319282 28.17456922950845
216.47570790754943 66.23309391857828 26.309808387714863
37.912467356380205 111.12166769828109 25.32568584735146
186.2829515686437 336.3295497096519 24.687862201513525
979.2143967899519 282.65443233957905 25.104984370601453
228.67806946549752 245.35883950389277 25.32767328816977
662.8787684474217 57.44223069212673 26.305706292128455
398.44615451104085 152.154485080673 24.448283682300364
429.99827793078583 141.21591866954572 23.749914542333542
979.0900565133296 120.39350174600543 24.724057577431324
988.8460930507675 111.92419727772092 24.77004816790523
270.9184846943389 224.45399482461315 26.79347698936691
769.0533398453574 145.45018577686176 23.75129281563166
512.3381844352259 238.2984298875417 23.90293103183073
196.17166497216976 159.57472787758843 24.366599579927072
201.25288287563424 225.64485433197623 24.301243822892484
578.3611168876038 370.810917743683 27.92412047114167
53.98026345559948 111.83001315217211 27.336686668608074
386.19520950292275 1.868980102846507 26.93387918116647
34.643336847285155 368.94752342690083 24.125461700105195
595.5719310217002 147.3793266219851 25.493872809248685
860.332315261637 59.890265178748606 27.808536287665284
590.153962362753 185.30658723709496 27.849621226294186
172.60024316241595 381.41596020879376 23.613539695916035
630.7059311917486 188.18197354240328 25.74641227252633
934.5567133082411 82.61756113906218 24.433371130745662
700.5956659389203 212.568845587397 24.267988362981527
319.84491146868544 18.293176382450362 26.338251446609256
345.4000621539807 191.50953462980013 24.33390814186147
394.3818845217294 175.50198016054637 28.190090514977307
15.200071250390469 381.2840353109439 28.051900017679227
727.5463628661577 278.6412617985558 24.33602735717663
75.33464764775522 72.59534577419777 27.62967673776176
914.5184180869154 270.0133338746567 25.652502554700064
619.052812090971 212.9863172762879 24.52825155983864
38.095189023534815 259.14780078147476 27.094767500926924
146.9807870401374 141.34081024845906 27.268020381696488
773.2823370765876 258.9324805333493 24.403749853518875
86.29815569687128 139.93173259222 23.608843300230614
52.42837445906978 247.46355534611862 24.928961710176374
629.0677384450232 291.60279206914765 27.34205705072327
608.131022962058 122.78025180074098 26.260818417297788
955.7299412107673 210.01305316104236 26.32862262781669
925.4901852723557 8.379632409657134 23.818380311136305
167.17747755914647 203.88616044107414 25.663195468597102
28.763404528067802 219.4409731767629 26.92103659728457
127.26276965869154 50.093287002439666 27.455383010766734
448.7336343001158 255.60529084515028 25.568825097845266
476.6308307076579 87.1130125137507 28.01032835301421
749.1302233471616 332.28095102562355 27.971573796605586
737.3585200423349 195.6557457261239 23.521355710348836
200.63860887199368 228.86074727482648 26.27940777882568
214.33832233361184 196.46804391174427 25.41497455693231
881.1467443808932 292.7652909154557 24.37580074758884
201.36589472768796 149.74690029890976 25.41716419578588
437.04156077679056 310.4525386398325 27.570548466282116
314.5455900211272 63.14758956206874 24.24052125377332
483.0944837010187 101.77973060330801 27.56697275263153
959.3635396278211 376.76596261077424 25.57240401857422
652.64311783715 117.45190870852653 23.840364206943338
456.41212113979003 258.16827156980315 27.11937709946012
374.6446672975475 269.5669105310473 26.140051604690587
29.480221523725092 266.73379593646706 26.724647777560207
773.3800891201314 295.0501154199557 24.97434402134439
133.11887770481025 186.21902453467726 24.71126240290809
618.1308030962676 377.39011352563676 27.836579789069596
758.7981292076477 323.2514281424707 27.349966510106903
936.4178612416761 313.6173320915406 27.434181902908133
812.7090935747055 66.86854099585018 23.739026939331943
922.1436993609535 34.740272868339076 28.06537736419879
166.8284314333186 33.43676249176566 27.993093384520705
780.3405801462441 136.44530895702331 27.496369286128466
920.1236786853178 309.26833035586645 25.84530141413772
548.7169783086639 264.1052912743149 26.593427359978207
0.18086394601057876 270.70627729055536 27.994150527916503
102.68630918833132 277.10675365186654 23.59962133102188
827.9005732269138 122.81948253758519 24.493947427679505
99.31681939219294 91.02387828364402 25.27667226774143
59.432015595945906 261.3464164692955 28.46139314816145
645.2944129553085 104.81773182606568 25.292439580281677
719.7658071902425 230.0997608789483 28.414692995820843
817.5447278776103 350.34917030467494 25.77954196042026
520.329722478633 113.3977137508075 24.785718405135544
640.0031542835809 283.1424416132613 24.148091240280745
86.8509407821183 359.67535109552426 24.957496296717732
777.9079766772279 40.35058448937847 27.154889087867
851.3538125150211 261.45268251007263 25.532723662027518
588.0558066465067 341.8328298875167 27.234009089957894
730.5298945677964 395.2499904187407 25.185101676053637
530.2066734069457 364.4853826952916 23.922603610115047
528.2864006852399 123.54665437346002 24.181887252327947
556.1435500386542 183.54861660912144 26.28609551844362
478.8761814002608 243.93219056266923 24.58790909977277
438.0328707109078 296.3746962717296 25.895536831937022
63.82749572148294 196.3989547512687 25.909986073692334
50.333914815320455 16.65653107036995 25.645638704198095
375.498599396769 60.229487753855615 23.954699730899858
87.57157880943667 286.7217677388167 26.455460337807214
906.4246173086954 332.83977674427126 28.437151013367895
276.20408783162867 382.2606245968258 24.26752644756814
870.022248431937 223.70671524680156 24.175917589579058
749.3393971465478 1.6133069181134996 26.279641407725876
517.3681556140659 50.33643437748832 23.86900221309391
309.3182536039023 208.0684857251603 26.703169333684414
528.7386261486535 217.07337735623557 26.593125366962347
950.6912386447376 139.847999632529 24.660215492888103
408.8363636924278 12.110561071848291 27.477093373164106
384.75880020350394 173.65167787447893 24.90002256473553
991.9571494241784 87.7935296034487 26.938915608797714
760.8718533180696 222.63940632543444 25.543888725704512
117.95763158730065 102.41619353869665 24.462435871319
167.74131918425394 311.1114824356518 26.941819520948442
331.3474851157874 300.13938607918817 25.935971357375625
403.0827978560754 182.24351935679746 25.248605878443108
3.0896214993781923 385.12669848735004 26.943159523044617
489.4140482306468 292.11433160148096 25.479610989439497
606.0707485967397 295.93824949304286 28.24213733673119
289.48243418286404 396.764254368878 28.48666824149466
378.3981499754449 289.8564338534156 25.697408139033037
622.7618221455637 266.714475656618 27.57342609523522
280.75460221910345 181.09040946017245 23.64027174122256
525.230348540843 126.59367537783459 23.840390804687555
851.4514932335138 212.42157909928844 24.57635667088867
733.1062438482434 221.33438327487335 23.97785119201456
251.37568764886854 41.26377972175463 25.177319683875467
346.6339406890094 103.64643615458479 24.196736599734553
795.9282741006792 346.5223734431339 24.97977483831068
666.0126405345967 212.72674052125237 24.562046867368224
526.8705102436567 263.99907235216864 28.356455928638123
846.1496680167422 107.75122828270653 26.85146979619425
677.6704109881754 381.107079917711 28.357851786108554
732.4858997886919 111.69471125006064 27.55570092139576
134.80333712131232 305.7876061225143 28.47931557818282
693.4371643597813 335.26530337196203 27.04121942009579
457.1948635148021 302.9564601944318 26.368036037398987
617.1568966687493 54.800683572795265 23.657143410011553
558.6780802928131 191.5119163875507 24.822239125454686
386.85932542046976 223.18093026788088 27.553448046046963
515.4111670766229 136.6053570497873 26.074433821611912
969.7317419427345 54.24639703114962 26.72832130383807
972.4885601531502 269.96725262757366 25.51112825829577
863.7670861659249 137.6960723376003 25.79967025339288
491.67448992921015 233.7961395587412 26.429845123374534
643.2963116247232 355.56077409996686 25.833563999008877
714.8592791401063 373.0106336917756 25.7339171903061
60.602728905746915 369.4245879090191 28.31636865417455
84.43639471614584 92.23712752175075 27.22681214384986
915.1390399089332 359.6848411346004 23.755040899564875
840.6370592971697 337.21164536006364 24.297833876418785
245.3013013245601 198.12422632213998 26.080905381824557
244.63871472755815 238.51691332925995 27.744086490903936
366.5751009614009 40.49610396916656 24.837543606355325
202.05134421442128 245.7079048450022 24.500534875298015
644.6640650062021 198.02416714145048 27.296329737171575
290.62871180768036 52.603850086227766 24.44871666219508
407.82530194342417 190.76815466655526 25.078697777883505
344.5688423642216 334.29575771332003 24.839863382905165
58.32466653416246 250.53663282296972 27.40933330502384
290.75619126814433 141.4380577758588 25.341491818013512
712.3236475362648 119.01406149465497 24.78794135575802
554.3261375689957 79.61522176593635 28.236397016024725
788.6223818549404 314.34036974066 24.079705931147924
595.9465375841093 186.70131719199534 27.854770904467404
71.89760183426097 396.6155215163776 23.88857645475786
664.5317344224605 348.61609069080055 25.18610931884499
322.1436781420337 73.52699059154713 27.617497548703
659.4259000128683 96.92852002054431 27.626761565638983
400.0853565349721 319.0927017454831 27.03193363519303
717.486339601896 37.320393586928716 26.59739031818854
773.8873564221799 342.7042014892082 25.045692188648687
254.40807084066964 186.70227311122315 26.985105280737542
795.4250042872493 97.32287589164446 25.131161249320577
286.8788519015174 163.22447870442264 25.997329718077403
148.95461500661034 353.65297237474033 28.431551674823382
892.9350980879958 185.7505666703406 24.57516237966597
729.870533692656 33.96915279900696 26.704380632458335
191.77238543949383 299.51204168881617 28.316584747808378
989.360602582014 381.339131192653 25.458889651957218
660.1966555874823 348.34541840939784 26.264680254857446
549.5599167633276 267.33350963085394 26.54292227001547
479.20333262816195 150.57770655880378 23.580315005683367
955.008887495799 187.7826215545678 27.386385167329067
808.5357176188726 388.4785635192396 27.24656796355483
565.9811910154658 279.3017804106667 25.690087431109916
916.5736184860824 167.18869553779982 23.54458377414835
338.0661868295514 70.49113721347338 26.553651094040625
303.9815534510489 208.86839489135926 26.145287150135676
75.15213982820057 66.00105236675557 25.52935435750689
818.024498513819 185.94043079946675 27.623288045472584
428.91960403194395 97.86758620268925 27.457118662592443
85.53287640020824 21.930487158171097 23.90991227486836
670.7502708036297 259.24334630173973 24.93817530936509
830.7378546238034 151.48993556376357 26.35009198806539
39.59409670078207 397.20440459833816 27.12190619373837
83.5478329524697 78.4221678330594 28.348196569376626
214.19930239324847 163.78229890564904 27.964487169450543
327.6189905896584 41.378965658297105 26.11300661353485
346.95305739493733 331.5804894538195 27.04368820443904
48.47951091555347 224.54963373137872 24.32102518424615
790.5392742409363 239.86292127776701 25.327785012659547
292.0725111910565 362.0871619397731 27.986168190066643
543.2005298821001 260.17986515959115 25.36618387568296
964.8289852072959 100.90442645456363 24.875422043943207
913.4775209636443 212.4974848478684 26.23508498337606
38.59068803117316 21.283346308044226 26.164034985849504
575.1485834005315 322.25417766672695 24.195235838059713
267.57051959611033 376.6739856072366 24.946816730682265
146.33782260482397 128.35383904330894 27.53432812672998
315.8526960370891 205.07138483821086
342.21073177250474 206.56344300031947
318.1544121316387 362.36408401846
95.77448881757161 380.14933897763433
256.60547858239704 71.07837876838481
108.09537454620414 128.3004267278671
9.909242932062945 300.3552207184575
179.25247131417703 339.2444450254222
81.5601363362917 136.88214847814618
338.9322390783408 241.63084127280845
54.30250131919867 92.52368772734431
56.46532973620899 327.6405972073569
252.95304296466713 101.27556435933842
98.80847067334994 49.58133097176085
345.2379787828767 125.13502818923277
349.91121153303123 207.4113577292231
68.4987051893736 199.80763128364316
394.360783289106 137.21480793287313
90.82325220356098 324.9990990549059
320.1511525775155 65.72781283478642
398.3637347590154 40.36886592864657
209.87560404482463 113.59405299112768
346.3031084124873 27.050094169799443
166.59530680165258 210.1059002099941
219.1378767278497 35.9690953833022
60.08944309444373 24.765807022938446
16.64624405850259 68.02518426378263
281.14555630751335 126.08035400979851
15.114568175300613 217.52011335360902
56.00196635076071 145.57783103664562
249.09788851264767 139.05435992022834
300.0071470769005 355.11805661341367
17.19364603986957 109.43575098872986
379.01423811478946 158.1415520363041
236.01064736423928 129.97383263386203
98.98172271178085 150.5830453016639
149.7185560104335 250.8617956681365
158.7047213642066 24.752627043986575
348.26625298251395 298.17560089650436
177.55430894163996 269.56581693085496
255.56066028708577 45.348311789774165
49.5553626844357 163.08209890241142
219.60053459874928 394.8056407283266
177.086749479834 358.3894082747089
69.76310642310577 321.77684756377965
301.940501588084 231.45048518381196
302.1443271654818 381.1232709693202
378.4301072220624 89.60467755183971
112.05680439626265 289.35500734594046
222.6908567004727 331.9974410443035
313.4925867442516 267.83407228233006
324.26846282369513 108.28739892076213
368.5609055756983 269.490930139841
220.54530769535123 139.55937609268366
95.61442869826125 310.2089966090873
11.506705115346882 145.44958651921337
132.98040523840052 87.36012697979322
131.8027999643418 364.0676094885097
105.91638326347024 91.8020966945384
399.01473049227315 156.3775972449035
77.61327720267315 305.9772267641955
21.48696871468223 254.27954764651633
60.771569873349975 329.57940811278
76.04063679628194 41.70944971610009
124.47975329191756 385.58507431071837
155.33599723344608 150.6552929285167
351.8271235538401 133.2714044691977
236.60527816178848 9.063953312645223
386.88607572986086 351.1737272227303
137.9300824953889 195.19236141494477
155.40245853467428 151.76163271792524
205.19088257376464 133.03406983465115
151.73535604217201 250.94185792323955
112.2691927258372 6.030873433697614
255.29089610871142 139.32398205177668
259.0360002615455 171.3570152527367
372.8980563202314 188.51299717717018
216.11344539228585 224.6416773814841
299.2770302889512 374.5210949561034
192.34946381462038 395.0736522370367
45.95445522086186 211.71917612219846
190.3987336117082 143.4101013211158
309.6824626029988 64.57635898256883
167.75579205714254 290.4896183539701
134.62176654963122 240.76447763477327
335.04000395304996 121.42763493763779
368.2523838827858 368.03206234009747
100.28448312893894 90.75073167730227
19.178240018977988 318.58091398063067
307.4347748788921 396.304137989072
95.69543471375232 168.50620848340392
319.2158463667074 194.84513956411283
337.1969150090046 366.1892756868778
358.9793077464509 399.81305962883675
46.18937306524469 32.36043272544373
353.0956902831963 31.844707638720273
186.9014075861373 325.8772165931118
104.90998682934607 385.1821723484167
37.16510891632105 283.09153691581656
383.23150133689296 28.19821308283985
363.4562496156518 75.00742565467368
22.782424588432136 73.84229597664876
334.6815360510548 25.259213361451003
10.982558940001752 35.88875880875433
398.5043479778959 193.26797462180005
174.90070858221011 329.4465244248953
114.70368209450923 50.76232800022047
284.15650516818187 79.26795175214897
73.26396053468676 366.17770110847016
350.00939863231366 366.97253492259995
120.59666358788515 260.2764085096263
227.82484144191483 178.3793542485901
175.49775387548036 307.6588979688772
319.56066977296064 304.7202450732198
137.1479999565708 332.6647103414301
24.869885544132543 106.58366530356255
170.66649744210082 184.48988537325914
203.86918873823925 167.0176746366279
1.4307284661115638 75.1754497399574
291.5756642242101 40.29820330492373
157.57972362327996 25.450037504473322
243.46716421960264 145.4471730598518
170.8198293163445 387.23762739890446
193.5752360099333 358.6630844028119
178.8560246468509 97.96956310545247
170.97211394395822 226.40469382854013
368.47447151405805 270.6680705573885
47.46703570660253 150.94673069074278
56.50542016897661 335.0968233954159
78.77977390356375 192.80459554587233
126.59859761511774 219.10198904008652
153.41254745025324 89.50308155130817
222.94625479176645 195.59540015823708
377.8947792148517 307.7424451752784
347.7923311543281 19.459753508475064
104.02800210228116 226.09307375486742
117.76920544004166 39.983605133643294
143.2114972339108 287.9283063339173
304.80666226909545 298.26229573614233
114.88250420011798 169.3829037455612
20.56083100651369 5.328914715781696
40.5575500185452 274.70304469769195
199.01400560375367 45.607603736839096
21.91510841754285 1.4315214739818671
290.09924121590285 61.609672402655626
130.81252299370004 10.45020195009223
297.9070472575982 49.62088143147882
91.0833192946165 390.9798900724548
80.23423069052673 232.45680228117072
146.41443565319116 128.21572297636757
171.93841823907965 274.1908129001961
285.5555550524501 61.35450543574819
102.76463100158821 63.08780148548774
335.5663310836119 362.3484006597052
51.01369761593557 112.80449792544314
335.7600522330268 70.7976772206123
107.62510449917033 118.24568040761618
269.45560484684097 387.97313522628536
20.950238120227958 151.29349589200203
257.60271323626944 63.037062346732455
250.6950641598266 392.9552765502552
307.7984806709699 297.1098277924056
80.21427269458302 172.3035000464068
264.16640627712763 145.90695549272877
19.5421846435853 218.90941112525425
118.02226838723607 219.25022857796347
177.24888712579911 234.30017156885376
316.20420493371506 155.83383661048492
87.41292355858685 349.29746031908047
343.3977072546516 294.2053120802131
248.70532023235134 157.92352731010783
56.7390678685745 165.99867697120536
165.78266415655287 4.888837150755698
15.434134418042733 305.035615901144
378.89003072058006 52.50361032204327
375.0824727161918 195.98850078625182
25.777907398002764 164.18378000994736
5.849695214454442 378.8771840677379
100.7401203260772 215.54963139830159
345.5844957781386 380.7497426591771
158.78305606507425 80.44410771344998
113.42937977711864 263.4753876256785
358.6395910980767 38.025319694401816
186.4278366178049 156.65578168295048
246.54420395970357 108.41629842472184
281.0832069600692 387.2393736143633
153.38888041198456 48.22294184492066
183.77827025540347 322.5012907864553
111.0825950545427 23.55945988751418
138.41706287100442 10.629459907276617
389.64024991551656 127.04837895990444
26.604076719156254 333.23588049191835
314.73005536577665 116.59073011242444
365.1288100784706 276.6900273500124
346.11149881567104 227.52985502858186
297.47688594986084 84.24938064435948
80.59908923730883 46.16048821277992
270.54204663098227 68.54045019742227
288.8904495620183 31.362875985776874
364.6664848345141 344.021510475854
303.79994578570904 132.4699949949529
84.59005644834635 281.63655965776803
248.1428283253769 75.30366600517029
220.84207503014096 92.94820009942693
323.7173442151606 274.6439234657851
155.56248817511397 218.61501167211426
278.5359078610898 180.22384802944012
313.69244192676854 326.15729293374557
27.659196534354848 174.67024090991382
149.9271818669062 314.5332891751868
23.69045468969859 315.638723646771
313.7776217583585 378.1258355290168
156.18998956248055 250.7199593240888
249.53974914487853 300.31765334152254
304.97358958304136 332.52165792495146
264.92446462576106 126.91180052431315
180.46110813184305 322.65936189265375
41.55328744605127 12.23155054571583
354.94487381068905 297.21712398810905
62.47868342073475 335.8124402660371
21.850877603318075 52.56699281339836
96.3408369850026 155.17713822775988
15.76826291730109 59.264892085676735
104.72580727672232 290.26198270729674
384.22655693822736 23.068086703295343
128.74302959999406 27.642230756264663
322.90235075440785 385.947825551441
62.79360271333552 387.7810131492829
169.14097401610584 36.29891264796101
137.9533741862507 116.10528973752979
394.381453150001 96.3758131057486
14.348473487439062 238.79016105722002
344.27618643379196 116.31343792321891
221.35382756502634 366.71092973649115
246.00005824756846 127.9183624835997
286.39822648408517 136.10056962243274
135.4467432462531 197.7449146025921
57.6129911830479 242.0283701424254
52.71298726192941 367.79825669171777
52.51386069156712 250.89350802289556
312.4749934694548 183.5348328221224
354.3595318270214 370.7055097814549
76.56395063581579 382.65894390870375
29.78273381128993 13.001893136333909
39.250989983596305 154.54177537100026
255.743312779172 97.83089705642793
381.4549536131477 78.91799378602333
320.80574268510026 233.30597038965215
258.28945551864615 213.84260247824304
5.196645843871295 143.81624539412798
355.0689173281006 26.719180895342465
146.05091083379284 226.05576254644797
280.0962788942293 348.5386176929628
258.7083682282771 79.61200817919737
158.25824658750884 80.29572775551905
311.87589709991414 288.9328073175216
347.65716614810987 391.8790036575454
343.9229729128715 26.06836791173719
322.2115882561819 227.55718175803202
159.532006443211 398.66364656476094
246.360774654404 268.5142114538366
260.3775650401652 85.25431172027851
213.71154420523365 101.71241372067126
40.462130455110355 79.99754327982598
129.66897572739367 5.691750273966978
116.18886997722075 311.54719267056936
188.79557379230246 87.74125709175391
63.205064530127196 105.86096957428524
230.8466602388105 293.2067720133829
396.50309836281804 130.30524336584838
355.13284089306677 256.5272546730644
357.2188885407914 386.5013984870404
231.06361055493863 74.92011509466874
159.02086697282368 211.93570651971885
163.42923747270225 259.46407062680265
198.93568212028794 105.4327789329164
354.1809874318567 154.65621106042516
351.9099121692472 309.17087316359203
348.1734072620253 216.34803165450674
245.36028226102866 259.9953249459202
358.5348091437876 299.29337221240854
349.417922916531 265.3646782686525
38.03590913977044 329.36928060742645
220.52537519497358 64.34202536313349
296.0290817514697 221.85895026193086
300.4981317828927 301.6222964361576
356.2343408055143 256.01406900119275
100.11566304647515 372.6644365574015
208.8509309634278 127.44189916988695
385.76006541607563 390.57524736511004
331.176684534215 173.69071639774347
139.57337040137494 180.47023291012522
34.12037959589615 204.7351993588539
178.05800052412275 224.61446865227552
237.69553764457095 368.89162901689707
390.99772101453095 361.7249852451196
286.787100222646 146.02068541632516
202.02962519819567 186.3940057045004
389.1856414640128 283.70403965098785
54.15092696110455 99.67075218343724
