1000 400 300
30 80 0.1 0.05 40 200 0.1 0.05
408.6443580790704 0.42111739324330877 24.69780173511537
344.85617169441406 118.96754788814911 23.59838042787359
601.216384235039 310.8385080525136 24.27113367951134
18.696508207904138 282.29834047606334 26.93634952692979
234.03610156849308 49.72998594655187 24.983827578345707
269.60036543214903 25.50936715362182 24.648988786745495
35.36839670700087 103.71655470509378 27.984158397187972
697.2699254354693 393.49771953405804 24.59402036122256
578.6857775552206 264.0130201449413 28.256999014987063
651.4625362424315 97.37801171883049 27.36431179628991
114.53041116752816 26.430391869646954 25.845907509208274
599.133064715317 242.0924378445774 26.80105148216931
134.12952814824564 328.1551325006462 28.298067105839152
989.9374138459591 94.54428841209324 24.03696321556986
412.5308343051255 340.13451893698317 25.331477663178838
801.2607087174894 12.598581917029383 26.518571842952035
354.42122164844534 207.6232252076798 26.467550916059746
361.4638594636357 342.3372010716396 25.601858254241495
925.8951350324332 300.2650015280384 24.894018762502053
149.64009847510295 62.35040190154102 25.889868641229636
516.064836537324 161.44773512597232 28.21757489541315
541.096428128184 158.41951222156658 26.82087019372919
308.7531538508408 292.78396889195386 26.674511677346594
883.6573756340518 42.27558510817504 23.630274738999294
341.1459378891306 325.38438112579354 26.229286377638005
558.7368871789655 320.5335925831576 24.629439042413882
427.15592254970846 60.81312830594081 25.290787023224578
495.32122267968214 354.4797405335095 27.372144941655662
681.6786704883641 350.6930158965453 26.296307411882925
891.3109733543303 251.95855488680178 25.239458019450723
10.603220818701576 158.06958906864668 24.48297430260833
66.21369854927738 66.74499250003625 26.962079523272152
752.4420931061633 132.79876462786663 24.911586768651077
567.4713364980389 359.82265403658107 25.734373016664293
652.2164024672569 258.0959306151519 27.401362218134913
9.627672329141411 356.0008251701504 26.64603499605168
607.5882236216645 0.4287439604116372 23.945683939135318
5.352718651384314 207.11821835832671 25.87777520741938
601.3735603226112 228.3541798258728 26.425189934222942
798.6708192619906 192.27842831104672 28.36018718329147
983.0614260788286 59.64562012049046 27.828929298093176
416.6007727744442 332.469253097771 25.68587350894671
703.7570576100144 345.8317374347471 24.597176530444923
883.1867881706642 101.6128278642534 24.97138776666997
272.3767003976032 98.52771104577664 27.268070777085903
91.34141631913562 352.4053288863717 23.987081320231585
473.64598533955046 85.88527544331686 28.04863774071802
589.1639984693168 60.81032275565046 26.280782118652752
267.5623180548656 357.07305956465774 25.73992853079737
828.952585712328 89.09808749349004 27.708555379880828
631.9193871251146 158.62685438640162 27.17382442944931
353.873008694745 78.95194758959607 26.91763369735211
380.08026142930805 353.2334411093748 25.810247169691543
198.4459750978912 262.22022051609054 25.989877756905614
510.6184709136667 297.23448645341585 23.789659753760354
178.29396560536637 9.956398329844562 23.90762619007572
358.29499778168605 229.81202857884276 26.72534468025378
199.96112260101683 366.7895957234828 27.428169016135776
511.0489616206947 120.14777137951866 27.08833960438608
675.465384392761 217.4796385405902 27.700891401755154
38.570022633630074 348.2868016487302 27.717324401757203
255.32035959641385 129.5644828654272 27.806776837211252
307.2879416276365 194.18697187815286 27.85529892220026
559.206542395516 77.88085709695017 23.789735093681877
406.3285418184168 104.44986994479129 28.05052938046598
280.7873400251171 194.75892809746153 24.551283644018255
710.5913979757706 18.212357018897496 28.183837832797284
852.2352894790581 158.93811959384286 27.734516134897277
201.4226516414248 177.0808578645267 25.017583560437686
889.1182155319802 235.5504643147798 27.891927762725608
52.58285196976542 227.01865711087913 27.770238628564478
496.02429169789264 251.4497217322742 24.448351771761548
478.9137220519003 44.70090989379769 24.867774665576974
530.6891884890221 121.05538056423998 27.290636388816697
606.2348968937077 282.73744764385424 27.81949438525162
416.8079653025105 57.81083301207506 27.967305886184626
931.873600351768 216.78161633310776 24.018704106978237
614.9297069272317 89.150058990518 25.113718352171436
943.5391896308319 276.0986716222458 24.63181011850395
442.9739469289614 256.10771901033075 25.652440009074407
397.0750408093442 224.61168477622837 23.864036269040543
353.48599444572557 283.71983238105855 27.79786665732334
227.39310920639434 202.48043109269028 27.073824139881882
778.6418165198736 60.22525374005268 25.833584526986343
797.4465990075006 203.35202619741665 27.04584931338824
235.48457667442423 110.62017032384257 27.86747251030212
252.6135950946251 207.75439275247618 25.366038112125423
16.553500304688605 85.91639989209602 25.31191341023262
826.9260278424986 270.6381470653352 26.209499392508118
682.9610765206111 49.83773612172313 28.115354843536114
587.1221453649976 16.512236041654216 27.939233939921493
920.469071904147 309.73557134159313 27.889382731049743
953.853160104081 268.41686367477206 28.002078586176452
540.9650134692959 32.04256732167274 27.05685945941627
419.2275479311501 260.3367634841556 23.527691904529988
423.0824295226998 172.19079250876703 27.187820783795114
808.3014897533399 383.5325189620643 25.41245511322756
632.045882771857 45.92507888207882 27.40888363111064
690.5652780575738 316.35930615066553 27.17581622450986
470.04170850852313 228.42280387961145 26.45893189124453
726.7557994655317 298.90588875141344 25.481555525809757
648.7722247664511 288.41536837874224 26.83073614562922
786.6362610023837 146.42330324032372 26.437312857786825
493.9791571837451 189.17230306112276 24.868705103026077
154.30012303446628 50.97720109724695 26.935956436940764
170.6296846124513 303.0848542407446 27.492840110253294
468.0193386539256 294.75197880564326 27.74235134253527
424.5262436085622 321.7497435987472 23.865693203791373
749.9889090639696 80.41283727733645 28.416019918631633
573.090157197449 372.7338598268934 28.21214059987085
855.215912614592 257.0962262823066 27.698184734848482
231.10915552266087 395.17511622747486 23.712356361140948
405.33190400050177 261.9032049223171 27.681723245410737
46.83864322668063 340.371562181294 24.909679776593318
128.71646917668622 76.91683278854629 24.97248821308451
54.891136680972565 255.60830861369692 24.07213867083266
968.8307132450244 385.20774163947914 25.484992100120365
864.090658984264 228.4980360425933 27.00615397769962
173.2632825101843 54.233405636923 25.38621684631344
14.547619383790678 307.6438428818612 23.702175528245917
271.26333150758677 33.43071596050184 24.69676488479468
416.62762100441097 309.801190107072 24.075367761251453
681.4148356182537 70.35048128938195 25.914072493154258
767.6308007224094 253.99676900813498 27.802503026003965
66.92041429899254 65.8400627605098 25.770180084144474
406.62319051318184 53.08442227728207 23.623352373410565
236.4011609627944 36.74936168915526 27.4557085839577
875.1006788045967 10.559741221275099 27.41736959251811
745.2547643738978 161.36918200382487 23.70818759508403
896.5289785091201 26.44421897692455 27.252518843930787
617.8922399740377 369.01231200641115 26.499589867283845
951.1696149893855 165.7643708834004 28.472725978820247
125.41401119408957 315.27014150243866 24.384556444232203
718.2332956454129 385.4196355769196 23.705564158123366
16.683500011016594 166.72409383618918 27.1539644551244
483.9282173256566 292.6330832698821 23.566195451625976
322.8831603662752 5.214506605777958 24.341657948266786
4.401647546612986 7.039152396514581 28.362953945180138
5.436408174992913 147.87363584764623 27.465694178557968
84.28990120980106 248.8608297420637 27.501803298247555
572.972666443654 154.46647904439396 28.05657411216672
336.3534838218669 51.39320621232058 24.690654645133332
992.4941305799033 141.3570148051841 27.48772726057063
761.6129155912904 314.71915081132454 27.78147222715514
10.144510819963148 18.58079261894843 25.12898908565108
203.0245941905101 340.5639964644419 23.90139111062999
484.4254219033254 283.76086220892773 26.189788648938254
633.927650227958 220.5281958839254 23.828764529399372
735.1773656939857 108.40632153122938 26.899990724879963
134.51010223902193 40.44718353198582 24.703054614522387
800.332589842558 196.68361827604727 25.034399461183025
259.018608710752 4.8953820531189685 23.62758032683281
53.92915109667118 36.00414162165237 27.660319692659492
11.3781932994379 114.20332231829357 25.461991700836357
917.0923471458302 138.43001631029549 27.861628977049758
519.6796109562808 21.872631744903348 23.7094979126381
541.9635140366712 331.41709134485916 24.849769232093593
657.3901536271366 286.7799503113567 26.406752078874213
879.5809049226714 28.992339087132144 24.64102026440261
712.2820181506855 79.63711433122688 28.018166119510767
578.5641738927374 227.05606425145416 25.486353507361496
898.4573825128504 218.14828255542858 24.639477974140327
683.5677286344185 339.810285111282 25.657917492703803
172.36555094734763 245.25357107380455 28.11763966572144
201.66942969891943 342.79611347289773 27.494523762380688
814.6117059629631 28.601838055541016 24.707466914081586
731.345123159495 319.8790846732919 27.803968587529106
424.2815650269722 289.52952462507466 26.4937704359414
562.0163118671154 128.70394470474474 24.626129189294826
924.4602588214452 52.66714492828201 27.31654355848971
871.2935336417179 297.3539698717211 25.837856224960692
463.98948672396943 272.9276955693097 26.323747043434167
900.2922375547258 33.6461644253371 27.285980285488755
523.0416782848561 118.87999415152812 28.44072576268621
662.4653232773912 250.87698940140646 23.772359465998207
374.9268114766065 187.95310292250997 25.0586009896526
835.3493601387753 66.85602799352478 23.78578845660187
344.1959037427156 360.88386052037265 25.59927296237761
853.9026091620749 87.43039776824872 24.9276286963131
36.44356652105285 275.38541642912213 25.476973713702513
834.5451007586494 105.86436071918293 27.355919392217167
137.50464149185336 161.00998305834833 27.432556423957102
135.78769651577772 93.59888535397572 23.668102610938707
212.61278087010683 21.18038239449236 26.525665999633336
39.029631783108144 178.02857289412458 23.643811163191792
637.5553460667595 110.70210761327664 26.91229083853332
5.657004977845048 44.70125705982299 27.411778709575493
806.2983365217566 117.81710271851091 27.26346690188449
137.30944940721156 204.2218458364394 26.421071512000573
759.7267386695935 242.85164693700088 27.569521485080806
97.79279714005307 61.32988923405329 24.165593627082377
529.1822192573676 238.32116307134186 25.569488252319022
719.6734051182171 342.0724871871631 25.808186825829456
681.8890533221177 249.31236123330666 26.015358826901068
547.5393533011695 295.4149111926742 23.59945441269149
673.0232744073545 323.1467767927557 23.965703389370198
504.0760029686696 302.4718373788477 23.506431852238364
765.3578497345794 342.56676453301736 27.76480806073654
904.6733055201643 308.0077568944218 23.524003354330908
70.74014566500087 219.55402152568394 27.93561938053299
0.8299080647493629 36.8970672618528 28.30099138462048
31.135002487792995 53.719474291642435 26.953138567126516
771.0906053370596 168.55712355545612 23.583486839367016
707.9811201376382 340.07071835628403 27.4969856435777
578.968223034433 204.4233949771042 27.46746459721095
138.91645511694384 179.69594728675025 23.9570939542231
717.9553212410157 260.52841410498087 24.01513811647987
786.6641038153618 121.0813045108969 25.506170951917053
511.3938207218901 26.12831663625954 25.675836136343186
516.5410414761874 300.728227919452 28.199840755996192
136.0883676120519 320.79576913663516 24.460272738110167
351.54007404578823 264.53832486397715 26.23531393613267
408.94220919971247 120.9186643930598 27.54166599755566
456.5004201307746 384.91223101798363 26.52890885829708
490.75699881795566 370.31417499033336 26.039836079633744
869.1540382022174 235.245354356715 25.17058329934745
505.24080419027484 290.63934327710433 28.12366034355874
633.8251672300163 379.8244591012731 25.510477089163345
988.1589968532242 111.15693201233454 24.228427646583157
395.6472208011936 263.11301853460776 25.730855763570347
524.7564436586716 183.65079445985168 27.409952423623167
606.1076853655757 361.88903759830123 23.781207444369258
915.7777760717415 270.0821670201351 25.475870827431255
185.66534865427698 364.2433637463541 25.700849915215
355.67999953153515 314.89026556723246 25.172334198179872
431.61755861780546 172.3891248605276 28.240436042939574
892.4178378228676 61.370015580616986 27.034181296274262
779.2072269724035 46.65039569004139 25.611229582187953
457.30533026644383 56.76024951591509 26.49834550963167
585.4106286403077 314.71981892643026 25.35087679526776
956.1127900471805 221.7504113993143 27.050329628042228
756.569128277937 205.87827687103476 28.08041532458057
858.3171464562658 339.01529071710786 25.835541519014036
866.0281315320633 20.682926001602155 26.145099596256028
829.2308448499889 137.81924360879927 25.681481192636472
473.60994641517675 42.73132822389516 26.258822420499683
747.9104328421873 307.1469374952452 23.50042027567523
966.8277187751316 214.3269711932617 25.70789231075277
829.9853803525602 41.4191820488564 27.779435302133887
180.38308675639058 249.7834415501902 25.985966904040815
25.92209426677561 287.59424347661684 28.316411432411694
836.1832830113773 210.03892416817277 24.921220023181288
748.1915616820081 291.03914622722573 23.574775524378193
985.7507651509745 15.287466233024638 25.0843601318089
761.1626804627048 94.43565877290135 28.350986305593885
869.7362639752062 177.29750758546547 24.11884539780838
570.4919097256155 187.3649638742736 25.768781588206497
158.91720114935725 382.55830116324694 24.371338226039185
308.8944813062782 386.04628344934343 23.62136666464914
365.5756439445939 287.70062323036143 25.001776426550073
226.40730389485242 188.69144767911385 24.51244240189267
255.887238004474 179.85655657254185 28.470948397486342
858.9098543027326 241.5323287106803 25.131471704810895
529.6701358519806 30.583014829526523 23.7135580062188
531.4525691129475 196.9846722554732 25.91694886558662
524.6773354002659 300.2527564754604 25.35274279358229
424.92127348450146 375.583097806297 23.689658850016556
644.070544431234 241.7431365150353 24.366028019674363
227.1880043947513 377.96095294013213 24.998834678613434
977.6759902264814 362.9052022014368 26.712804100285837
743.9827355301379 46.70858927054198 24.637475781072506
804.3459962048524 335.5013489425647 23.541505272544853
460.4619723855485 158.62754088188035 25.31547046675402
422.87135498287995 326.6376799187893 26.844557272465682
231.41993068078926 337.65922723498494 25.894057328400706
895.4130933126869 63.514818504636004 27.37648505603689
205.23175251444704 13.307835116159916 24.992909776721177
617.733622635336 53.6564800597378 25.522894992021765
32.253789227870925 298.1521881349094 26.588962295611072
206.36197464385663 44.477533006886325 23.754763009388668
10.232962108188136 204.252235558399 27.3881180411653
550.3606575192373 135.69903061612254 25.644872974210404
324.3610778591885 238.85693411033196 27.018162842161345
285.0792704745332 317.03687821072174 27.904513855145048
54.40064369932007 385.51389391080187 24.2614125416435
662.0650496108003 296.85994399661985 23.93370731219266
361.6220544235532 251.9207317607295 27.713559562943086
302.4123018245148 63.96154777297962 25.30420119130371
809.3278710695687 308.84659216537244 25.06247355729419
603.901474437537 176.7930914528641 27.92003346746856
297.0641889262754 207.14312469196 26.06581234532044
333.3151942048592 38.79856444409815 26.25629678719229
644.1806946146605 387.9602377350534 27.754579838967807
866.7035374647506 74.94151691712973 24.665359244622323
596.5181673526171 34.23618186571922 28.183438390006117
568.8620624423486 96.96023650908808 26.785639466433032
463.3706386392643 382.54762282485984 24.516759422536772
340.01934878958474 300.90038079231596 26.287378598468354
842.56022722144 50.435892286637916 26.508045850575517
548.2081484734296 391.38528819587714 25.66086437251019
940.9195971317769 156.07395080999265 24.6723360730488
539.9057160604711 327.97074800299066 24.285279086391853
936.5230762771644 29.057752437632 25.136233648558534
43.52532688902377 238.62106556602347 27.32268580797984
107.83360197525926 341.39920335755244 27.294891364722112
898.8607941191424 186.41568563305896 23.94541253748642
133.11489223141282 228.4180769513585 24.823101862432388
243.63285441374373 194.3773408966803 25.331919129112457
959.9360585735942 15.881123329090263 27.138948229172094
133.2457045449933 59.88296599724432 26.733667618008813
395.0777231724944 111.87054994287928
380.8385956759839 145.39629750449788
98.30506638348089 169.83804511512832
153.39710241154728 342.68492216987335
106.61819042151271 117.74625454333538
262.9117121803612 324.04914452205594
64.20256358726904 188.53544741887046
394.7930483423601 302.76689955027194
355.95651714391465 389.2136000555763
17.83778576981159 377.60395802285683
172.3287188204899 267.5806466462824
279.39384315121237 123.11702730253793
42.0773882298124 90.62762872650256
14.083411142050473 11.53530476251965
321.58663782163967 247.56239166231148
382.258135849504 270.7736556474267
175.0782480427054 89.24157275391175
331.31383937282925 263.2088899718926
388.26046376989234 77.11688591996216
312.4453929054861 212.4284391474232
328.65831556549756 38.63160787945783
87.37544733434959 310.2391792005742
99.07335237885792 312.3315745451858
24.043772673549224 303.80203948096147
226.32355043080273 14.782783418205447
7.197217345545059 392.8362677258397
285.6174779199007 372.71626883556945
379.273276551431 59.41532933271687
281.6198554683657 237.64850171566377
378.92359352585675 107.95453182292607
390.4686188133393 336.5542024459506
158.9765142797044 310.5685847572667
212.7071366785517 110.99621357605822
242.59134507468173 233.05549635485
395.297777548535 158.4454064079452
15.8097083903189 59.34119658678241
151.58667613796757 313.3516698701709
156.6628118888173 337.2975274835184
241.29240443281446 291.8550359995364
365.44637952668546 136.42437333888947
368.29431059618344 172.85438692581096
187.72817764124022 137.9646866126412
312.1997305941821 199.47901575008368
311.106257175806 270.5994108988401
230.37198153820944 258.8366629290124
68.68907718820351 259.9474527118702
250.30457410174316 134.2396326166683
396.72180687099046 277.67387328214943
317.9299795984589 222.93879995879044
170.7362698547243 156.08761635011933
275.65430046249537 73.72345851829726
84.05506443704253 176.68836405996927
114.61272626245163 22.572907626571357
34.43365268289051 246.19996616075537
78.84331029910703 190.87416967900305
149.0770640283281 141.20627745683157
194.7801266594603 359.5478445954635
105.22132433143514 232.5832349793867
57.66960731735229 143.75276615588345
292.92253563044613 93.49904479026523
327.21742876955403 266.6678319027935
18.649964770307868 49.83278630602443
167.9759534782733 167.17768449731318
362.7322332817228 49.43939341190298
215.68582848426584 275.1171602506236
80.65929212264216 6.7675947590789765
158.98806613607542 249.05722644110097
77.69551902130014 21.915130839349708
96.62637735484418 95.44355200976584
288.21286477807865 378.28393262762404
263.4624087603089 174.22692474781024
255.60560256305834 390.5759265349464
114.32978115448739 244.9526209636332
135.6018917821798 4.948354932410437
312.9560329835753 118.60433166389366
235.23999911726747 145.72558911953882
293.8844225711028 354.32602331999846
151.7304775782052 358.14244576601004
148.5310086921518 376.4735679877975
289.87864410222596 114.17237406226275
232.21528854418892 186.2756863925892
213.6947346281001 28.571754409799198
297.20591480193127 103.71238943481936
327.2722837921938 374.8497808914358
127.52618026586613 299.04670550035644
181.96850291335127 295.9516015551145
384.46690061498197 259.7740397285341
271.3734405729632 372.0203600664058
67.45774628873926 187.58134615029354
102.50783268096484 137.68205001584056
53.15082318168063 31.236530885514078
21.142711922290403 333.8750571007879
196.27383895013878 235.15670330862423
121.08705586195549 334.3246576748855
59.012925860236145 119.73180191532458
181.742633241188 304.3404918874187
81.38867793101205 308.30850549018425
355.17870087526467 29.69352460875627
113.29167376715326 377.06724441067763
63.43184279167793 395.90685280730315
99.54737778342313 327.8534694394356
268.68994809451186 3.373040536201488
142.58300567442834 170.35213267645872
343.4718652937384 371.28868138336077
162.97222489726943 248.82291068989147
394.86791943351517 213.47494884326247
136.33682964351408 359.94140812949104
286.3591302475226 361.73127772519587
5.787347166908408 182.11990550679772
152.68652018961077 67.44710650860917
252.28797724836386 273.0093943607708
317.6946994858926 229.77502338732293
151.03414096667666 290.71257538939903
2.0271772646559327 378.74655916173407
150.13423804156636 355.5658240466971
47.00412034778472 384.2902416184794
378.5900897552983 193.17607275969726
282.9659862667206 67.18933145950712
223.7740318425899 85.72683456730003
334.8200846134751 155.59510918141086
214.30332401700335 107.39563933847052
384.4798768530218 360.7895073101807
302.41605141961884 31.053268814506517
99.34015760041763 338.4690162033423
60.65554195819214 67.24333073662226
387.88419258804714 156.90004483383095
290.8735672544529 232.76888738449998
257.9723022642064 210.87392697953962
89.2657747779173 45.0408353870408
230.31417248790177 300.467861845306
119.3557478235777 399.6710044709159
99.08054913006947 236.19634978666505
115.54742817638801 312.6209962461994
333.56297192363587 237.21566953122175
73.06856489535454 294.5459301355104
279.2433849076019 156.82216166440855
175.83114650464506 273.8003710034792
143.58854018134787 199.56306924544992
271.93777138688955 395.9018415416375
341.3372970408806 286.8570780162658
27.26605936959805 101.07550777278522
326.0019714901971 183.09942287719397
170.7664586956524 217.8315641748358
348.75806790829415 311.80503981003653
290.8117335801548 9.355322668386634
62.84984053121549 271.4209312498268
250.13966018777998 170.8176561579774
331.0922410230679 3.0171919998541963
57.63357800326601 99.54209232677869
196.00293360202681 167.14453531271496
168.38854054068855 146.29245251898345
136.55124268022644 354.72372893055433
279.2139556702733 204.77359380787559
262.4639192329193 286.9110418016471
144.92667040448538 107.76542973600228
386.48078107653305 151.46145617989458
361.4917000384357 72.13890195710158
366.90652738168774 78.18999574289384
45.27082773213982 71.33052655643071
127.25787223869656 273.70913300294467
283.3423940561509 312.6802783140241
136.7586111294531 115.69882962650189
338.0589116696383 158.36577247397696
74.88807604336753 149.54351337950044
259.71198674722507 252.49371231304494
305.14168682696715 235.248766920366
394.3774133363165 303.2378389985197
47.615455576986896 60.12826009743342
69.71625795455125 117.74059952574136
166.97937727755647 62.8299710076635
99.7109608412523 98.8239813320202
81.85769708762808 306.8484561577347
270.01856588763513 286.38304318456693
253.58738072830516 396.74847980407054
48.82640372753646 162.66381571200318
26.778954440845837 347.90306972833076
13.798438778275823 39.45530248052314
71.05730382889442 0.6273843547914826
93.90401677518341 106.55355798817281
112.81286427236824 312.16794494058615
295.6234423086092 344.68384705242164
47.74697834946675 65.08471716201369
116.22823769055084 292.39504650415734
289.44825104616126 198.1418148264854
342.5369526611618 105.26856798243833
136.1897279669193 295.90070821837975
191.75049775140351 257.11224935575495
227.59009040022522 165.7877984218168
171.6741744679243 206.63764345859747
14.735040998220095 286.4866688610644
220.83661059943972 389.4475641965131
381.8080681944852 229.0829170763694
34.71900668600174 193.98845146657953
334.2332495006037 332.468253809248
392.5112156645375 341.4505898003876
207.7854317931211 157.08810093716235
369.51421190590696 113.4272154261215
155.07662591375558 346.1953883216642
353.5118278392747 157.47166265115405
130.28043821314475 91.35125938873725
379.1374533770364 149.5197304309193
219.9093635533909 28.99151248934846
252.46493326356756 203.4729122741224
356.9131105727316 87.45578210840384
258.75558671105154 392.0657278573156
207.31912929293625 358.9545339083952
129.4966798577486 79.46911367866618
133.08960449088124 88.52709518441868
190.56982121165387 364.9093839529908
211.82244910669405 152.12209008390104
221.59058160230404 397.91092075388076
333.3767736823925 338.5097194212568
127.16418249496084 49.59842586281225
395.4565939495737 354.81353267152775
54.004859708397255 210.82303018701444
384.63950164039807 343.0273390508987
83.56980492223536 236.7044509716524
56.29039652000638 24.96119616484367
288.0618068948431 168.50969583421448
216.2531412911665 185.63835479638308
358.35751829173023 137.61677295041537
259.16652034974777 60.24337207557329
195.62177109357012 392.6401162911419
32.70368613783043 107.29946824956693
4.071284133491293 289.62247893042485
273.9876505102048 30.831619760255926
130.55415970039695 146.5262377825175
3.888184650986748 356.84976852911086
367.3149549945769 87.0851035796115
166.85917208247432 374.5647783160303
67.51800406874673 85.40542657281351
68.42776214262099 220.327829437612
218.80481967133804 171.53439886962843
389.4007609772462 312.3622123513819
178.3646850386857 369.5404963927396
145.3058840708255 36.93429702459947
293.70049420295163 13.479799022428818
111.53942642966848 341.68893321616844
316.4751178000995 22.94969111511658
349.14434124082 109.45250855686943
362.5266484049419 318.7599551173056
143.09649234020446 265.88483345376864
179.34407734866272 220.57893830155115
104.42935541139717 116.93960194124848
52.998005567359876 392.2409477876241
389.4810597668108 217.17075652594002
19.724079062473265 286.7290960430248
354.00046756646884 337.5006536210306
343.06019748355567 291.6756269940532
286.80235131273287 231.14382732786177
275.6412959824464 87.55051765650745
357.1145626573513 88.95829505047992
345.45896309816226 104.53651743028854
361.7135721024444 30.574542026530736
189.5961210394363 200.41753447118808
272.397582806873 95.23036663026944
104.1500971065219 380.63500378874346
361.29966126793863 376.31803379929005
387.26069189840604 142.9952855745598
20.99650629836112 386.2280443070876
222.86275898369703 253.33896920153012
298.32151201348466 243.15224844400478
85.98611481260079 244.8114440880047
225.24393870456473 239.08701262144336
46.12865308342449 282.20173519465806
57.129144449649786 178.35521695978224
103.43164257316842 44.14536122931496
318.1479441435209 368.54412238713434
213.08940120262778 349.8144734905419
105.5562870751793 300.8341918523053
136.6284863227682 193.04704362134464
219.0195673245482 74.27206804338957
304.39488349251593 245.69491117465265
358.1089673265915 298.619039898702
81.79068023138649 153.29852384724796
70.55053430045936 152.9845556457057
2.5047886456125212 270.0245204230316
335.76046872641643 82.53229155745316
65.18553873198441 66.13014401962678
232.6536868973061 83.1244995166208
285.7060210897574 90.04697556348246
267.665323595277 253.84857652450475
355.37612829442844 78.50420209545028
228.37855231101267 89.94769766081868
76.15845943816564 181.94012529157192
80.10464223432817 43.75573535249422
27.14837390159941 108.77844196105019
237.21468926894622 398.81457462975595
262.2814844487028 290.9741644665915
117.97549224673713 82.43023828659348
147.43520730496994 334.56202477368635
31.095101977187277 84.50233763207694
315.7938631286611 242.76845298417035
344.13666764773905 255.53929362107678
153.55026099448804 385.57627482935374
348.412533124787 24.35023292267178
23.719428099820927 138.4593889890942
61.92340944010661 205.9822916312774
194.04368483329498 124.33287022588159
201.36076325299985 163.05027508873292
