1000 400 300
30 80 0.1 0.05 40 200 0.1 0.05
389.1777204903367 266.5920074424374 27.326794616205163
346.70986380854174 302.4924969049153 25.96802404478549
279.7843268525311 196.89593659010626 28.334071123438594
911.3690920018928 347.86772140051323 24.578147081453395
436.34501695107053 240.36238168848763 25.646935141408058
213.25360343356314 96.20213130462108 28.02900315048629
645.8144267850904 293.3101778727509 26.231035189255728
796.0184874282916 321.46875839115904 24.71754989956269
406.6383974381687 41.45391339860423 28.21527968707102
693.3100232586963 249.7599011374021 24.5852125650017
860.772256217151 201.5615053167163 28.192483071489352
854.8845768667986 230.78397598839072 26.296545919752706
748.9656120208022 252.7107278044542 28.123149933944536
763.8960705210496 382.8667233610724 27.874795383499357
862.1241334851338 73.1446028684557 24.851419183336617
554.331352829714 382.85327177098065 25.441649278010036
495.3305190660188 99.16115466340032 24.728980925266296
396.4837796441943 372.3884822909202 27.402509210559998
331.5354750849979 200.03131101621835 28.273597824326004
545.6637933291371 62.26577962394426 25.379423021014937
298.5878551030265 219.5751586741138 25.227192614026396
78.05660199551568 123.20704373568945 27.977095388127502
425.102305806953 366.4429546843058 26.934647679422
785.1358210898087 184.64739209570934 27.300645541685164
845.9885300861481 30.797048055400424 28.045736687398673
16.08426308451594 396.6751065742503 24.176436847323235
514.9781630234688 148.17700294195956 26.10306648134682
982.3932039184713 61.79868484513595 25.580657599255296
116.25857193205202 298.80627759708784 25.3695295876229
440.71661862380415 74.0064795999889 23.597529187556553
236.79970291210384 393.1673745185884 28.06740828027401
4.029850153175474 317.72894191381727 24.725119473611436
280.96213215398194 116.78688977633556 24.14264569139706
86.4404220127608 327.6363479198147 26.858643965604948
454.69647465511787 47.035651963194965 27.373528207158408
637.2563451421845 84.2849796501008 25.317639244557977
602.65742722624 64.31464917711853 25.551560807468668
73.14011343172422 156.78941443017425 27.775159032648688
791.8039523543481 204.96866106985877 28.059034894877556
865.7497669596498 182.0266291837293 28.496705619432348
452.8618034050055 283.0987849829543 27.234897308960445
12.947274073734526 214.19677052921708 27.428388950252476
129.08127661991696 376.3359950083419 27.787142991174527
525.5740653738015 256.453835906259 28.08408906982323
562.1001089494985 353.54353661680585 25.30203921087624
244.46026163714942 9.105604031994696 25.98834460908533
948.8677486511156 41.03918597489247 27.7909061342287
893.6310642801827 391.6435423059433 26.425348155409
822.3182833562187 392.722731105467 24.67364730734857
639.8597051843733 217.42884883201094 26.136706326409172
591.9956543830182 56.66233323172456 27.64134823984134
414.4216662580883 162.80754567381246 24.285306327091746
388.70224359424344 118.18876507650602 26.281519814688938
443.14142938554966 163.08510299520628 26.765394604931387
408.4089268244567 143.07220434375316 25.049303407630426
392.9680192304795 16.235597098342147 26.767341954169844
473.4493169987113 333.3655717702723 28.28340775879129
79.13369033137218 155.28223205368428 25.298974176535424
411.12080402086684 126.19370113403735 28.200810122343817
72.56695624956633 79.5414606249461 26.195057533014282
88.29777030870834 189.1031141234284 25.66030779101056
823.160516330109 74.70119321871125 26.505729408135494
391.97572988375464 265.2651724067976 26.50969741448965
75.6159651277446 7.082259578317052 24.2083749285184
75.62789440636486 62.29924297945555 28.369420226948847
640.1587090980416 197.2397282929576 25.022600750801615
525.0641215589015 217.9556154127206 25.148537480030566
714.0727517892115 254.87502473251743 23.98332680078851
69.7052669981958 366.32278087776643 27.625373301352912
389.7512280971679 127.17880340035394 28.02327177329999
269.7711293895606 215.30442351811953 24.29043092567167
173.18008188349233 256.2872573356259 24.485791775544463
550.1454063471131 269.2998300570942 27.875479719354182
950.2247750098413 82.33755735207512 23.5065502487437
890.3233061593673 223.52213700153314 25.65912642644415
37.90782728539344 334.23144090374984 27.01414832968588
888.9363511039219 345.15345099235117 23.621702971631237
639.5550870192725 31.985969480111898 23.573786264488135
132.33012156785452 62.268894996525994 26.743768598315594
66.1343205309376 237.54664210262436 24.97429821882969
250.36357224215743 18.614979204381086 25.42268011714431
605.5683508795169 333.98733364692 25.799424415937136
539.2000736656382 29.105558055748304 26.88710609315022
515.9097674474399 328.7034720013065 25.862736582993712
379.9396556396294 289.2533730412824 28.183555301360823
620.0229485399221 150.84576830624866 24.37788449966673
552.4434632333193 347.3902004241354 24.4022797437632
706.2142302223766 76.92167490698378 24.809323300542744
713.9488515322132 230.89708382593733 27.20954808672417
942.8404574825772 245.03735526272447 26.15282175897203
919.7575426707372 309.9713132318074 24.91335189736613
831.4436858849785 225.24289606563292 26.75113544077145
855.4742126169759 161.65108968308382 28.46109059728996
622.9107795182352 362.2062536515408 24.901415774206004
33.42179234267495 333.60670114067057 28.248525127780756
359.4274448561018 202.05419145652476 24.372259230996782
295.7833065548897 366.03985205420247 24.00403488081835
770.8410018748812 306.5106157787216 25.3566894951163
638.9144947356782 269.1155551678428 24.442537941422348
621.1005540940836 237.01106551699888 26.351603832650152
311.7059456055491 224.6351466680315 26.797842389546474
976.7133540789144 395.6059669200615 26.40496221245028
889.7938582069803 29.849023545381215 23.726016069659234
447.02569452581065 218.26177907036447 25.21179802384521
240.14518840802702 167.85563093079045 25.707835380486976
152.362804046423 53.45708810541976 25.693390598743196
979.7708913002818 306.14297861274395 25.79459413774631
921.7786204556409 192.32809313135917 26.15695716267024
820.1210663056125 19.45345987729099 26.9645004362452
652.879764796762 57.37236391700185 25.52415582686005
556.5325454136281 225.99452991328928 25.159413380346606
511.7819275886987 159.95034233973678 27.72558222656709
0.7535789815410476 31.531084731002103 27.223501811157345
575.9895046852789 1.3577655031874247 27.397201843220987
814.2579755719623 102.28228244623038 26.983139930172435
975.4922370616656 260.6582307975205 26.86708288820343
540.3502333416275 36.75968232513971 25.904472982438815
650.6543527070639 271.0908283696754 24.892537788578966
572.9024686410066 74.42815655513648 26.501936455107334
586.916266984164 165.7816123501015 25.176389682223387
867.2703531820183 54.7987071985105 25.604822117546906
107.69058687664356 46.51793452002448 26.755962927914034
782.206812943913 307.47686297830137 24.923860689555656
294.2510599049245 114.06879993696215 24.49084908066608
37.49687327388174 388.7441887270318 24.096698267600715
375.3869762828351 356.28161059195634 24.068677773214112
737.0229639775824 254.14732074282358 25.577950321633104
495.0148261835694 326.03295313048307 23.867071159504366
206.85353376229276 333.76161318456656 24.720931287345973
362.0575678510495 3.887263364870508 27.24159575548982
857.9290229112818 115.48819631586818 26.065797499652163
137.35418611675576 122.60030813913887 26.112625261392438
837.5638722135579 93.88710599151734 23.8911723887287
475.1561111115332 268.7223947628503 25.279271636773387
177.24009746618708 253.34817611926965 25.238699729754053
854.2848625338293 150.5871125488548 25.54845836561067
879.3555784517267 364.3091758854761 24.91462363413186
383.0252269060488 55.744064225269206 26.3062117512599
675.4036379931529 312.9493988768103 27.98851793861373
803.4423353494717 281.985191359883 24.522632962017664
404.57201568683354 285.2709029306445 26.422663997546035
850.5488270721055 225.85372294285543 24.73993830303354
336.4015388370034 6.430855429603799 26.099158716973935
819.490017703787 5.989339864850862 24.38446270635751
634.7604706337521 310.0609998761786 26.385336676315774
773.9211433044871 184.68143523526183 26.73052573095583
233.1633434400233 288.3065102659958 24.75813682117297
389.6521696016578 272.1526642438917 27.1603466065907
972.9641541653427 353.39009569684333 23.958083795705303
802.4412614048474 240.7050657255486 26.565431695843944
115.12800310642046 221.36113824492654 26.773965145760414
834.90965198737 170.00935920631278 27.04858204727399
551.4534140367166 197.7766799046218 26.277272797201874
666.6878945613893 164.3325124523413 27.661296853624027
849.9745920281365 386.58493692956034 25.08515610874065
920.2164769809434 144.9572401084369 26.07016153146745
918.8887624812393 134.39547197232673 25.78297643799816
532.6231948906784 187.77880639107195 27.530988336869374
670.1750260488665 233.3260901283536 23.78040831153774
926.6657614021689 52.14578509372609 25.776035430305182
823.91663760614 1.1688803482469812 25.703130254282406
370.1211963731643 181.27258225282458 26.724512968119456
492.4045273453966 295.9186514659317 23.57709246820462
996.8537698101752 39.56834652487191 26.818549628445734
603.9564905645773 154.7104410829546 26.982606570019588
462.11068480844455 324.3297705066474 27.19652975778522
613.9787985705311 320.6211377366698 24.526437738955646
311.7612533694284 228.51035304999684 25.44574363318835
458.44528238777946 74.05729556587053 24.18390938757219
786.9679546215417 261.5354424567837 25.85103967219308
845.3691279138375 251.77949958316037 26.628860457305784
373.2913131442105 223.95858909437547 25.571919911480144
875.0639027124728 42.95686835911465 25.72310396533361
81.99056305252728 290.4777853977471 24.15543658488519
611.4799377507943 318.7060577619642 28.051664282866884
351.17358400415833 39.529566320784326 27.01637481830571
685.4771969645755 293.8008442521103 25.235265557853516
939.7278757843953 375.18148543029304 24.70144990836509
746.7559451376269 344.8442840868488 25.74388216431355
106.26506704803617 60.92818770217061 24.784403784633128
653.877593045831 120.1280933027637 25.888139823865256
301.6401495823393 311.5906838780941 25.419614674460757
620.3186737111146 68.36744851470162 24.439318708607804
124.34715282174247 398.9012479718975 25.890674163913516
147.12995017520225 375.94575041484313 28.08087544694563
195.00255403180233 392.35504346797995 26.826755750855085
857.2153482326793 118.43699874986532 27.328888858437427
185.3406108574963 197.10295605249345 24.194783242923034
299.57279240671187 78.94640941691362 28.176601245475318
509.16651857721183 26.37537673303654 27.202571535269794
270.49551634170723 133.92515311190718 25.06714061890093
152.42842063684824 362.2434175948042 25.03229534619248
168.53947625316403 321.02689090492976 26.72328627646599
26.23555467962135 364.2685322885117 24.951759288095445
686.2139396995002 341.4837711795431 24.255387229583683
793.8984806192683 373.3434947999281 25.081780777896995
678.4201535410245 363.34269631600836 24.016732624934452
808.9084514014127 64.1143934433078 26.61222106952079
129.59088849634836 127.42009280332383 27.115162641203586
47.587496638306305 103.87312791814152 23.909353323812855
671.5934152449992 54.46002337567704 23.852717296659513
404.68747933416614 102.55079883555483 28.017742131683477
345.44389803314425 142.91797396028366 25.73075528960598
603.6278314691772 155.00298994100902 26.976930374429458
123.81437533420258 358.9955684002114 27.902213105668494
150.84542120338463 394.48548882162714 25.01513758815195
849.6377077292465 74.72107178641991 26.998361066440868
115.76986984311688 250.15260009000485 25.588917895334006
539.6534669889866 220.46228950243307 28.324280680324136
158.48952494967693 330.39727180171906 23.871211313115385
650.68217200223 393.47311385121515 28.271939433324775
754.8721318169737 380.4711347898625 27.284246768699347
720.3385392090651 5.867626403922266 25.005639993331584
316.75678050684377 373.4016465038105 25.083974412369745
441.7404553383822 359.48799714194604 23.642141093949604
190.22206816615693 17.840301869600683 25.55666461265824
491.86011208556044 190.93856263630178 26.184092998801265
889.6194103734549 178.95933000871557 27.735422179491934
443.1929181124451 320.8008122854444 26.824719929385584
425.17076384375895 26.441695351775117 25.505914104733144
595.4577662994564 343.67627444920356 27.17488357854167
977.9753997602791 308.30922299822635 24.78976924657193
174.53461793171132 280.92909610254264 23.76862507960385
223.13494266048585 305.88437603838355 27.085904420756847
775.6136232600543 250.27107942585712 26.47474288769043
288.64363708578236 302.41047812054717 27.851395118216114
251.76736635680464 43.85152569357156 26.321514066803847
138.34003601450695 88.34121059637079 25.023210377155873
152.43603125596016 201.236566724918 26.667786287319977
289.5792187751384 66.38150065038823 27.85085271495381
842.5801669404998 161.28954150354446 27.611712351730553
412.74848682469303 389.0959947239189 24.230208346117735
235.82520483672042 216.94993948200386 24.300587085084967
937.0692201020105 185.12672396133448 25.925145790550232
666.4943792082269 212.45548877124475 25.220685680129794
216.43760877173847 174.35629678033555 26.63188756819151
428.0698679571555 340.6136984140987 28.230671645821964
735.8645194349857 349.0452889183929 26.400080123507344
400.7829687467688 39.008993122676294 24.728880891683872
893.261761872317 162.140038005897 24.763848045339078
569.5317441403914 62.98190367916811 24.883340263723696
937.1493996363236 314.41875585529067 26.267847976479764
45.35606032004358 38.041305696005125 23.82032964578156
26.953906168020623 11.497163550429867 24.28122695854576
8.832884939095065 67.02249472176014 26.376133556462758
191.94467217855714 356.2780598729464 27.882104218069202
210.93769399156926 83.48568927520397 25.82769709675401
264.8917559033922 382.2806873986996 26.644269467640974
824.4682435127255 192.01501258308832 23.588430504579193
958.9865514509496 392.2533470430053 23.765646289312716
424.7415214278152 301.4297886422577 26.38950033325034
927.5743432399951 162.13463514302506 24.71598635371592
189.02431172641133 215.41153348730023 25.965573793463154
416.3182018919052 64.11298611655427 24.442408962874524
396.48606657699924 367.38434901196 27.775004853601615
491.42484473069845 259.31940112528736 27.82081943689108
450.19134970417963 337.11650030187326 28.152586690094378
544.7761880921306 59.40157069038827 27.065839911371476
754.9729627523925 23.64041197520472 27.409852864496205
60.856068541476624 349.44843640274775 23.970459785695017
304.51609737476235 124.6692820557882 25.45195691106759
439.2497841515269 238.78965015768202 24.319821327961492
51.58422209436198 132.4256176344716 25.206760773192805
942.6049281699326 241.16280515239598 25.46394274219246
460.34807168039316 139.14159379593875 25.593127839195837
760.0359022359806 305.45118399909177 24.616153454365925
831.9377490923011 385.64804405745525 28.470665308421484
401.16313359471314 290.224022035308 24.91386780997226
425.69164084698775 310.3898272678782 28.38825162730027
561.8079951019228 210.9876056798293 26.00422174318286
300.5728448280214 384.5944201827374 28.406486107620943
608.7013209505078 343.4578566332167 26.939070175928823
514.6831110547064 166.63055671443288 27.529422934722653
531.6628090694139 238.12086328242614 27.44381538799963
545.9201824199749 383.02735783170124 23.610211222533966
706.2035726105112 33.435592588037146 26.296296610864225
843.1701753437886 247.13568951123634 25.057025902106865
930.4034780635478 333.5805448401638 27.171170765963048
453.9440095295478 154.70476785525204 28.370301864513948
764.6010755532293 71.73203724496764 26.099413878969678
979.3788589325934 238.17162441817362 23.896989812535956
262.66356989726836 385.31363957489157 23.811162785354
318.72660101584916 1.422370516685456 27.14645092945713
275.5122967857366 103.05269180226975 24.994405860470994
29.910757929232258 371.1352073060203 27.326666747151883
901.6715066167923 146.3484278713597 26.65517027362408
756.8981661437116 60.258516127273595 26.226518645241637
610.768570262392 84.47581683847258 24.721891586770596
274.32156533611993 8.167180316012512 26.284702296247247
563.4002335258458 203.34710637074647 27.13449003463451
850.1979604402553 398.77876689959203 24.290010530617696
668.2236516073455 243.50797816714555 24.40612283648648
13.28911916209341 314.3519565452097 26.08969187436047
662.5423315864726 171.0851294457279 23.97328011743316
476.5854395500749 104.53552713973396 25.427746865805194
668.4166597589377 245.605058460421 25.160396098818133
65.8875487296936 76.94083507580838 28.375572991990843
189.19616387850448 364.7979010515804 24.80286119714642
545.2030271882307 280.2763760958135 26.082417231032263
782.477176393004 66.2636279038444 28.19354233437529
136.29664585838958 280.86375940766897
271.08973200194555 328.13741501665226
160.53912794851857 292.86449618097816
129.64980445535565 348.852839432917
230.67991987055612 382.493243264524
14.74079292005519 243.2504149437778
45.53727907374907 386.1227796985515
297.72663808704493 209.65822046553944
99.3978915273975 262.6883673925378
96.88263447853754 151.89932214877544
236.20477137977258 379.52016281874876
195.91382809937897 105.86008867928838
29.027911631350676 176.48880368915098
166.79058388876336 371.1110141859189
324.6246282067118 194.46246538029314
182.99729277192185 393.93024693335457
76.10005774026574 90.4023218514077
23.7438342853995 365.6579713830398
332.38099029592405 360.2509339459066
146.64195889415268 80.38806862204896
361.4197037616265 52.096662754504266
45.80235596167728 238.58141801633238
154.7473578103524 375.925026693766
214.2609751712663 88.26358206193193
194.19966040678648 2.5962457749589163
294.09650021086986 63.04745330894437
157.34077197016268 393.5162107396497
224.55386945854178 106.29982172272486
396.3144217324972 313.7962849600223
187.94187011680071 63.34875348796598
345.55426365974347 155.5255025085263
105.02615934705317 278.70694483517144
96.98895315922509 34.10680102809476
346.0917897472816 352.8642190082871
27.080076666198003 19.437071992405073
200.80292115314666 293.2805716758796
168.23457109469504 325.0389819122473
289.4400623223616 236.78915115816744
387.83629986932567 202.0805193236801
300.0487582891165 125.6969046867246
371.34437041378095 271.54648313974127
200.48633391012268 387.4484483840475
101.60927597230618 76.65424284845015
201.3067664547038 397.7971473137202
184.7607231010933 348.93402241197913
234.87673236027882 100.00530224131539
193.72431082449248 255.2224683860271
368.0689217256888 7.673584007844614
183.627372852725 129.14593418358803
180.33214273179667 336.3778862887913
79.0572386801554 289.4984333649218
115.89039659200218 389.37001810642937
141.33857443769818 109.24708330855171
358.2767263399188 165.1765863789846
394.69928697831597 122.72613756921093
77.3603641320753 260.0088783736485
123.39782347720107 44.908669441641536
363.47909534275556 305.47419711654504
347.58777512588324 325.4733061774176
190.2416970281926 12.157699859415327
143.89864034331708 271.7113659665465
337.01866356608986 382.22165975905267
197.4151117308586 248.14790828246842
154.09216631304932 209.24720342848767
54.939903171387705 197.078423486616
367.88981496444603 201.12179911512206
395.12865755037916 123.0508735946279
200.67952569065062 341.8537958481462
239.28833971909148 245.65107734148697
118.55608557175144 250.77355424769627
197.33383813409105 48.77738925899067
123.50309526245411 102.65869988508607
176.6004555094268 40.91889216574276
69.76718809427278 339.89923504331114
276.9131538938952 89.7793747859494
211.7342752053742 337.896414110365
53.51664806159589 105.91746937960842
279.951155465427 177.46726667265077
350.1734209166089 223.90156172970345
233.88844528024163 133.10492941999996
287.939847231855 65.80604035923736
254.49422687912397 203.5229808252654
140.83396475639142 170.7037254492767
316.5409340370776 190.99016653171032
337.81121391137503 35.13741588007924
20.220886731691934 278.5398770007531
101.1679783339551 33.381498567342405
63.39931392021483 359.2171717339922
264.69542485780784 372.6328831262233
200.38659356230713 339.10386207532844
10.609810882893544 387.09841776945217
360.0446852780003 65.9406275352199
222.4880073622612 286.2743986696863
185.4957792952169 27.743108983032762
72.1405331805999 146.54147560665757
9.654434957994118 120.8870694575813
341.5572962318624 271.52676109973925
395.25745023765325 4.71581325262771
26.76435824947547 245.51291537085697
245.0189149354448 39.801338801452246
378.6334022838061 265.50207296322174
326.99105656346086 149.56849121965837
306.3883074693841 61.370627132590805
262.1645296361895 350.0698921028983
202.75678569269195 299.8791488738485
185.7949825979615 360.27729833028644
145.4177877137893 17.129593928090834
220.89583535406695 235.33323782970535
287.59886809053233 135.39027779912146
391.7903276143126 157.78486532500224
71.3804247470454 294.0371306352652
257.5690599577209 176.90024918861394
280.4672678205388 60.68789803518673
159.7522907138622 203.74510985718936
294.8907439894724 87.43410524521992
155.40952409736107 149.77664445078233
218.30804754058298 338.40360181894755
46.44180267866642 139.2885779590626
219.26818991906725 338.71487016783834
17.68558370284716 31.120309162349624
261.0175675181382 81.21207875172085
260.9498465186604 52.6207639692573
390.12089342231417 176.19832275590022
389.05147663600064 178.93577250874912
112.37642023933239 40.71239412212151
233.36695760980336 183.2660080380741
305.20784227571926 197.7225753269872
370.3715830199157 238.8205449821961
198.91785191928676 291.939208322231
237.0904434933521 370.769303595599
4.891849169371465 227.77576413624888
372.3387115860564 336.5756445221638
377.0433938956478 296.31631258310847
360.0817456872432 55.66869436497477
263.4958145018461 81.97549844090153
253.19873976774576 114.49291397014214
38.69795750064205 125.865084243468
220.38661172972405 140.55065589091936
301.8747945868108 371.7094522874442
85.89428842617491 369.13159111894305
385.9169932040396 131.48034704617456
121.23028820972385 119.00094745067213
41.51647084831333 81.74955545898013
99.93977979916365 148.3966179687918
144.55831630952787 38.08603404035584
41.0005967192006 380.26350515116604
20.482360771874085 153.65236071943414
43.3404433297429 265.73123093673684
87.5309109143542 149.4833561407374
153.43104089707768 97.41988890169613
191.50236916859447 7.758005049035477
309.8677937984932 289.236303730456
237.83333527636464 245.7037159696898
273.29676179652284 6.901618627536399
122.53520231357102 36.60032710669512
77.00406595043879 163.5289339690455
121.71421017153538 255.6791266580057
122.93553444866711 287.14812997072784
20.107025958872924 2.5406092775945854
199.8680316927676 122.15280784674532
142.267243512886 88.04241993338215
14.906578151032157 244.22269378418716
95.74100601142952 172.43744395673946
306.4348360460211 248.35279517916763
243.77338904292841 102.86988098310191
46.099507464214405 212.19880614794104
295.7901456586409 122.16527289306387
39.3622391820049 342.0263419105377
137.10249998334186 207.17880005591405
398.6059967695351 176.12970613802017
114.9859534239293 243.7939830157826
89.73577854154256 50.66409752035326
256.48707843425933 56.99231304893946
242.66664332351317 125.41322111289736
314.0154006385285 288.24222379663445
368.04545592227663 122.09227586262767
317.9806512800938 148.7842207201599
37.005467551417894 45.36477854217091
61.43875347567614 176.216796787158
357.70628769593765 136.82931502611186
49.91310815362069 83.11614387115655
121.86473519132055 354.8108705691121
320.26066352770084 10.250678076516184
396.4353558278395 177.8692840847114
365.65572593033926 383.279522346489
200.05232247394738 97.51549740739303
399.4671408151885 320.6522239845701
330.7977544824343 395.70453974161575
149.00815868041812 351.7551281187659
1.3144013369515317 295.2521469647474
290.8407842680214 78.17796278340982
89.23403114466679 126.40013140030577
322.52009668862155 147.30228738141443
325.3457344042495 370.3337801694677
311.3668786663156 106.24151978181082
18.881573665372553 320.5324964089739
169.05991221254055 165.4906219891127
158.7502404999822 45.41334064947318
71.54280758685387 25.47122459720321
131.50235440583046 340.8048754661831
176.9429032023261 105.4866213969515
61.26417705215683 28.367219496831495
89.90325723259032 163.4287542345269
303.82975409084685 286.15200483545937
178.93164636734406 205.90759615808403
116.55456737297776 90.07429807559792
274.07377095941706 362.30155451165496
377.6467424350308 100.14657198105654
55.42085921646049 32.55549996463203
42.9053353999783 42.902925100048826
388.6651025556775 117.38121761705753
4.907986159793687 21.519922727246588
372.11938080504035 300.84317427183953
359.1035702489365 27.71848372372765
130.32091914792096 179.14066860797968
183.2185041924411 234.60950953360685
22.541685716529614 115.72546374722279
0.8385709173199363 217.22387208382546
130.231286887222 251.72232969410993
126.9811575428264 77.54564945492733
45.62151418961378 111.94767611843837
282.92601302297066 143.4456037052628
104.42450519072008 320.65005253013595
19.525662194274894 65.9899591886882
88.75998821533932 77.42398069299652
2.6698551342206667 357.1777647822596
72.14973163339913 42.57706186796915
291.5314810495918 90.23811028453603
86.62092466517657 142.55813865727185
179.67443088427797 27.196680773139548
262.6629781659252 329.88263224669413
171.05724452584164 43.49934046405064
225.98559308488996 318.3191743290999
227.41921627608738 187.05835945291852
230.7288879710059 162.92983345822378
350.48902305615826 39.165182331065026
366.97963815589014 65.88436557024977
251.90881671816948 37.29167312801547
201.15079912828423 162.79694427719375
315.7201219538993 274.87999741267333
190.98448300427506 80.66215955282968
272.71066021740995 210.79933225647528
162.6417636804356 157.29495065934844
182.8747725613516 301.2257142263137
245.545918458074 173.50744871032808
61.69281907978088 209.27955059316395
331.34867362284365 73.08375471904185
187.88830967203148 352.83338513514957
156.59213184802456 31.941774324327987
194.77462833913322 118.48060609517054
304.34242765019343 386.699460026157
274.25623597087656 299.73396366736984
378.2739311163445 144.1908240322553
212.00241895691235 10.100926505742036
323.386275281196 67.30527906679771
324.26480222439153 276.760830634896
350.7394088881312 268.851918857186
281.26295354666723 138.1472286972995
169.29501887504324 43.97862212315107
79.01547118249019 348.8165988771024
36.15583505240614 133.00379346019508
60.947135985944236 337.5630992930513
107.1975528875135 330.34679122735355
292.55587306247156 269.8166981429489
303.29094800163085 341.57130263139544
156.87627570551567 332.94067975820116
3.0152092838383826 239.38378778081
365.42966528035396 93.12215370807326
130.96645393833722 380.7575395143162
68.80371345688161 365.1277153302813
31.468439120200387 21.180803525178902
202.95788939884528 91.27417646930098
300.69601466629166 298.3557452600283
221.8039910003298 43.542765090059454
95.92427834934378 356.50280510880924
143.56421113508264 142.8429930142805
148.82035744113398 343.7537012416911
177.86231489008168 232.0107997599946
380.3971487237961 238.9437491522868
102.45664533811598 44.203446981966856
48.45190948743161 150.4429447829093
22.97669051390301 75.9319219468137
354.0155342393812 278.4929423650054
375.9782441664694 304.04980915235836
391.54154009314334 343.84538330151616
25.08521132303847 178.59543243495222
48.26687835649697 159.32508063618647
251.93916858158647 278.4624438102666
341.3798337500575 357.26978789308737
158.1311148481968 234.4520994369518
327.333388473218 284.6262938976333
271.2427614584101 204.33858702735785
125.84550407328922 338.81069655231863
387.57796824792155 327.15676798082353
171.8311018283932 141.26899592231186
86.11803348820573 189.0000542804833
341.71327362073896 332.0021335507646
312.68758604437954 0.194085874199601
296.26481884252934 17.147701943270466
360.27112355046586 113.79005854473209
