1000 400 300
30 80 0.1 0.05 40 200 0.1 0.05
189.88276371062685 277.3416931822721 24.30144663911234
76.8408421348179 102.59306607870653 27.767035283459418
369.4867245907546 193.20301360333843 27.121591462616635
836.8104242161274 294.97704289624136 25.853155594111794
918.9871670491469 59.040692526551595 27.032701424422008
503.3743205267076 148.294984248568 28.471077610117206
544.7224385436039 376.0120295389978 28.289852706033617
161.47325646761968 54.40435553623155 24.534109958753987
25.54090244008833 286.8965071497842 24.308355278583186
38.702243392035655 152.43278483993925 26.792009678902765
550.348146034796 211.81819706031027 28.49672307929619
410.35248735126686 232.15358271245398 24.71916447686001
597.5426014035522 224.02700451081205 25.643281632876636
311.36545721828725 393.5828550907281 25.12415260173246
277.6661268159283 100.69654927501048 24.637803152766388
37.06057394318629 126.49183949842472 24.783886447333785
248.17745922090128 144.09224402933893 23.99508168596507
796.74873347302 153.8829494765726 23.708468698642708
766.3062642864932 284.1080935103596 27.815974676498097
755.304693702338 227.0887008937923 25.439155384586996
857.036358894886 396.0174950592889 28.411618365175308
265.4477759082571 3.3490619319009873 23.502102672762355
482.34336458889305 243.03593037515654 27.813630923969022
550.2558137147361 259.581891010795 25.88740255567314
658.1951754657599 221.403655147129 28.079370031229676
868.0699980999369 122.4114520227833 27.220707204592554
690.2074730083003 79.36913725917401 24.50581108264937
191.57078661023186 391.9399047845639 27.33979039621993
709.3030346126299 327.6403522178638 28.214344497620115
304.9245831471714 316.5637064476727 23.898858308253743
966.6964351538454 178.27613165794855 24.73459283172386
597.4015775945999 393.4296763087619 27.689344995177503
483.83661373387844 356.0648064359751 27.167959725994386
573.0031460162976 222.72212807085333 24.799219268218053
597.7827624465026 329.3872612584537 25.767639307550937
552.0471453833547 176.45052545329193 27.91728247024741
255.43551310774149 308.3379847437317 26.644711512066277
295.34729450690554 340.09568371411433 25.83021214238051
10.0400213369225 152.18467400894426 25.160081255488322
401.97298986402586 78.44876978774163 24.935744863469083
88.740886952699 105.5374756293419 28.046612157292135
619.3450024561367 339.06993632152125 23.804808040552125
518.396028010668 326.075452733554 26.628959140849126
445.7443087129652 55.5804628035784 27.039889651821774
615.4181444113807 153.29480911761647 27.671298349438594
120.6926870837054 209.81153288647198 25.889649282396466
520.5539561318357 368.2023062575722 27.433235088055504
792.9884364456079 61.74283716961102 26.955751193235074
357.0516731424855 72.63283668298466 26.79637028162539
68.70550281317989 208.00287496624654 28.454066242833463
835.8044036443483 332.1240057014193 24.729925785700075
495.82315667125664 76.04822903168716 23.62752202533919
158.35790043291487 229.98722143316854 24.581938616555696
796.3533747875094 38.31979616511232 28.232656731086433
172.08476424647324 18.07618233356383 26.448196815075715
753.2570335563455 318.76727987902495 27.388875130710012
314.67020435113636 161.2239380133308 27.216519834833953
774.8459781284738 286.96816030320883 25.262943679380808
710.0248237157462 90.6009415776572 26.38829444265334
954.889320324571 160.2215092412793 24.007678116789318
216.90766424317997 233.29301115820206 25.818333346483044
317.78483796267074 172.79841219560598 28.451230181285936
516.3504385732647 91.91198588411092 23.510986248525036
264.80599440500885 79.05819131529253 26.281923990594578
795.247011638808 323.48658992018323 28.28472085742697
633.8461128390909 32.22021236037613 25.855123184830397
941.4000523068775 319.4401957314734 26.735714095198503
349.88980895192736 365.7939423134709 27.396931566612146
719.4749889103949 320.0979818920248 26.55681839390735
209.65314727319785 186.34257617251419 27.850297219724197
316.6413495977718 303.582457904381 24.011957653337227
728.8322285133468 294.4662454165401 28.12984482536882
209.5063606888413 259.6059442654326 25.63477884970245
235.94306093257757 359.4677911332981 27.271921519107106
147.9583165747207 176.75493687918816 27.968341566841104
58.955178032088604 199.68547495309528 25.20718570867623
423.8103815371602 114.33702121235756 24.140755938180515
990.3266761447385 26.27067922049493 26.387776368600772
599.1118882176416 167.42992747528214 25.07781142088431
487.5213347742348 298.3329605890677 25.684694483374994
726.496675596842 230.8865397276726 28.2825230269588
758.8869703363321 360.6980100051232 26.170435243899345
377.1600289320424 182.9136082343562 26.004741499276854
972.5314738585129 184.60388770121247 27.125914082148206
685.5686205292906 393.4073221512196 26.72001764815673
16.556053455133892 42.82566097463034 23.789989921816478
167.75591134974087 362.2002206948379 26.621125948188062
225.07821106759084 104.04681336724448 25.606956277915724
425.3612057893743 47.20301523813597 28.08026221846751
192.6561409162635 50.614549094872 24.546650291929506
523.1256378638426 185.31613777148297 27.09404417834719
641.1453748029583 176.70489649869614 28.169608125399513
945.4369903815582 366.8911444246559 25.703029614770116
423.18561351286655 321.7094266766108 24.60414877492302
579.1601512133524 218.14559260055 25.455382105893488
275.3127470209573 291.41677302683917 28.283421694605916
226.2224049874725 189.72927981900582 25.63028487468317
235.37584984707993 216.12758350497586 25.870232841351342
170.43795056607746 51.8078916201977 27.167327192621244
562.1463553051544 232.7884911758165 27.15964735925815
368.424247484904 358.52561231965836 23.87684597217724
122.74058756464534 243.8878027795929 24.199630148691348
823.1291717573126 63.234024386552655 28.39344599113944
113.12442785480926 329.30070469503863 25.385855731855063
658.7737481752077 329.88342189579123 27.63787503021146
450.28459871977844 142.33306809896166 26.76772210646413
735.6131683882805 78.66876132246267 27.975192143482225
507.7698066993734 325.4687684212711 28.319814240074074
318.9038510629012 202.35718472243343 27.300722244734498
79.73330132203415 96.1034171376974 23.979764207441928
205.27572764516654 64.40250985131163 26.497480299447787
557.2297554837412 282.92614959517397 24.99466433897137
777.1728950727696 205.42595855018976 26.93430930865394
523.5914212679149 88.41870602566289 25.6408415767408
27.3338963103511 199.11503347548654 25.304502801345098
46.86447156873308 104.75504279510331 23.94466969771117
605.0055037100293 164.0180587530203 25.328655079864344
324.53248118733603 255.53412976480777 25.315850881818804
177.6699826063518 99.79181345058676 23.89825235869915
461.4758603281759 154.34098659382104 25.361783552592595
779.8299633272014 314.648901500222 27.65030692860898
713.06807313345 286.93419791735283 25.85665017217665
596.5382854787465 378.251334145256 25.81725544259589
662.6283865083873 4.481448635476282 27.33800978804792
675.94836427619 98.06227064039939 24.366358845286783
421.63932854940913 372.0345164676937 27.965123008909394
113.64189705290096 97.90011825538647 25.851808600523118
922.0845154815507 4.431498589454286 24.637008237141604
142.68427602786704 389.5931717287193 24.2703992498109
827.2198841147822 339.8632509700241 27.396248617610045
497.4587860991836 280.41037703962473 25.304549214742742
118.69678684598462 292.0228074830467 26.470621822032733
205.91007442756893 252.29877020425548 27.21814578792303
357.21393583840654 271.3977780183802 24.98437795620867
272.8299064935475 379.593114734975 26.951482580848356
278.16996394053086 104.94530916730307 25.131979843746933
324.56403966378343 109.23178292253661 24.54868921681179
324.87875904163724 184.93483456461828 27.098763435344274
330.70439403960285 394.8178584898221 27.398624395895425
975.9258031220992 359.7340304973173 25.056557755919776
748.0252074974356 30.059128269407196 26.129181387787824
60.6961283932077 3.07571128123576 27.400992165949006
452.5700888860189 38.90811853789793 26.663207032745696
432.8744203659146 68.95666835610483 26.946050907061885
353.2218477433187 213.55640610984287 27.516468319522257
375.06266651296784 305.6112123013776 23.88732456652714
689.48008450734 105.52004643515306 28.035939711571885
412.2157083528214 256.5506904177981 23.99714540265267
392.10667745995687 321.33729344998375 23.87858044933714
25.3641791706658 155.79414774225597 28.153041866628556
71.71932243900869 298.5895506341334 25.60209724957408
272.46500825906804 8.211698942784462 27.02824684926248
850.6406524579045 279.50469095437677 24.062159900646613
966.9446322559573 158.1902222049613 26.613756748190383
380.03723419786996 291.51159421438444 27.214255122085277
747.7175235254683 158.18824414084406 27.391954392205058
609.6842009283542 313.7388996770495 23.528814855782798
742.6752642835993 64.5014749943912 26.06024487254713
683.0064010366141 276.2933590506381 27.21827572276897
210.73594186749278 65.79093614937452 25.99954158131186
306.2030772585207 319.66595311378825 23.814058552744154
409.7755092870556 289.4593141108727 28.4087027798209
37.44871782848869 143.0009862876719 25.83668956712944
327.7666136897339 374.37734078943896 23.56593703106349
719.9533872633855 194.1776690567452 23.686901620831595
915.2314267716199 32.08756019965793 26.83744496729609
160.0045566426672 297.39798676452955 25.809905742065016
136.05946783519997 372.52681087122454 26.309667731541968
656.3186456713772 264.70268358722404 28.306333280112103
812.6041451301684 118.33882493153638 27.673898024055045
7.802398497910534 379.7512748425101 26.685723098301388
665.8871342493012 191.57283045724446 27.811961845478475
660.2291399115453 52.25638461055655 27.38283854982878
663.214804833014 189.3107834690827 24.41235628795564
54.819482517616926 390.35914610132255 28.031403919745465
288.4297260887866 375.61350166801395 26.55267825241028
479.10191098025837 290.42531362557526 26.658763758439882
383.63861477589955 254.95206339744908 27.10331379108012
617.9070777647567 357.433404138968 24.820111209798167
999.2109672668172 349.5738220774482 24.79795925086379
994.497264433933 196.26993874175866 23.920757746638515
189.13580996538437 316.3704912405222 27.059286039449294
872.5863587594516 100.54615619430768 26.314798564399148
843.8427842045643 187.84667159616498 28.01548064526439
362.69587583743936 250.45792060742818 26.250677628200645
639.0922364945181 330.55960450547235 28.369890702220772
203.60408099353043 247.9298262511743 23.937680984291145
658.6549403320289 50.492450301214696 24.837897318234663
343.6579737957628 192.76790515755758 24.308264911540327
615.7380633973339 249.5625269314591 24.110556122305717
258.86966852751704 258.4971425955078 23.872205244134967
233.3570121982167 305.9305478567262 25.7835599206729
255.83414091605928 175.43212665996907 27.119559384075536
861.3582850557056 211.79534440806563 26.364576888326795
517.7786854220849 379.5257557242633 26.496976454433145
906.2002732797824 298.50872665836243 24.47580734083508
671.0550597175929 40.614244399105814 27.119433884163303
961.9037688083171 196.45522941308843 25.257340028873784
346.05967153916896 238.53072744431302 27.197385533412135
474.1773276538198 146.28995273452173 27.978110602832814
859.2353744537332 299.64687840811746 25.06479719450174
396.3572014241428 172.6418560464427 28.124394018337988
389.16512529272296 322.925620772367 26.640724100853134
141.61759082227232 268.8490365374066 28.082077432615137
106.88433870186331 190.48153408450023 27.89692404146091
471.40350108229336 383.0234701560592 25.701636299046235
754.8592114394048 343.65167915747037 28.234359650136696
40.10714285757177 346.82469313868813 27.948796540567997
366.42430921009105 376.1315771880909 24.687038697927576
629.8995950858058 97.58246215099962 27.8362469449652
753.0385842888129 9.032240331030028 26.214084583242236
630.9816624490754 304.42580328897157 28.41123255785725
245.07538740497858 20.717301234385268 26.44869019101266
759.3336793103772 356.17813449534674 26.67109470427328
996.9545224677391 252.68793248957283 24.6310408025749
48.71167051293956 283.04375926808643 25.496356113966986
112.57262772002719 141.04995306568418 24.843622147118587
732.9093968675704 289.36756293176444 25.55319731790708
424.88831940099135 64.42617432104001 25.42066166263868
159.31931941806644 38.57571111647387 25.320420378451928
96.24010891330003 80.51991633061029 27.644754097024613
491.08603906424617 365.12869833089127 27.0584161156454
274.96397279278585 165.5966595242134 27.745860574376483
792.5365165601145 347.0170466756315 24.44927357357859
939.9536219903813 88.38233378963416 25.25055487942041
515.350465855576 154.83275131127425 23.509918627922325
238.16540842122436 250.48276749635386 25.909236311413526
259.7345090250769 242.33413620806718 28.097821578892365
130.28192852644537 311.36151620897203 27.569504857876133
558.6925435188526 145.01626100799461 28.197043379666635
925.7582981801055 182.87667429496418 24.325353353522974
891.7250751154535 237.58183469807236 25.168732797361937
338.6043386991259 215.82366923779657 24.211503658930187
978.7006282953412 342.20617851682493 25.1740529204182
417.1989448138309 192.06440277845354 25.33419402608545
921.3541073387438 294.68315691212365 28.10020282614277
92.25945117890456 157.59557338879952 28.134998650942375
969.3893704433691 126.2545813859821 25.03486277914027
3.246211209715244 355.0248843788984 24.020669468770212
595.37866150438 210.24172062410474 26.806074314068116
670.789148198841 102.83494758534508 23.704270023322312
406.8168618610115 3.3426402996203475 28.420186232093215
306.37449253670667 281.7254397463285 23.68261516485866
928.4383090273806 74.21073578583007 24.648832104783796
525.0981034318874 177.18646867181883 24.51072502628702
911.2441820487135 193.0166357914303 28.21763396158171
746.7191557756579 337.97410494437145 26.16098470412404
9.003129371416453 335.19538263826524 25.38697325660749
37.8581578109104 181.785342891095 24.305215740073713
85.03517849363828 154.32197474775364 25.463163399076663
826.6684830008221 345.3673512041863 27.91099666028833
232.99929742070336 370.6185069040518 28.382974174808112
182.74391254137723 63.4986697118952 25.975309929678527
710.6897708181993 14.304200160983793 27.84386862038564
930.848727005576 90.44990389229555 25.45177611568872
275.3855427623767 111.9328023681462 25.046557268687607
598.0944449651244 163.12277503464344 23.682109530430722
987.3493736812861 207.84919725706405 28.43745932735576
280.63225498252007 155.28154243678483 27.684573625116073
13.271946378019429 14.515704633628923 27.52018503565271
767.3527592697916 89.08297669621695 27.045622822789056
646.8085490799804 271.03789460379176 25.902874209287383
343.430846707656 349.183772710997 27.51593185867987
986.2448503280651 88.83628728982585 25.98968310860991
394.1438808484068 275.5102246806612 23.635862959830426
21.511889907063207 50.89385931867292 25.759326368104837
376.91968044701184 376.51740481750664 26.26220990948495
320.3803539632579 23.93673580559956 23.722626086820295
674.1089812757419 282.39732161046214 26.988758118282142
837.2109828984136 202.60530295717967 25.65768435370303
886.9701474276615 117.92038407109145 26.445664613665432
352.0002443032182 36.22391487835688 24.000590787245716
998.62118484123 281.8654037367591 26.921623412115913
671.9009546872916 141.0062384814093 25.658436118052943
595.4518759319193 232.51301387326416 26.819826462852703
465.54398185019244 366.0198510242447 25.518612510086726
677.2673119498049 148.39965673431817 27.072358036877954
660.3522368773334 196.30451913885238 27.484592649270144
50.19851366239037 106.15618607698183 27.783197027631573
907.0008608373944 321.2728847895876 27.576153276274475
536.4858835478846 132.24121040799614 26.32969498923775
129.99754639971528 194.74770607701313 24.515734803216723
264.31290519635695 275.9260562539093 25.75533547847847
550.1669098855923 232.28453327450626 28.478619581131998
741.0115621442206 243.95038605734044 26.158747215860995
429.13042102500765 243.12077757272772 26.931008940723288
745.6214940825942 353.5469720118926 26.598187082556375
777.5607949041903 33.26018936366899 25.006942598108637
892.7822542834211 214.4845603737583 24.75675372641205
252.31592364086995 341.67290688841706 23.894231050422604
969.4701888512424 350.60242849279126 25.768050328641703
791.1544044167453 25.94485989111299 27.59496206889106
388.7240520161707 218.96193188593335 26.498347032935797
280.61038589879803 383.2735224719286 27.003357341876562
759.1861086286007 375.9219526546437 26.579864079515367
790.1428851998116 307.55823476790255 24.980328135666916
164.33660644847103 63.61096656566176 26.247827182116445
935.6315767863169 317.30117185480077 26.399433677576116
168.4135043245857 130.6200830654403 27.75553878418082
543.8000639419292 159.69670341024175 23.56436696594202
125.70368315325359 34.232768141917404
346.2270042765412 198.68668121938322
164.97156431533617 355.73880420755273
123.26566964544527 268.84163919929887
304.94734777200557 378.8141118041134
196.8228022076559 162.38621105152703
265.6023654398127 90.83252165708507
59.16062483036399 299.74010221459116
368.51469368559015 260.49283444143214
51.52234687774025 122.34547820628504
265.6711293382663 69.83503965169832
262.41588133566927 193.81263593844375
67.52627259490387 366.90361693159434
50.28304659383092 288.29588396834635
239.81363955821305 42.2439168876672
181.33786589893757 104.63735293841867
371.80639794258957 18.745762928670693
137.81088317533766 312.39444783904713
14.428593968821213 193.17662296043184
78.78932489708794 365.9447456266192
44.821002706152726 179.07467776255558
225.29630037493865 315.44032321943894
34.668606644670064 74.50038013865799
93.20506371582854 298.46166468957387
282.8000046745932 314.473178628793
12.037845953878179 313.79929355735277
118.27211430049887 366.7481147524977
144.65155241506724 258.8695177492093
388.35675317884636 190.915267594786
162.26596592078928 54.84879145004857
116.54853549464983 4.633072981101183
231.24307708629703 388.68921957063066
348.9170910131954 187.13467857345435
232.47949994489153 168.7559489213743
202.82927668806866 98.97455598664978
361.22671843696395 20.90541470162148
290.27045948656894 208.31092217757038
44.60740460267276 44.401128977825934
208.69705556608687 187.84730831833554
266.04886978038235 202.14248895842027
75.55550583507973 182.8851306651415
100.30810743752534 337.25946156359214
328.30605524357986 49.76694598821574
339.7156564324756 288.204774413628
19.992921938175368 25.318304699547276
331.71912279957485 117.05290256431802
11.105394661885626 11.724205501643281
149.7597928602051 70.79355072753941
191.6776844872285 247.604469770824
183.96933542540265 362.98530023665177
363.2783840945946 384.8800932802812
165.12642733759674 193.2132981426999
268.7434762128869 102.35118604949598
324.76646053537957 14.37295493075399
278.21016133918874 360.73486875224603
46.290400185635285 112.87971855624615
23.211604351389028 240.2399582623661
376.3722384001561 84.48321310724607
216.29609704536915 0.5830388950526899
142.917420648451 168.4420068119217
201.83706184571597 164.6790161837542
365.2777857272905 245.39354873322327
54.403555816354654 251.06702630477113
144.3817762367017 9.331849883308285
74.26408620480429 66.4609914699704
84.8916826811874 391.6836164343959
325.2994700793308 18.64198958052374
128.4528799150133 145.55172847736185
18.803876417850773 321.2379584502805
266.55318510477287 190.77292320307924
267.35617925088224 235.76421073845876
153.46335539111698 275.51497786816856
16.146754301593802 32.62637950331042
354.183251024671 127.71637952167936
204.84820279007639 151.61570427802974
239.27099270563735 149.75004837956016
221.3215290252648 103.7544136914513
177.88564285832203 52.27043332580599
279.1522297917931 380.1773881089106
282.327217755756 28.281610081133657
284.21433032946976 20.064132262443614
121.8107735431822 136.04219965850493
51.16295496995069 138.46342029742854
350.1644586156533 289.5008199267937
188.95961255928108 26.181060947683086
81.59475768200393 47.534101685110606
395.23729104249685 207.72915806990167
300.6149420183601 248.3374227224531
282.51559204756785 79.66371485594905
6.686154130170907 252.8964746632286
4.979310206218246 50.46525064456375
171.0735263793395 341.54608461827854
262.7369004351154 264.4453819793243
122.87290582257002 250.20075284547892
131.17858478415206 15.990378953875872
83.11686928808513 337.9194725598107
196.2567015624004 246.78089561581257
230.32191856249113 245.04559852230958
72.2143005952784 67.45509720449499
107.79161035385978 331.2405946224016
336.49092636958704 256.5107143103015
372.4439484828097 75.30859616274337
37.23771478161382 163.06934596111114
236.88397163999065 173.7869355249242
212.07708503609868 176.45495723117617
70.89607598916983 92.85586788013562
102.44540614819009 324.3660708397983
305.4833165019302 308.1987621762821
356.06011708123526 222.74976424817848
222.0344329151917 10.022319607540453
80.75591061266456 124.31345987267748
211.15213760883833 255.5243213053058
146.13784296531915 398.9385600834793
250.12960673079928 218.67477586209958
25.202073590988896 228.08837966091744
75.0150179441298 317.2541401147894
126.27845109075034 6.630684188754277
12.65726038370607 189.6707035423543
386.3518221844755 319.32336542556226
90.07900278218584 149.15720267420247
80.02259864361329 195.53995677953563
52.976394595388186 260.5248929064877
144.06969793538437 244.6397718953015
302.0979294169071 364.7313649836764
225.78255123452092 235.7155443319664
295.70789549971016 19.09669186726939
133.93173082684896 109.27960405344601
268.2932450265062 226.0804386970902
204.45090103631904 294.7778052418219
180.12566033508165 191.11020049472867
88.60612940471411 356.648411165806
239.24367765605038 180.03067300542205
229.63135692267653 2.971428286978206
126.87304242597502 239.3200248425609
14.512311072691508 164.5818376175416
9.25644269399637 97.29887691356095
70.80408372030993 188.84848796877782
333.31689326352017 382.13495824627387
224.07070273492317 191.14831232834516
80.53234684399628 172.52485478733047
39.738194347458844 68.39391712810516
192.8518624547368 39.51229947767163
43.85591034316367 202.80041364961426
286.4373438182302 342.9806030399446
250.46365439440765 270.4058271965258
133.46733169778386 13.93501795137393
118.96569646336852 217.6872454815944
319.1930497849239 183.76872923815898
123.11545623841114 180.94317349806923
170.88962269116075 214.28459159702635
133.91826607123573 296.9405969524965
307.2987042509657 137.32265772639406
201.96217621743878 189.6534254398926
371.61184023307896 30.421694810344356
270.3903801577579 216.7471230499058
87.99702778786829 235.02109198979042
57.93172129114779 320.79244992487776
121.12393379452628 166.28754719548482
22.108800334564727 354.01921423835756
320.0966142738348 168.72922930913163
145.9466260727752 31.749437697636118
392.65543716990595 39.33811541305019
87.20750951430718 18.476962326634716
282.46318091018713 270.07923667161367
387.38135797318745 61.889107779063934
111.74341882482479 154.1239758659866
358.36333404538425 363.9537982314626
103.49230474422 255.30244474737734
347.95429830469857 114.52384386722088
211.93814128793184 157.82805735977007
331.0223021076718 311.7382297627825
66.8761209485826 293.42588512483974
381.36668125219194 254.82818561430562
276.9588877005758 185.57397312147964
350.0293726892508 18.764240176117617
138.97644767647844 255.6455054252197
9.001185381248833 6.508248191230148
364.61248665373745 3.317307345530729
214.97396233799284 123.46279647883796
163.11680380208867 303.6886785485969
305.992563898946 30.038430464689814
307.78706197134557 156.1324613425385
164.56382354173175 302.08700141374925
66.1060019224617 74.97847478234915
363.98282654285856 165.27814315053976
87.83344022177113 229.7074810834987
160.33969895064533 368.32335896843705
322.30552961053627 222.41215507200002
0.8735709104204847 121.28080103931755
175.64676347823203 232.85936094716138
290.04330827580833 49.001708195416604
220.55349964320263 166.56647041437827
187.88772874490235 396.1077301914513
35.76081461570864 8.882403415093876
10.951196385670503 68.71628625082322
379.257522264985 18.142198851031168
364.25359023082797 309.4595292409858
288.7675639220858 83.54210866068388
53.48684744257493 76.17036516810178
54.96891364268532 328.46041263459324
309.82320194185235 130.93717509726412
127.37427443788158 257.5269621800888
105.42364426501942 245.05709910813061
289.7510257052442 225.8230471169683
345.9379687113679 386.7456655031387
81.41101752898696 351.17084177065834
296.9911582240468 282.28896401736216
42.65389396720809 195.5502073076143
134.85376666534913 327.65240231241347
327.1007006684295 9.25839710367593
207.1972326304088 76.3883400086812
150.6078544196059 261.50672702637456
48.03812648657133 41.01308112300028
35.90436654438625 173.72592352138514
11.678407505767252 318.85170482329687
64.04865689240302 26.930503025881425
373.65202362759374 389.67737755522813
158.25419031577238 132.0702293365267
92.39115763527322 331.29999762906715
2.586442850274384 332.3750564230989
133.52869447072823 260.5870378594785
137.48666889196187 149.27806892830057
329.4564530517691 31.227600651945497
76.03126701770702 388.5789063999062
179.9620419744749 305.8788995809316
349.28847972191505 191.08853064438568
395.47012278965144 269.1624233901425
16.087438407975306 342.07411016462544
142.6171362313788 59.305202606321885
161.96755363321662 146.4009547831639
72.59158768305088 270.0496710181437
64.02945253919934 131.34668824484655
95.87522148494708 210.78388023326173
12.861860067925424 256.64083921112206
312.72333873824 211.67171318483358
59.67174570854441 391.36117287439515
316.9258810619587 321.8911697254033
396.1983628290041 159.89628702795383
261.09381328165915 272.916596069849
276.94494476010954 64.26202536688596
204.9186853410721 365.1091336463358
357.71467150632066 257.6374508541025
363.55604243323955 384.7076586058959
51.39109653730283 274.06423474451435
331.486965273366 169.64053574361623
191.3558973599372 11.831435766066623
177.91461183782116 216.40684639509843
344.89026733318894 123.14572132500628
92.95615280477598 156.60364777466853
333.35920008665977 280.2653032088412
9.593485038045468 230.50410972131084
92.93114256098617 168.35396184350762
334.5491429614308 46.41939826339598
149.0385491487254 97.88949783990132
391.95712711339377 338.40541064111915
279.73806762214616 234.5394091483854
16.901312662947056 321.2034008362217
7.582135426651382 11.994324732938955
331.5974332652666 390.13193715195047
186.56699032095693 323.3281498698116
95.19751691423525 124.97540723685306
140.17503734139493 179.03191512481774
138.89900428090374 30.74287358631711
358.4829216368037 274.9463105152257
281.24372426296543 184.49861239989232
276.7595205834345 330.89624554907965
364.1952050106982 356.2943878154884
134.93127685536442 340.9087358568163
58.78568667905255 233.56131197910548
156.74557857415317 18.47356807319698
59.82759249518836 302.14715162906384
89.41568108731927 125.38441132209913
222.38717163285773 123.51352746510264
308.9841613424782 40.27597443521324
88.4211290146553 396.4350638144374
223.59474124676817 253.05119795621596
110.1803333226334 302.87094729639796
196.31557775263323 63.97036537023069
97.6877160336607 211.50759065028936
61.11023440748271 21.25222947750922
200.80055115234737 248.7987543951184
120.00561711362256 348.61546745611815
282.07058054251166 346.1582473067168
86.45928911499313 394.26663834266094
244.8184167185428 333.28784648363876
179.38183636328543 375.4193505630635
351.54192161799955 271.45166764869344
74.22289334358037 197.50701100689886
0.9812480713172977 306.83596894946345
81.982597600557 94.8300018096087
227.86646493445747 272.9618783226693
353.96354707498386 269.4561409478946
147.57673204180674 82.44619806929143
99.531227652969 397.7713107621289
288.64324066028416 222.2341322358013
156.10414582862018 29.155452816766257
239.2310346582393 202.75527945842336
365.0479351169755 318.83712012805677
279.43824737213976 10.282938169251699
84.10095782360622 217.05781231619073
