1000 400 300
30 80 0.1 0.05 40 200 0.1 0.05
12.240873131629805 147.24098667658754 27.469823244089635
322.16957358674335 293.5953953575653 27.38759560845556
782.6154023421697 129.2181915938019 28.14784139294089
886.6163785310712 57.829526763723884 28.415468421924697
491.73150343787717 27.30055204843587 24.38942324637646
476.7655413204922 148.9755278060397 24.682638539601744
147.20088151682253 82.49793225103619 24.470477231916536
225.70983454148418 11.376071262388798 27.242246488151935
946.3316192144613 59.2005583680927 28.1262245180926
158.29160981393707 45.57617034982498 27.425135808790028
306.07968389896325 108.56747364716743 25.572960023184155
33.67932421688469 48.77354294745962 27.592967764045184
564.2013170435334 19.623437946563005 26.909892297424918
489.0796509212386 53.33395139376478 23.527806561413723
888.1604426807179 224.73287359055013 26.54899397151761
331.7338273671644 23.839900745321696 25.3049847483013
240.55910251227274 346.1343156621318 24.06893635152522
586.1622406210637 36.161060452786174 26.610621736560887
313.9650103712904 207.2017943988843 23.626274242470274
775.1915249337919 56.280954348501844 24.53207017721781
4.828381694399031 0.5029102087028559 24.002825799584034
10.882490993907034 60.91389186176484 26.330706967929924
445.9067289402918 112.75133474374908 26.28924113202372
393.7069942516661 338.87770336483624 26.235665184977158
668.8201251421809 356.3559013326754 23.664571983394268
298.20511596309717 168.0792323829626 25.929980027134572
291.98693147531276 144.15390277717765 28.34057004767721
678.2744683488236 207.89887261637796 27.864736222098244
2.5615081791904304 357.53435205560055 24.404701850968713
106.95828539473706 54.55655183100036 26.481574486489944
161.80476665954313 281.71216404185446 27.471559808319235
910.2401185029024 395.28108385912793 25.670618300689323
358.63862738785446 192.35879366834027 24.989457149674237
232.4307296574718 27.117828918393094 25.5826976785067
772.408670847596 45.832257550368105 25.045365320529385
937.1270675303651 383.07232475419204 26.166704574936492
498.92877799051485 315.33275262156997 26.161718699442357
891.6937636688339 280.8295921856789 26.351925371308944
618.9000378333661 85.64263982206187 26.02456488195508
878.3968086276063 270.08734818988466 25.65006383419971
429.3561725780203 221.6435779481797 25.26257087896972
329.71388263813816 139.9250012819578 25.543036314633348
460.83314834155277 6.24399422095947 28.295838199111632
491.34111290743357 337.6769789209247 26.453047332155034
318.8120935670209 141.1475943493695 26.17458220488635
900.7659420695288 369.31690256933325 27.38534208086289
30.337627032377746 152.2537508542955 26.059571129836336
143.11882163820576 365.9662152924996 25.687671385596317
67.63901187744747 367.3547522696445 25.18479662866648
354.85295036829854 23.14581735459744 27.402067406384724
41.522784857703556 157.88693633113354 28.46099418945462
519.5223005089235 303.86923661166315 26.6840395778547
799.0853711968367 73.25597084859608 27.29608851565239
102.783729808545 142.46014843372063 27.943690459478532
273.10610606261656 353.893211516517 27.241995277310235
354.37849988971584 135.64265157213313 25.106294096490792
473.8959299251554 189.66463019717676 25.039954035156853
746.2545430019786 347.32877005076045 24.502250765631473
907.3407625826088 389.2479577206688 25.889044642366816
585.5600385741127 113.69117452180552 25.855563001217803
973.7103856645929 33.07164148226502 27.961971348026808
140.72675727467364 189.38955745748757 24.04548802266121
438.19983107761004 280.5736084116311 27.542701191218896
434.4018830284516 141.79334199904662 28.33909652272673
363.20043522995593 68.84182074351108 25.663078441107515
709.0874486331047 239.04026001111603 23.62627223910105
310.4078642714437 144.8453137125716 24.817962310274446
964.8897896939665 194.86788049604212 26.49826202829987
623.8838026124611 281.9072893619874 25.585481413517204
643.0253333234383 277.18148712770204 24.383141442779603
18.293420012560404 101.01330906726353 26.66225885437481
707.3064179875199 250.85430122581909 26.145293757793084
954.3111013773068 300.9417438440172 23.631417989067405
16.749679190244173 44.624577269297205 27.75186086860474
679.5681844694575 43.752471284854934 25.449183740771026
928.0921116994293 287.2347532948915 25.659670727810546
751.8292959387999 83.32769795710897 26.196168463124685
694.1253381573845 172.98022140003786 27.25577254244571
104.0223458484646 197.62753239168606 26.671083311195083
93.49701487540918 59.17707003452808 26.939721118937605
630.3837943209368 217.05674826289334 26.283616971753023
235.49201012677557 379.0469318814136 25.63430326966505
100.75769474625984 352.54080288401207 23.852428580227553
9.171685069664704 228.23201553660454 26.693530259226595
286.8282787542551 332.03118750402854 24.053332934618577
804.3816236233462 350.4215412109434 28.304351525508412
209.96301869514932 61.40707741671183 27.658424561228486
21.16408111999157 149.9711286864918 23.68545365209599
704.9696439672857 337.0632990322409 28.422553700939794
337.0422879500631 383.2569359855777 25.22837545789103
206.36954443404022 248.57879016767833 25.619601856127527
535.8602591084333 55.90431055066873 25.43051471305556
82.08339108806717 210.19689231060914 26.214617113183245
969.1238690073591 153.79555550059942 24.185855970688078
601.4064337620676 232.622363320578 27.433176192186206
957.2274232752889 79.46988009545466 28.048692793227776
976.8921749512559 268.803697054702 23.807301995078582
914.0737253760497 213.5101200627374 24.211409092820386
969.70950524896 309.6251470355116 25.435750689835352
949.287393257437 377.84249242981133 25.554583733235727
511.0081313034021 32.23534233142171 28.290204244317163
656.7385163076324 293.3862868560504 23.57317495106982
243.0190934819635 373.2900179814329 25.56947145678326
710.0696414027358 290.7577777724008 24.765140969543676
7.59790929673021 363.6399141997472 25.789684808336514
463.36134639413353 86.08500209511641 27.119211884288223
150.63565735365847 365.6533622044048 25.98504221626734
690.3625607163701 54.505465115572434 24.259183161505035
221.53640933600693 138.87990924710851 23.863094205502307
815.6105169994163 245.42551333447497 28.117475128102253
740.4847667661907 257.3397604416447 28.34003544181822
906.4028681813863 53.696091533792426 25.41708062139864
304.5735503865513 39.31699162313356 27.700889287445584
451.4701065025457 300.8330569552093 24.85656110544502
388.47573269069227 148.8452584416927 25.85973285832239
680.2123640786374 345.35926027061646 25.507508033158174
857.0460420143611 201.55651783872946 26.305924436294234
239.76880484481822 30.098357595747505 27.25975105179291
896.22100972363 164.41896056492817 27.330263114132432
294.61254471402765 29.384817376077123 27.07037854009402
844.4239938801945 181.07348629195764 24.8436111457589
127.81851512296815 366.999310357656 23.59398813209156
188.31626529891665 277.690922681086 27.390096216829214
672.0168697367294 366.27112930658393 24.471051808980647
802.4897078052987 197.96920375200426 27.974805590167755
883.0790553980491 341.0381636472756 27.02827431782587
750.2641225806994 63.27237390723028 25.775990513518902
776.9219734249331 157.59819172570525 27.470632635662533
619.2046698845948 331.9364760296995 26.195197827162605
299.96154622493157 254.75086000345942 26.31257380927008
296.75677817811106 11.132595194298212 26.563280208154946
1.5882817749992562 6.595895945063246 27.9706563590435
264.3271204729564 19.83898698765456 28.010639154905366
961.8274902969652 299.7480957058533 24.208663850545676
227.41632557336956 270.63457515428803 27.917928392934343
322.7214666760905 65.63138501284325 24.74768072602773
139.60209693791558 283.1387183322752 25.17725905704836
535.9363735960857 95.85094990120724 26.508472154997513
213.22343208533957 308.6900776791235 28.449060151438488
514.036476193889 154.3922820956079 26.994283714674033
242.85225936998543 373.7335975092761 26.22838765970327
935.5397414767982 208.38701438067574 23.523293787925315
761.7489850108731 371.57260304795886 27.91572859356969
165.4057793435755 96.99575431175438 25.82768991447491
78.55627877158867 175.59526763346977 25.09721294914295
508.5150818673343 356.91601076335473 24.81888223933295
832.9351050580275 32.50497127533198 27.80045862385788
693.8643107095446 178.2065756179005 23.615727941335166
205.5094382006244 135.9254597200674 26.82476505105832
705.8781534173313 374.3571213066674 26.70675851800045
519.5553221047317 87.21631333214717 26.114648171048753
935.0634875187097 358.40032834369566 24.002045290008418
488.91862324473556 123.37722077657425 26.117237643757257
446.20764385976673 208.6932656401387 25.581186754493547
467.61635039898806 27.241468281914692 25.74719874864223
275.83713411532216 313.8612067206099 25.888485205749426
519.7917295996072 222.21553478472268 26.884815583183677
623.4614864053499 380.1308231241419 23.614113987843766
91.84677103891391 275.8138483322995 26.707784875818618
629.3624560610931 83.45681815856794 27.352256331267743
278.7395434075246 70.12004140197816 26.856095863940173
905.8592781094736 314.7962689856959 26.586975214313032
740.0505669968293 313.78096984402436 24.749961696984503
863.9697904287332 304.68564626752544 25.53900176835765
954.3158328403041 133.66049013269148 25.917851524478312
142.4508236067168 71.75441620253751 26.748613456204225
777.4865455346219 353.0499193748515 27.08684837070216
574.9744685722812 111.54584169232903 25.980101275946392
877.7789656021548 289.3039571738389 24.97930180630622
331.68576770982384 363.3360587852276 26.54267152810276
98.56724112110516 132.6483040470932 25.23341503131288
335.97523633652827 143.62727917024998 24.53351793719553
806.6668498620102 239.14067889005648 23.903217019969894
212.7451904444867 39.46595657751204 26.845656103079932
828.0539619873274 117.56419443154229 25.42443859075504
781.883482892163 180.28175386407113 27.242225042418248
278.83377789815324 239.34385969395368 27.38309950390881
115.5904594465188 164.88516774826033 25.998484669520465
947.5570480510615 273.1067362202037 23.565983229870476
60.51808951320658 65.67957375083675 27.842726931967
466.60684086293855 155.70641943785773 26.576347479933577
749.6309647488895 263.86491947937355 28.39966908878809
275.5337713335505 67.60740076824376 24.280799390940643
342.9207719513252 30.013594576069337 24.438413908494645
887.4760174653802 384.42637685965786 26.82772055055893
123.60682983880334 40.212295386367416 23.757400062091204
640.1085758197914 23.859530985031174 27.304326014232743
204.61736788668605 239.0652032338831 25.978467700226066
473.24103443076683 87.64012638945462 27.93559306395194
770.7284595157287 101.07116491397417 25.27063883084464
213.9236677453954 394.7726644611032 24.278015422245467
780.8708691890743 218.7996863516188 25.652760932142126
863.7953160913711 92.03143128481837 28.12539058473153
903.3101507976374 321.2249018815618 27.025932078366225
828.8602880692952 381.29540388381497 24.870496453011757
658.5416852723527 303.6115028363439 27.126669703123547
374.7350344660713 85.1717563626658 26.200275220836794
40.07977909076577 80.31055439383921 27.757013097045444
655.8541890574272 140.73949688408715 28.134622058128983
495.4921371639488 246.29336715187674 25.69694520732539
889.7396185132437 18.075915797725493 28.2385527577355
37.04246188917138 288.5573020463073 24.818354566559144
921.1616149581314 51.21541052618737 28.0797449476644
355.54099208587195 204.75581430644897 24.950769196917914
949.1773384547537 283.7850393730066 25.700444667413525
309.22142747418377 87.36495283761192 23.771691135924854
335.3144675965517 102.96798281327888 26.603596498195024
712.7956177960697 84.97735732397209 25.354839722116306
545.6477002213805 290.6169277849396 25.893777696048204
355.79380821962303 169.24182724527932 25.3761301369213
634.6369306781874 79.97887036852221 27.1869394717788
13.758506535594183 271.6182474113668 24.389815735511995
595.1803826849241 85.0521112156084 28.428810176370618
495.08561310051005 207.3238504669936 28.007820872533166
77.57774084567792 375.28067859968144 24.10669901416191
588.9258860106147 117.18421343904465 28.37767065146327
729.5674174487315 303.0520473635159 27.566827921720154
978.5843905141567 317.9004398647262 24.61425530796012
899.2460159496076 251.00560782496325 24.369569995148368
577.6664407171928 187.5792939959422 24.025486669328235
950.8143917114403 339.9338477889027 25.235305848369887
384.5739001514434 200.0753715018138 24.231121992583642
607.4203413821427 309.2697303523954 28.108133098317793
370.9877365851194 176.34051400385565 27.92894266549715
802.9531936512005 27.75425910297149 27.94434597998048
392.19068326340755 204.89438310072435 23.85624108992243
601.934905611443 82.57222405285094 27.8153064581793
886.3695618921429 201.79981517145316 24.84222981864749
49.46712100369965 295.48363295671084 27.89476702093101
705.646875085485 81.97397302775191 27.085453756646118
916.7278147513595 382.4666222362591 27.520492995250624
767.1623589146639 90.87205993139503 25.42835260148045
396.336891259802 61.07882048525308 24.217634424213305
36.05978753064243 334.8693489998412 26.36944755850976
919.9708612380924 162.8398102616943 24.832078414205466
346.1201114162904 30.12094752530703 26.45475161243632
571.2239861467201 365.89187580298335 24.52818252653882
654.7738137179441 387.1223773199267 26.048345734138525
562.5820411788623 359.2121631734841 26.68596801033858
928.457015762163 229.20779733900346 25.993907980173994
58.565356943210524 110.67986457869891 24.813997689746614
107.25517115074823 319.13357765026194 28.462491511959797
239.0550485241284 58.050556608202 23.648645593497868
634.3878310274773 193.78138036528014 28.127070908040665
998.3616898828478 288.80889264677336 27.10799207412953
220.58589087534764 381.7053360398674 25.423211900668125
516.9231066387543 230.16417271732266 27.72577121897367
694.4315007282095 244.31986178849178 25.931469846254142
183.19872210616816 136.07390004333877 24.42111292628952
550.2782789808759 25.30661185570584 27.156444609621097
902.3069201379042 329.8308612416142 24.823627841818634
712.8290287404056 244.38947538341526 28.15735589452956
733.5495646926458 327.88356205888664 26.027898291796546
893.5767614956342 204.8125997158445 25.504963792529324
438.87953841141194 116.38035815824148 25.300763050338386
5.245576772201388 316.23716245424936 23.970938685982002
895.6630821384957 53.38804064700966 28.409899708700877
446.60909887870537 27.67588475184075 27.69154313406483
286.21386143479054 297.5383488583666 24.43096335203069
676.4982924966735 23.587850626418128 26.45276388528485
489.3519880714616 82.45534142570263 27.967661571572773
601.6942712649955 209.18865218105503 26.3057449127963
490.860836912966 223.91386449226482 24.07623614036249
632.3708865860425 90.97023613960191 24.198302789998923
834.7513008640472 15.230142310791317 26.01135692527089
268.80990529783975 81.69896304518511 25.381125918043892
949.6400028728918 81.59034074545058 27.439763678865912
216.64652304784627 205.84774220535914 26.368501886908327
507.6261105519689 365.3370741632352 24.533346099290014
961.6670139040401 75.34672941102083 26.477502641610858
69.50589657767404 34.85901613405176 25.43383285900228
630.3112167771794 214.28467935881756 24.882766138069087
12.065720166547278 176.6186828434723 27.85283612989933
714.0355567489373 46.08870976094188 27.57451990196259
851.9876894668637 363.71128997962893 25.95653456712164
724.4493636060726 72.83085205825621 28.135327414766074
417.4079332542171 109.62617910715915 25.403486886753036
185.90942613891536 372.48453044284923 26.318117498170867
72.5811358169931 20.7848422729624 26.2235620182281
161.67477802561837 258.7606291248171 23.648176104966044
182.99651379106862 157.9095772847109 24.70921880053526
81.79448705970083 175.91900142512245 27.74059295515812
886.6057420906806 200.03664329560146 28.24773171668773
313.00925815585435 167.7560041390412 27.44970807554081
789.8813400919324 365.48152899235 25.96164592845856
234.8494876473497 139.63929180955955 24.99780835395253
572.9221747056256 64.49364547447414 23.598884712999375
597.9423161164616 142.57602683319774 25.687969889716307
412.82951745215377 115.65761798522303 25.57446831763083
410.8037890340771 210.18838575692604 24.9336912287358
225.53797861323565 123.01065223097649 25.710618912799163
284.9754618306393 378.2082309197523 24.050858008754624
699.0230841637002 347.8038151836869 25.64582562371611
54.522232727514776 160.51951098260332 28.392532140820286
20.512634549191834 76.04241106122683 26.22783822305144
48.274693660861786 238.4508825628847 27.972856353865215
771.576938971212 232.35000950525898 24.409022875628345
839.7822398711432 377.27935950021674 28.15368071051214
221.70561558755787 268.0156278436966 26.210398799756337
823.125361907715 95.82770496665236 26.358871533025134
338.6071933121941 195.75660722400295
79.61675890392685 395.70933089767317
105.45101111740655 132.88775314623535
137.51754429235783 388.9643019748965
393.8532047440033 287.4815417057938
271.19028312471806 12.036373353814644
136.4501297866319 335.94938645624495
213.48003812073944 362.81014393920987
341.7505541224004 228.94494217414123
345.847179920041 160.67015862954267
396.12671302181604 372.5003436521472
1.3160868131692371 79.85365089233771
23.815105496950206 5.065776210946016
249.9758715393292 283.7664773086247
213.87468325901037 116.21659593312916
228.51979130718388 22.62795022644193
118.75349225104621 301.62036232556943
2.263435684094839 286.8885364339518
387.3175753798851 260.1840257656633
37.53469370299065 301.4422106451516
215.89944642466511 213.13000286959235
14.281627473189573 100.73371739002343
384.12623883371475 361.0775979700931
323.19772475198243 142.43893536522322
87.99098881595123 394.0347558093037
168.61681631906782 97.47457431935231
290.83359532240627 30.532891736912315
337.8833044401001 196.67184029987195
183.60092344676517 185.96589418050416
399.8563979017736 219.52659842804601
178.9590215485168 56.52251930052441
159.66013871642843 178.01668239154642
259.53314703255813 153.92937108221275
23.744159470986492 178.55531674918973
58.75471940006758 337.5499346465257
118.77326882845595 37.72758952643809
373.4972855870473 364.2131042745316
359.81704839425447 382.53501528094074
90.88673545930068 12.473095395421918
377.76374048068374 183.45145687405787
157.37417178228625 36.83019856169585
92.83593841080658 148.67181302026736
26.362983268488136 68.77057362602184
360.5385357047482 350.51277929000383
391.3846006887994 305.3109349267261
118.3227868846604 260.0034870778359
145.0208914969212 12.0624446709662
225.70313763797455 33.281547210130434
199.47391625939383 316.655874076592
317.5168102989723 223.4885101543096
62.88709998753066 279.6986897185507
279.4693383159722 284.4366144172616
86.22497644991074 204.2624831515591
7.062002740004036 287.3969121600507
278.72171655867334 181.22735482656722
323.450734181994 389.9371025237813
335.61184966496876 166.63810115408876
308.7387050789229 375.8152931480403
230.05964892673484 48.55517536023104
232.65839126868508 227.5142714128695
391.906870888233 184.71130316379157
384.5515525800436 198.07875133385107
329.0615216448516 378.61306045176264
359.00921714214167 16.49647114566588
143.05356813756993 210.55458320193264
382.48636857281144 90.94189542017732
348.4866536803833 51.33894681813223
55.6595662673903 66.77950026899966
126.81781044302447 360.3305737642971
38.24857927541139 251.3017675846368
228.10058566481226 205.79054468452136
317.4764638933628 34.75507841816796
180.02982805889363 344.27440300106554
378.2954402457064 117.28490893322459
271.82972482590156 57.20048216977776
232.959121147857 94.00973132731166
151.22961406014244 266.52474432874953
69.47485518341105 155.5112596676822
205.9755161695176 237.78631425700502
242.92301617196705 128.60675143838574
397.0280212681939 227.6159359354208
60.58302093479298 12.347253919149193
268.80071090117974 144.12788780440252
101.259342134458 356.763648450332
282.49623352957525 262.44373390497947
261.15358107614463 286.96075083241254
1.8001734372994793 273.92467475087653
333.0819747660472 92.73757716574913
205.89615477033502 246.5172641763257
102.79072160287654 83.99014099149494
112.96879501593877 234.94538317737113
85.57477515522929 254.73132088943885
368.0639209927881 303.30953142715754
128.35869738538014 203.6402667906652
82.37898207913861 8.982544805175596
366.85149071419903 126.63224323032054
6.759421364209528 345.5191007622055
254.34026762199449 327.0175584264891
280.3801473657348 153.62437965145932
168.1408942228066 181.39675973900063
116.29402462333798 283.0554026828268
51.67669286299854 254.51699133244853
268.73286560180617 324.6566990081682
264.6096533369835 73.89287038247528
372.74915555549865 130.56017887010648
90.4015244766863 155.07322202826495
254.99002934047206 1.9070014331542318
390.135311189367 211.01306884990777
285.09823068659125 147.2775341595482
293.38096728143404 84.08854098800829
370.4376161742381 201.34360338594254
381.342016499942 206.87041108976797
292.54434462701215 42.0851807848444
144.47309091830056 327.85006208400534
141.90747737741157 256.2420933074575
386.21144640930567 30.889978606006974
228.3863324448147 376.4992001978934
96.41857830086855 232.24866502110655
227.77475026108897 250.2316557331216
132.58142038145718 156.60843844728257
270.7256322817305 198.46512013904172
23.77534930174714 73.61220866598894
188.4523370807927 185.0338075583895
151.8447228945248 318.9939980017857
0.32646928322717095 239.74741470776567
266.2096317833856 229.46548102210647
161.69490674787806 265.70600065892893
353.1605587605273 188.09952507702627
85.94184764110402 309.73029365311254
107.45603568957067 7.029442497984384
13.024996295239921 386.20260020195906
243.49128694256626 166.86099130621122
17.417886720959785 18.442070428281543
235.2590205110927 187.2721715950563
31.59370709145808 198.0657911986212
388.7768120070645 220.85408982684544
206.8889672114103 61.61565038335066
227.6083267431133 242.32415608947565
141.78843864346032 45.05878256297584
11.559162850389226 347.8212538185297
78.37617856390597 200.59765811841257
210.58082423259629 84.0702404864365
300.900175843469 346.5539893774886
120.36976598746124 394.7817331304892
266.1016379681548 169.91872450949975
333.1013688949614 301.73088772259587
53.16290661075862 312.48854176897305
66.19195794285004 230.53716122183286
341.83106186340905 245.33737196329125
203.93504619251576 146.24520596604862
110.47755763400562 172.69966102393738
321.3111158819702 181.38511169276845
391.55720493410354 305.1700511955362
136.22337795266156 219.26821669528042
130.1330281449904 3.4524867856506436
375.8650612914715 137.85321670068763
61.83662209591074 317.7197889508125
144.87698118702804 124.59485961003223
159.83676009337918 333.97273204910107
347.40711286620547 240.26623031028933
396.09218662653404 87.61603870157377
342.13718098372 239.82329102177377
120.36743359404394 215.79670509267982
198.79433314326934 150.95866569606872
281.1940434647212 193.8780477127248
76.61902739081184 66.06993253370024
196.16218727362823 137.7512985801799
159.71350895328146 20.945368384713525
224.63127287951187 152.51444277827008
61.14830479001419 113.54876407307088
304.15090768433373 69.376249533597
47.15727611893965 358.8626216731805
282.5869107506461 336.47145232440477
234.70496877748147 380.8273747102187
111.15012748255046 215.60139259984382
80.1629970163578 109.9923401250901
259.2288480214235 285.7422138658525
203.78552454488076 185.57229810960285
370.1289662717128 165.491207331632
284.1267686466771 353.18162243589734
397.5289247591617 140.44971265980442
8.496838402103268 204.5960655809631
45.65964486630767 217.8692895184347
80.00516089275096 323.4704311659659
81.92298874381905 29.71593465471667
258.69393517775785 81.01853039803824
198.86506350082888 366.6352290819489
153.71719075838644 168.23973917734548
173.12415951412467 349.1295381795077
385.4741986330215 256.3549827796421
102.17596579990808 128.58628913362585
1.0589027870580914 144.69266887456743
295.40198136504654 359.62473773900547
253.3405246447552 385.3434989319674
354.2101581717902 96.55655646331778
243.44320152849272 66.4811816422127
96.63984629685439 240.58381462978008
78.34596648297985 391.32401672481944
265.0863213425455 200.68596103684234
109.77738671631214 107.29071542958066
1.4832899433384394 229.97570634339937
97.53224014445614 319.98170955063716
82.4848568710947 160.63158145177306
179.79084927049973 169.19540238101854
277.8915742619963 184.34329510726798
334.9747512569839 49.267118156449015
328.7683500659248 111.53398857689267
184.125489056472 323.59621975875666
137.4050974288704 191.45177898474554
109.74653833825423 13.305513649956424
219.47405936101592 286.5508386885939
156.50132145521775 132.55469115564833
289.44110730572584 168.4107190626148
231.1136419320278 198.10803789662802
33.49099867069598 338.7704295866453
133.2697412890855 358.33460747371635
69.93028574434229 78.0821729696854
126.27446427870797 366.89712133108736
5.234091326285606 185.3175829944508
95.66708699138498 268.96423267406095
364.6065936688736 96.58749931390717
245.95553069541972 172.85859028922638
9.127863766584987 356.46448029948533
350.08075600742956 247.63150847751518
47.26295910220988 164.72528202479802
193.17622626335952 317.1331039552426
6.712279774588481 332.5587881169457
241.64063650470672 313.7247856064787
153.28532026681862 56.112872761824704
320.4949458196165 9.85931216840652
126.68307316388434 251.58178715903398
396.4481689646815 63.331551043833386
108.77742413183209 394.8640868022779
241.04923979192736 92.08130563841688
148.17915884550055 270.148724663854
187.75563286068135 37.00769976099676
35.58900280545072 355.6155416285816
198.7023491700827 76.33274683391566
257.6296858146785 360.76422605586174
221.4081061048186 222.629728003817
52.55972516419769 278.71408124137963
142.60872109314207 263.7103514406863
249.4730467476661 228.14495330929483
135.86064180445092 301.1425545406752
393.2915014146102 333.37788568693225
251.51096093105312 195.24909971341026
41.06056570032042 327.42219369467733
112.08311299136828 343.01523073244033
260.7616065242451 61.643670082146016
353.0807259130986 395.41163602101517
72.05718753930897 267.0368733437462
188.66527880490312 363.2172547693398
239.08908398852628 135.91256368507354
183.6160728061772 65.50453691294678
258.6517564872485 179.13937234897483
377.4345555747068 42.52781947973223
382.76705382261997 162.90707031397383
133.40773787325242 284.83374805408926
272.8893772858077 340.30678186441986
274.8989360157974 22.990622629111137
203.6732104111645 66.8517096034674
223.08687651613752 377.4118435335755
17.438348010449147 25.39002462755007
164.82763832928433 285.3266495805955
76.17128609688334 284.689737420643
356.2667259317887 2.0294883614826897
66.10412525828258 277.3033691001908
107.28195524346549 16.117494650359234
80.61573335835423 106.14857175174164
193.79075692929337 23.50368911331353
340.40288524851053 175.56879739126177
9.408774520109642 272.57163400948923
5.572249466119272 391.46627767879073
294.89970373092063 122.91531188392146
192.50721010227926 286.42778994199654
173.3093273873553 52.68630885292098
329.0666855499346 199.59171093472398
270.63011837069075 4.6483184003305755
364.8762214426058 277.3329781956244
316.2955797996252 78.61727969509857
99.17464508149662 159.67083160866827
194.75681169174072 358.04332164462954
196.8828902567536 178.63217160779072
358.84687961040055 301.0692267420658
134.2645372228605 318.6315997353023
17.591729208278338 231.4778075282622
348.75088390474605 75.25729068596733
375.5792775384867 32.51904229847318
63.206387064655445 297.68002096438096
227.95186523221415 376.68572827702275
213.1134795408313 311.2306677106442
4.539983021769833 117.08471565340201
225.85893872643084 90.51983451059967
308.6084863686647 221.12875148320046
84.50701510018028 389.80120212307133
110.13965000069507 244.8521785930115
354.14766626762184 336.108331113624
30.530437653654417 226.23182578069893
257.1114995048302 52.02297230325801
395.0347063661892 218.4726480711379
