1000 400 300
30 80 0.1 0.05 40 200 0.1 0.05
600.8348192331467 13.038797358594678 24.260914264257067
269.7491928509438 120.51131469904041 23.54985725593047
140.6704288777383 109.47185793155776 26.812485952214082
918.4426675111256 29.43994958443139 25.433616969648906
39.108491076593644 318.4451257352261 25.44327717930514
403.1042130288694 210.30177355726804 28.356605282958082
925.0661766005326 330.3088395259196 24.05509098622893
685.731069944894 155.77621803267485 27.264604269074304
184.52450590988533 381.85772256700375 23.638225070158636
872.2911003511811 116.66577242189832 25.231657623927504
481.6394188231988 145.87215398575913 28.129461311759393
890.4972494449848 313.5255743997814 24.747641581537398
450.2994705804376 204.2238677960152 25.10627870513403
593.1390272931314 379.2716671441145 24.576256613939844
388.5062150043869 17.61973758420785 28.082758591076413
782.1141612164527 255.9008813190697 25.30122889834675
237.13059302514938 327.51373575848606 25.25013900881859
949.3792976220511 314.3859041093899 27.98765697224589
899.8858325564236 382.3286325572309 25.380010616098268
924.3376055637549 123.65243719181728 23.986761221789695
466.0761738885234 10.34914871758037 28.31295167185609
279.46166846014984 86.13037361922599 23.58020739647527
894.5263959290984 398.6796975806336 23.569084274443625
938.3467244784657 51.27491084812705 26.84096185022096
578.1385901020011 108.45619903352937 26.5155652549992
348.4066287373262 26.005068897078097 24.14947181732427
165.2071560987246 281.76534869491115 25.63225865876546
203.9496663207282 377.28426283968275 27.286876715455058
406.7692302122474 89.90962614765228 24.450506827533577
648.657205972258 65.8985493509333 25.892863826067263
329.0722940068398 243.96515849883528 25.967606415172114
248.17203450932934 204.45071817468832 25.458482335881605
6.272598114148487 38.9657015939159 25.824803130916724
636.589187813663 183.01117933936393 26.479363689134466
799.6838210260158 28.212297218705018 26.389678017617292
422.51580359556795 82.82728336346908 28.149935706283504
414.59486930839205 313.607821276777 24.511946296653328
742.784139478147 75.81977746380969 27.18374411345621
141.5634216565901 174.7518840794394 24.079024183382494
310.99695414227904 102.86621218990146 27.320222519563682
443.23969759633684 120.75766379246345 25.335214897993467
194.3645280784454 98.41512786849167 24.56732810872018
726.6268908251914 305.0704087422006 24.043881267305682
120.64026729292787 87.86900047987021 27.64743506755279
920.0618647114688 59.43257238094053 27.060223338250623
356.6361199622342 176.2470318287432 27.797655777859774
929.2964101722557 36.7535579170406 24.384880283503048
84.4300672384266 264.46879917311384 23.534139777806526
362.4477089879936 255.95805555882896 25.723990415293912
438.97764552491105 209.51469052776878 28.15353950243188
133.20993374358835 260.60798200352366 24.47493539051334
653.7859218491648 366.7968202401202 28.21626826615654
828.8982842367095 276.67239347397725 25.67097890960383
16.36331565918292 341.14339313532776 27.55983579481801
577.3288835874458 16.460450813230445 24.081498918749983
973.4529747808408 194.43803439076422 27.222694855519794
686.2896283499132 352.38863520764505 23.503472653005307
893.0989031647155 24.49141624448807 28.137867048172687
542.8785128625125 296.62612577613504 25.46716644964458
816.26621117004 396.2340356056737 25.37113841687187
238.09214251768017 385.2070017699426 26.584323884161854
379.2976204286956 271.6345081757271 24.74277359516083
574.9382327709096 386.1158893746112 25.607149506758642
808.5689824984322 291.44439588233007 25.768253908378437
585.5887307724742 132.0993068602369 27.75451344047861
63.31724604951072 196.27804716094337 27.288183620153934
343.6315623161225 16.230516900587453 26.858423940397046
399.1360905325009 266.7308131211431 25.90775465310783
739.6395027248217 71.01479770615539 26.546135343957985
644.8250268224795 186.05036840578117 24.331434322538108
379.74878567619606 63.26786294419491 26.705403788964883
615.2720859503551 101.88165852396676 24.930134078817687
864.798188507561 154.0850293082797 24.383327282350084
343.35280601646355 147.13393954600647 23.909183833303597
268.26774511052906 166.64724738460714 25.590773373196598
209.32556340079356 279.1473704574278 27.42103117269556
620.593876359731 138.83362381196557 27.069335236378567
816.1492497597943 259.8937469206649 26.973602159764976
950.6210969118038 270.8333339423513 26.31765645365396
327.18102537207284 120.5104910017384 27.782510855915326
866.548741657263 62.12474640065775 27.257312957535614
406.83241769264833 367.36602782542536 27.98343167744565
572.6912775312396 313.02001048810484 24.08058564710386
327.3596734487091 74.16724238335819 25.212507516343965
518.0107588441278 282.91228517049814 27.59562171543818
902.7901391103229 89.17298017946256 26.252061392192964
820.3973517442815 83.61275261847729 27.84777546241288
845.1812193562494 35.95057199091025 27.672405562580693
79.13827590210599 168.67995953651737 26.825310697365147
804.471898844077 211.6327207870406 25.54635564229158
908.3702634397399 79.12629443235129 26.5759925444856
631.0087014969222 43.377777235307136 23.911208505999348
337.3805910047798 136.79050048513668 26.288119855554918
403.66072123161223 50.536454477591434 28.165335800670434
329.5963767325497 347.1922787046755 27.591854174307493
94.91905909697095 19.45894652086664 25.646972896718324
880.5570462675654 185.79036764229033 28.07776454589058
730.5088177699778 116.2683648862791 28.306910519510474
135.0417179735417 290.94999160223233 24.41967635226602
862.2122313927094 270.3555856093907 27.38216310853793
493.14467707732524 63.0445608619707 28.435422169736103
660.566638727823 131.64639707470508 27.953702599439744
892.1520807425474 155.17114838773637 27.376031271255712
984.9918118547156 155.43190392096312 24.049305565934088
102.64234925754967 213.90400746104885 25.95225773588743
173.2294294647334 61.0657203325351 26.77562449072415
569.7570466568027 59.0479518099027 27.384962900798055
764.6209462997164 350.19434858637845 26.746800689282594
779.8870885599432 243.93643386531448 23.69748692401974
921.9716422125246 305.2293647595634 25.657201623293385
414.2891687177652 170.65180531976955 26.695348902537503
418.1771012805144 12.06811322803798 24.231976575751062
348.95624079257414 399.57953708892273 27.539891242377124
914.43379382073 198.9538852062371 26.411749830876932
418.3614069272095 335.6480037178107 24.50318613792858
69.09979707331682 335.912537340698 27.589443361979164
432.7966151532356 333.9035214121782 24.673863003701307
206.87303000213797 220.2410387001968 28.042358177257707
237.62986999838165 377.9301655384376 25.89661613224726
758.0458018525876 50.63028254973014 27.587536844202333
249.98015443537724 172.99804492299157 26.697972043338723
92.68239251608124 77.00931296277105 27.551237065172288
385.50100865887214 182.41589252314316 24.05029431160862
354.5363967386549 360.1784663448156 23.67411330950565
185.99260423055475 34.82691933139201 25.5247100309964
308.63060756638225 83.58277498526445 25.784337235641363
227.6251882884356 350.32364395783395 28.198249336974953
403.30183077616175 271.74299183759445 25.345186802869947
89.22039732130959 76.22194648911184 27.924482627794195
295.1683845203493 172.237242344001 26.12724997770346
709.2520116549201 84.8286967446811 23.610664723782325
61.29827529633136 180.79028864478968 25.745874042719944
387.30822108391817 255.01535437071104 25.62508327197979
528.5930701129054 305.8073855944823 26.041249527132607
878.4047503398808 220.07428547886767 24.59005451410624
372.19287576542695 397.16420696297223 23.83284170614686
483.8176108664457 93.13847946407824 27.59979772214261
393.0590031267391 365.5612178361122 28.44494090018832
116.46471161109861 349.0921453920262 27.386096868135603
184.68297553269565 398.3483345566538 25.24092376391428
478.1249639391646 212.8425242880771 24.482950430576537
979.3654471876775 384.2516856307571 26.807326186954114
555.1388722116621 236.2646969255397 26.90592303626918
49.33562401472702 385.4678295066164 28.153807930433665
53.25480697010154 92.02520140827093 26.951119514157035
585.1501524875033 77.45808823985882 24.52220572784521
444.9168587885698 317.5394371012068 24.167953633900083
425.70425898125484 394.5573098722265 23.97966006305235
396.8523459651032 345.97524628825045 25.401411394814808
547.5615201189156 397.03332625538496 25.68168247550662
245.0064954895661 96.68406623156014 25.61240935134355
497.29915079833097 180.07497790966042 28.477290618346352
259.7569848283198 91.6751048313151 27.345097904312983
364.67741598839143 88.67596777684699 25.758135892898785
928.3696444350261 238.4489556945339 25.640416029703605
826.558901901063 139.5959784414215 27.166934448533347
714.6461237848921 187.12985035845847 26.61558695278182
855.8846798227553 181.34932100896376 26.939388771879056
437.8628730953087 139.58197998485105 25.106157432441755
985.2906812063901 88.07131565391124 24.391950284922945
853.9766336012001 162.01883457317643 24.764105983528104
374.127795209199 169.47279465720996 23.940886929017083
390.620594073091 126.21844500569699 25.93282502121772
168.1169704389893 316.9915799789877 28.273715977911905
561.9592305835597 67.2945416491245 24.884648102286068
814.3813518652819 169.51393695122349 27.041566547688696
7.700768829318694 181.24736449740558 25.56314727124495
637.2868097617247 88.24806549464239 24.02172736254791
609.5584017221225 270.1813688034781 26.571639166879947
362.89563767541347 340.8128195404623 24.856682980584374
844.6464184073765 47.8331417360974 24.589074111201214
656.7802113039222 114.43677187552548 25.624381633501358
654.5188752762917 7.354915133584283 27.769452157931852
600.7103445404259 356.1732241919723 24.971229876561978
215.99868519723032 285.35012739759577 26.632728256356366
351.95448828259066 66.80415952431882 25.853153828951182
280.1770667283827 82.91087809934434 24.92230635698928
712.6264984533033 90.9586439137291 26.01167439416646
242.930217431364 371.56534275667576 26.37202599491976
678.0514843727115 128.98636076186878 26.76385349060017
977.3237497645579 59.06041523819279 27.076255826745992
159.27216490194684 370.133870147523 25.031590221972362
208.05032324880145 249.98306631121147 24.519409351698062
396.70523181452023 279.14697633579846 27.473370410712953
962.6424067762559 36.31713284525433 27.421882274440918
245.09275887189796 370.89624512726454 24.228368826407124
375.0663939592834 213.84293244331988 27.570918372403955
644.1596574890665 335.07144869390714 27.92880073305109
935.254887701089 56.269063747646484 27.19697447354787
559.0419639828181 124.24381600757282 25.993542488295542
623.3684835054651 298.3413623481185 25.245373996947166
328.22641341213165 236.22927301575038 26.66806742629691
299.66457872878607 283.8568962536126 26.892889515194078
277.4448293805928 92.03053360565123 25.128353117471235
158.7371878764182 20.224307717091385 24.729729829087134
213.08322515134114 363.76846534296254 27.197125036503664
28.894183846005504 37.40801919903976 28.326453984659555
799.9497761606228 216.7621041899455 26.72905309528362
191.2575744523266 358.97734715033897 28.136689086244385
141.83329875967786 313.8596768100999 26.578570107975935
205.8740435635692 233.50402193669106 28.351179211583922
139.68140964853492 149.58887003389654 27.7630263270202
820.154537510298 316.41733068548575 27.964474554322614
406.31679567894116 241.76058290880692 26.13994860343557
364.143975874074 300.08743710086054 25.787227170609
907.6518703644705 157.65548665536872 24.717167204001715
432.64831765042555 221.56795956610756 24.8261765804702
801.9857137629721 83.4243769747952 27.867284194245872
50.68953223012285 285.04151153448385 27.548978968624965
619.1828936848494 95.170162542624 23.90406084655916
710.0610229540163 365.2796541687639 27.28739289776699
402.7237458061858 238.4290119625268 26.050323407556284
554.2419286833918 148.80517928928333 27.942220632135374
406.53709414887595 193.2593254445741 25.059353805518928
839.2883614596591 154.13236910921643 25.315915879975638
556.3129141450714 262.4574263571892 27.09072311637911
481.6279511430751 278.41319470471564 26.68987654243609
47.15143033876246 281.87689718577025 27.755312022394563
751.3835604912304 165.738005304088 26.606007985992292
35.819343755553845 169.51165407469549 26.07288052186657
822.7644666032861 96.6798387777319 26.42588280080368
510.8116483505044 202.740175238976 23.890909041399787
151.38260849502194 67.63728061586609 23.892347785490188
685.4906321347456 83.49715315041624 26.72933394907104
321.64993650760596 64.07247473417708 24.17120916184364
991.8015257930035 5.46774259661067 28.097893687329204
764.6338935267229 129.5639483451996 26.31501796976396
271.82760248624385 205.76668394186362 26.80863767821547
366.2127774848869 382.1495539062636 23.6742006804126
623.5063298154164 39.797725338596514 26.325134194860947
604.7770060594622 213.92751348739404 23.936945082102838
591.3137873237231 379.666232436972 23.57334192146203
224.1348002011796 106.26562624392557 26.45932498557855
773.1448399705779 264.96809105622106 26.130139476539863
167.14913939015287 71.94357773992373 26.64898931872296
195.85581399268705 135.07849812381139 24.219184938456536
284.7751332610636 361.5741824548765 23.98407454763944
983.2499257818728 193.04342231315186 25.317009429444425
268.77962702775307 102.91918813693042 26.92542292097158
375.30884423232413 385.4128732603936 28.4138311427758
19.078554056258355 130.18718659518828 26.453188197998667
264.2129666107411 266.1761917613601 23.514167437523305
792.2666534837103 51.77861789975293 25.213824272934794
283.530674549458 126.44351071737225 24.904465693722504
639.8591858807324 238.6782767447369 25.58251973998102
548.6523429209204 138.4933523723035 24.083079900336678
845.7125296543543 24.99313985044256 27.158454070910373
310.22947502282585 350.85067382147963 26.238281525121288
934.1090011371997 323.94490064641644 23.941794720040075
693.5620351987824 91.50221170378967 26.390768517360936
824.526611702334 97.65652677517434 28.36496775628497
985.4393482801916 144.27337911065194 25.078373579725284
446.9880502594505 291.7723916484081 27.436163187559472
460.14143029130094 257.61294014933515 25.964274905402867
553.2885292534711 64.52606255345623 25.01685994208175
856.7791448217189 168.13454987399942 27.37977937143443
123.91121577757424 106.27173960670157 25.01086694633763
413.902648833966 59.57784120499823 27.37433520784209
96.99611811179032 355.427028987046 27.350323545675394
901.7196397172725 61.453095439969104 26.816382338335924
662.6539300088544 59.69017547377567 25.781504971691824
669.097235673092 94.35087307102287 26.86837711084755
960.9062435644145 390.4967791764969 27.784245173406028
127.90471767445798 308.31033958027916 26.319121722865635
191.65767664258948 370.9225102604152 23.5042980242442
851.6992420893998 198.07394939158195 23.789551490489806
246.8087976068175 93.32254151723447 26.385849955637294
74.14279409326019 219.59144642707037 26.399428356534674
473.72294112466204 47.3788322671632 26.606411411952386
574.1271851500499 224.59973350215293 26.678862257800837
900.957492596403 310.10528714191884 28.33004500953465
953.004365317737 267.07554652602687 26.089032045348024
636.0363075276324 18.69248888154811 23.89581345238961
102.58227609062898 153.16363545411602 26.6615613678574
475.01338996199115 100.5601352657739 26.081801367795137
173.03265644655963 284.9013994084682 25.82826444035485
447.98500115450724 212.08037867824174 26.56331156650154
754.326320285834 311.52097731533564 27.26682590045348
826.2405116234619 71.34190711982384 28.195953892297947
944.3939885516014 217.8886721629403 27.47970626931814
407.4707274105188 87.99567657888065 26.176317422517684
887.417243108015 359.06840449218777 26.221335074230055
906.8250889306754 315.36236136730736 26.887585678532716
606.3651329653941 348.1477950449328 24.832503847105425
354.44256568519626 391.04122134735167 26.044562641581663
139.36606041233645 20.171606964121345 25.992719258420554
234.57306557413781 300.4442044373624 27.878704306210405
218.37551535281386 70.8647394493731 28.49490918376283
7.125718599301223 94.9400716474417 24.61239537027991
833.8741586600236 191.12479292679842 25.937952077492
798.3736419936173 218.33455875198058 28.47320656474612
828.3914248822705 317.10001479157944 26.94857190415028
711.9316847898826 331.68754054271665 24.40045563616019
206.25524439569287 364.87014492751103 24.83460898307087
31.698767024492923 60.17910367631942 28.352164265690746
673.2511737530784 235.89438445179917 25.757837553607885
812.2924454612233 93.8375824894774 28.48143959993053
298.3412675533169 125.80900837003246 28.339518810453484
86.04170854338977 27.1361178749288 27.2152587411367
375.12904539822034 149.92694103170422 24.490786658967732
149.8678224622089 285.2040447511867
2.426241717773747 17.04700915808828
362.7393122282796 242.37461277850403
381.4323429609802 214.88763040493072
49.737801666626645 390.6508742319697
88.42415045990491 185.27767739604138
224.69868329846184 69.0859319769039
51.1093383311676 77.21070740665792
231.15707880643885 290.75529993811784
9.794862732044773 28.38318298907585
136.43561169453363 161.6257224063363
377.971892855972 399.1827548724023
285.32878622988693 24.453477641863586
306.1802960886509 146.53133059585633
366.8630029920442 149.25741115767926
167.67071634594353 88.2298883334617
68.31439849147527 265.7403111672715
236.33534051642306 163.53025900116216
73.86960479258052 369.3602155614843
41.83176478971933 213.2368986406119
211.01800743068145 231.58155957058963
363.7773842225308 282.72024702376063
155.96681292464308 306.16390746814335
66.34484644941341 193.8008769632404
80.07377057754556 247.1744868097269
176.54225649916793 336.5422608196737
352.49504021576604 240.738512707442
173.91499422982983 299.56778034530214
109.94932962779257 1.3697234268478464
386.35906589476974 287.59576346574636
162.70216518176593 195.05143718261374
76.18899388992473 267.46464422246305
326.5774309761349 25.066719195433773
52.556568384419535 238.99829131714787
54.00654370632947 352.9043635325155
260.7696320085291 344.6396610368251
182.82844670274642 25.395322145350228
376.01343350118736 111.85928524116085
329.75712191845076 40.56268697863712
168.43009797624126 364.9228462547613
126.13613827014673 208.49605067190117
308.4649090104763 47.68067824065643
326.80303499326556 49.889664417327715
145.84116054991364 166.61970463934887
218.58935238479006 223.71138850638596
22.478576934433335 293.4967722730938
313.18539995702787 386.79807815650634
269.1234370125858 359.45037072365267
29.801898893399326 62.00083316691107
387.4113766631874 227.56577762845686
156.2635709927222 27.83173438861901
33.53745594155764 148.44682409098007
122.87336871368022 141.39200084488385
296.6606982285625 283.42574734752526
131.58850870264254 167.68930275611874
204.62384056815299 222.62049545604884
353.75321617526237 312.28039019595394
191.52187346887376 230.12713401251426
142.83574342091967 140.5031181046857
226.10623326559613 16.213028065962966
304.32065217401333 15.390254022208127
226.9646208011786 166.454722253105
123.1103485939836 97.68531667001454
279.86939245667946 350.3424239882034
69.4929019934544 325.20916045276033
24.640923321434638 286.9512268847771
87.9365563137844 225.15384732711468
393.3249841299822 162.8572712591869
118.67421028365182 311.7086240641995
258.4368810477758 377.5552057143375
10.244368436881812 382.7509119421172
289.47760356444553 134.21143345244414
251.85826328036876 253.16339152827015
17.880972323873667 98.6657050795423
187.66579835446038 148.6662413450846
175.00341534061388 117.17179333184187
170.69634220951082 332.8819022991635
394.7213039406159 13.446153047256537
72.45316539172046 151.67775798358275
361.65408730926305 178.17145301052565
284.8438749794177 352.66027944991095
37.984234329120035 219.18008224982
34.33193683078706 74.02217780689276
116.29836785270551 358.12097334031205
273.89773288858873 95.77257680628372
122.82704773097839 339.49096184571835
226.60066172510938 7.707902765061547
234.91381223625586 360.49014137894113
225.23688282698214 72.30959874466922
278.4969772720174 335.23897390396786
25.790476598331047 347.08289058311914
335.8413083886034 74.4726787866806
68.07888176939127 79.67880124537636
320.7092101419839 91.90690342971965
15.196664610726751 300.4698382935009
367.6147141934788 341.0465319915369
324.06466608672883 311.07793329454717
333.7563486401435 241.28784322004117
182.59484067338536 3.6812618788739204
326.67822980927184 269.7421182315445
94.68415525627667 244.75472755056654
147.66182021828817 375.28714800805034
102.45407421999752 118.22701414443073
280.30394524897366 313.9310878471202
305.8551791211454 246.86526658559382
155.6897013404422 109.65116921112256
172.95976351523822 97.02658177303762
90.02210627082961 12.448152765653608
329.96825722069735 120.74347368902178
317.52349299424594 155.4352077215777
278.158439099153 0.43889143693234267
330.8765477527734 205.35831803390425
205.70965291544283 135.39420255164433
293.4263931395779 256.0232309567286
345.5371820965509 45.421867571694065
1.8178405812601994 31.682200450826414
375.97526361071766 166.0225208487168
154.6954280956931 147.51189591482685
169.35013599426924 170.63446870594845
322.5466399705893 316.8918635435916
164.18785622938614 279.4115636930268
15.722128223352083 200.271272461944
370.00456813743176 0.29359694437536277
12.119700777062903 257.98955789643924
309.3300989692861 196.96159071917867
232.97202943694808 99.49484137887592
59.81898040918918 89.59831841495354
344.6311103089488 13.98211495997268
180.00588359449782 368.20260190858374
316.19574252752096 22.551271661704277
85.46584157412242 234.53406047914478
377.2812369791486 309.5632253982248
387.8425532089262 287.5931190942691
397.18390461421836 70.95042941557988
17.411342402133823 328.86911324735894
46.1458111910876 259.8162994371618
20.546347967113164 187.41762236544818
1.3785490690688462 214.73614369698657
356.66474307277286 151.15608629724022
124.95777091517945 323.7502863033272
214.92377605796773 339.5950963191216
167.65350327561904 307.1182621103227
329.14980040355806 164.55067495920738
142.21425556382735 194.48105782909795
290.1812075151692 299.2111843193475
261.5761449302751 227.15644700825158
138.01072817318394 312.2603721656263
251.9213120769724 333.87074225395
361.8153236841263 122.58653386143817
127.46314710852644 308.3081884772456
244.16526450990887 291.4355189710668
353.2887892133506 359.43758647611463
56.4069434166647 92.69372689359088
324.5426947967353 310.65364887054903
345.4173025962461 88.31524331328788
254.6879750187734 391.34886093401036
247.63058166172738 384.7353513711218
92.53557959425342 94.60970480139123
24.44157819398263 57.44083807471072
377.18431935614115 367.3091976171999
33.79238371278297 204.69573008533274
391.9678132388576 53.9457983784422
335.95294474645414 327.74893429892916
192.95796634174275 33.157021417636926
77.20884740463814 33.67875873404924
264.5270921544588 265.9139904184336
103.3727027400106 218.35711300921625
93.92444155278312 16.98143253839728
325.7389079750082 310.844396097952
58.77582221941849 216.30579463538223
395.304481299047 46.85439194984604
85.86800129373754 94.57208394160253
236.78178894284497 387.7562374281138
366.53300913233755 257.2483196517885
352.13226684651823 212.90907870534647
3.4002242248225123 54.01465295154133
124.053226501331 86.95280033559811
15.23759542366414 55.55207431383118
33.05292481247011 140.00654274755897
41.05624833205334 267.244191714492
347.45246183684225 297.55487382226204
161.6058147306548 189.42310322684472
53.85579432134398 158.12931739935016
95.8412901665902 376.36913146495385
366.33261781248524 340.7215388819942
31.894885103831694 351.35185269658365
285.7619015161457 310.1921170474062
116.53976290610828 202.57816867537818
176.4868216449559 337.7673096591929
354.08571627059797 114.9912998821116
385.6352313793233 165.044237217368
155.09962122519744 285.44269777051323
351.16270491448745 113.75291120651703
227.29708077414008 323.8368377330166
227.8785053607781 219.85186025885957
115.40444324262195 360.42731948691073
206.41770512151177 269.36215772987583
73.74367059353895 59.52042169470082
8.32614011120243 374.6726597478633
94.74564805456373 182.42075279246524
111.12768390074352 353.87755167081804
218.5506173132056 247.53145585328676
290.44667667885835 262.03539622723156
313.3074693902719 3.0998254779130097
61.961360612118675 372.0668916805847
342.73698983476197 258.1769990096911
364.16732864590114 314.3368228869812
126.97702131436563 109.93893988050374
343.6330972809214 357.793632025508
354.68070762856723 360.59359848117276
187.63309651467125 151.86847161564097
118.79222254359357 134.677554741321
194.74643525886717 47.163266576859186
125.37739245870765 187.62354371639546
82.21293886774825 174.28590922542963
164.33973946859206 139.05820184598628
99.54106560985632 384.0184709841312
32.80570088677801 269.3677730165034
51.06554595985613 338.332739239545
66.41576511239644 385.6474383793076
225.85548756078558 290.595225520911
360.71156810107385 193.22804961455046
291.57711387821274 204.6321208385075
254.261898424375 1.5523996749871039
29.618081724615706 236.15272670813275
97.12390239628958 248.25092948830715
171.983787118935 36.35805949221238
142.6887593471722 42.84529070607142
146.17896866514025 236.38930722363565
177.91424727707727 311.5859434436913
242.49109917075126 32.59917828975843
246.39982161228562 167.50839457052442
188.79520963741547 16.457061934224136
320.71286408382616 234.87058438918746
351.20298060596843 79.22727515765389
244.82789306583817 224.7121598350244
174.58177669770913 370.3875694323911
294.4937670151785 88.35453723966218
235.17288778736344 100.0833660377718
92.79681786736957 168.23866186930206
198.24089372041232 49.74127876391701
170.1412200700547 320.57561421995473
256.88948758049514 391.2935043144939
172.32085718529854 201.86320567014607
273.8821963773968 214.29298351105945
197.31014135696796 391.40005056360263
56.50935879290802 221.52707358218282
180.85431379118324 364.5063682876251
365.246166585883 177.56598570010033
252.89299879920844 136.23943562245154
190.14933348435378 281.00990662729936
151.3037588287671 62.969030795698934
324.64344743260955 280.0273448758757
106.40560990112138 219.25703869063673
324.55087628462525 262.10482936863986
299.11557815178276 160.0629870022953
360.9224374559569 222.7567820295006
247.60443854475577 133.37574793427325
58.4290324759305 154.27200945210126
91.75108027744288 325.94949704685877
356.777689827546 94.40170822771994
321.64775081816146 304.9003966315032
140.81844132406385 336.22182447250617
235.86191017168073 60.4983879816086
55.71171499052308 224.23089100568427
317.11330927134475 160.5667576991141
356.72896627692813 48.072441764264084
177.4781033002699 294.4801320693894
238.96249473910007 94.09926115413825
152.184970581393 114.82982275806859
50.423316325143475 326.3249528833872
210.52131852585995 177.40344230947477
312.709392723296 242.1363282593352
204.32071403093457 335.2038761920413
156.6293025304954 384.46824578194116
188.95585548619223 159.81091427187133
225.8698677111111 390.9707582906139
228.71464161514615 43.46677481527874
109.99914872044197 122.02637137071375
137.88973575332778 177.8451017596392
338.79948683745033 333.3035607323262
210.86542055706147 10.54098234689742
303.1283424021235 344.86067389791623
158.93858155913713 247.89767756929763
163.2077733220132 207.6424296143541
398.5636524219809 202.863945141638
63.44660284640402 379.53948058272
325.1646756950128 79.15402216534937
193.60238290523398 97.00967103674394
258.61067835375536 238.0601110149147
19.29339577097422 64.58745005820607
160.90363536759838 11.845912400617165
350.5740928205422 183.43636585082456
203.58142085280045 7.7272819203066945
225.49049706724 1.4275210939089789
201.79143826613063 89.02463819726525
256.2351005322585 391.05502425863557
33.94351829887516 325.149694704529
318.7241750709421 47.82757605369392
230.30395646159158 169.66715673532212
