1000 400 300
30 80 0.1 0.05 40 200 0.1 0.05
641.3285690128278 247.16716438564754 27.73407978384173
285.6493578262047 6.902989982120555 24.343841701039583
718.2216410210232 340.6448487717457 28.042219966405128
876.6717634311696 135.21602436891106 26.993234871512268
368.179111889966 320.2639095755761 26.815166754833747
893.2311214491306 265.4549937304896 27.86419306932452
63.9812157279096 80.17734337979246 27.119856649123303
505.87090584662354 80.68852926354863 24.345241499394636
826.9647894807221 385.8641248504713 26.021876968532204
376.7336724487941 37.78802192535555 24.20531863629972
712.9548611990833 362.5818983367349 27.93676962080501
523.7759113779093 224.46886576399217 25.906419923335395
117.44115823956425 386.040538988843 24.300836542931716
197.86012733992254 330.77972296767643 25.060745168652026
69.9912593376668 186.9904448279761 24.125835026073776
92.055695094295 142.82858762365177 26.495201381822866
717.6358979843179 87.66545318889492 24.30258480632412
439.59093370073975 325.94150830233957 24.133246552209577
420.0034440163822 250.29574546707786 24.327624629532867
815.9196102671582 181.64476263165042 24.96680994832113
323.64074818746224 25.664985271645378 23.601882610886104
543.0575114205736 11.67288903866015 25.668796476940038
336.93122239076865 226.1320562794596 27.294965134766755
786.836818271365 120.21041804363483 23.960777350364843
87.3804687018942 289.6224431228317 27.484092525271098
760.5308420057247 194.10346697043886 27.19403505565884
566.2266826187304 19.522897756866442 26.410783265919882
906.2967603911828 224.9058932927643 26.890226006514602
717.1717126459083 244.63648537993728 24.095816884559007
758.3323769509301 325.1823745519834 24.307440668781773
531.7114656752447 201.57841579651824 24.60541115816529
122.1720431378569 337.05482169574054 23.70719308790951
207.64318805970962 351.16803486916234 27.157397196025123
691.1701611562717 69.87787282028823 24.578496175798115
403.78650449803166 46.20265396532224 26.230817227078088
706.3154309333099 116.24162941154945 27.97924142131283
486.0957943133113 109.9379233114393 24.428038270810813
425.8478486808103 105.05303373971735 26.656992785208068
170.85870780510092 195.84940635427924 24.11426628733255
167.8425542721581 124.82052505580094 26.157333145742346
1.6393819359835637 206.7653875396546 26.701236681804563
417.4900990127819 100.78661423757791 24.586214823142424
379.4810570131306 175.94325143924064 27.772701354409865
831.1230566724352 291.29907036999884 25.603416623527984
241.4508194052365 168.56573041504163 27.288859180361957
35.37313278106746 380.61117064111517 26.049102209873375
151.08605611090687 357.6607401483648 27.621678810676702
510.82209062021957 229.7325354299648 25.978404161066777
335.25530811245005 65.5534892225329 25.726625758878882
898.1439368292416 390.34390341629273 26.855585329706848
744.3246991920607 336.34448267269397 24.9589784492728
88.40554833339365 119.21848814166079 23.967193442324096
304.6414533752693 6.025606664996674 26.80192103550128
9.657915391315663 225.88833386267257 27.402143095904897
311.9065126141923 247.90140743012913 23.543047569013847
135.34187107943606 162.0340061414305 24.03711585027712
128.0776884766237 368.92734486241625 26.966768083967768
186.85909556749013 278.58877097841247 25.10123349858456
599.4684042413836 288.1142559281335 25.720227729782007
37.80401413809098 240.9111376585913 27.989665817402575
625.5060616950168 105.73153223610548 24.754466903497818
440.0729323809894 152.42180281469203 24.888597881342285
151.3836186472789 229.87373440846704 24.28225458668643
355.99523105216923 85.39937109976714 28.472597495072893
218.14658505198094 16.99022394081693 24.96780798639961
603.7771011303357 190.51300862429792 27.870542790440208
124.55414877991733 250.91663593779185 25.556804077748293
398.29300245383746 34.21694876007795 26.370447352705312
889.6538859412221 270.24561173179217 28.149942022902508
622.3603082271194 19.169415995926986 25.971154839634025
66.11321832984407 89.73369427051558 24.6489047192576
206.22527078039343 144.945997365578 24.086270574513915
164.02499750164867 174.8154872122931 27.185895320220638
470.57540590741564 75.82213960482433 28.081002771477255
984.5972708708016 239.88871742000205 25.259819043172882
330.8638364339148 154.37962326231403 26.165853915356507
623.6656166750051 165.29630086754105 26.8133887617218
732.3375785618815 132.97605364152463 25.694237948073955
736.5296244842308 173.06889036603192 24.112539345707873
934.5398779806807 232.28208861099873 25.497895830556384
417.77920422641523 269.4554953600733 24.346028881468673
374.2144019042172 163.46692677086568 28.35009953068636
161.4903505174552 48.76413267000457 23.709330867055826
873.8569728985603 198.27660257367148 27.449619502190778
356.7518639338481 47.51232848370761 26.03010629036195
231.3990464473662 313.02947596979214 26.367687524699583
528.6306812908637 23.551733418245835 26.93679487697723
510.79729893113534 86.02806126669495 25.767012924224883
552.4634109671723 88.63505028090479 28.16814883183507
174.1541118393749 254.38280427609655 25.379466004669005
706.2222743224078 315.54028667965486 27.917712888064017
58.286904197332625 40.84139065173238 27.882364732428595
147.46256956843817 236.81005740527442 25.448042663165957
841.6582900730764 192.7428680860246 24.02930995378858
33.214552780367114 9.605342074565248 25.486473220537672
294.90638956149417 126.24922460351549 28.42899249732946
477.7026768785373 392.0669582896779 25.815946427896503
217.88345389640762 275.8749185224172 27.905011880590457
157.90667127391444 6.627225353729038 23.73616867415003
480.50358745510835 292.11580799532084 28.264036524122787
34.0416163758247 394.37160596325987 26.724389405177412
180.57544958185946 132.501616945216 24.32301647784403
113.72285812361704 325.01957839133803 28.25049441404581
270.2851155787771 321.23700144062633 27.144918089077613
826.9676000273781 146.32712721056 26.673859299218943
479.60649945978815 121.08610779955553 23.97475045676276
625.7130013797223 155.41531670397694 26.89236350543812
359.53404660254415 223.369610803746 26.39353790315524
217.0202966591922 167.151315743041 23.646845366630636
394.9132671819753 216.71193667256244 26.67926918994044
83.78328829012649 249.4548518741782 25.373698083472814
494.42115750822114 85.07624952714838 28.41451820677809
950.1347248324117 194.22672406031384 28.30772254891932
586.9291336115647 96.98542574188144 24.566042541193784
779.7941339356095 191.19948667584632 25.27713932012277
356.44782611945004 10.72496456976455 27.80976609262556
32.6429638431327 59.84799168242798 24.710020798618167
383.86530708532797 108.58863816569553 26.93455200639974
885.5457662424504 254.77108280643392 25.740464795578053
668.8782716382673 304.4363166600122 24.05136566471015
194.92633966311013 69.61896324284287 24.71454202008913
950.3899491225634 204.31466024350902 26.80397554991398
247.3045241625136 94.39725803436896 24.64828368101867
683.0902026622274 244.72332842799344 28.23827846471017
25.71935678916537 295.2805328673057 24.377448524193664
451.20047099059593 236.11976954614752 24.776587026096323
389.90579932707305 43.119312455925126 25.90312504045789
981.0921509906266 293.0231481862406 26.369564304090712
410.8233365414433 368.5778761269355 26.21686115650554
460.6791338916795 172.93033672566474 26.292596581565245
159.6022364040026 113.99841443040293 26.169320656818496
277.5267813497543 154.2722305845859 23.817804391074947
680.4966447689047 324.10432352326694 25.509672301544487
476.2672580030295 82.64539060143336 23.65201454064816
189.70879545681908 102.73363401459154 27.398123449516063
620.2997278768381 172.1300531302825 25.281141139535617
859.0451215396588 387.88674815530896 26.60718783828709
468.3891602155418 275.97878554738344 24.320717816328113
846.7289151673227 283.18345164698684 25.451291903270324
73.54328602132387 93.40940472316639 26.430822015126314
618.1453772658198 144.805993610357 26.688880780861137
943.7016537416511 255.48825248873274 27.02325393529628
507.0290438993151 67.36067854143806 25.24290952361284
619.9454311943447 75.72459958645416 27.75336244307261
962.1900317507896 41.7735296534409 24.39795183860862
11.140804874062106 246.3416283430591 26.95401439402903
925.2613172782271 69.04856960165904 24.015497887240663
641.5442074939224 339.32181837678417 27.71241928603543
319.4529900600148 294.91395130190745 24.420554506581617
421.6824179005947 306.0735772962168 26.111266911226373
85.61724402525395 65.26439234829593 26.65652102387618
928.9082133636306 78.50917707176723 26.325193487482863
577.1301505675423 367.8309094665216 26.282460064443484
502.92861388795774 118.78942103022175 24.275131219605896
275.62809665088804 192.37454293819906 25.345166831069793
728.1942308911592 350.05707806204487 26.561656303416648
681.3183737641402 274.36226993249 26.44259716060563
328.57751345428676 374.9757415155574 25.51093948682383
189.61009656647053 143.74348613016585 25.29683118817341
863.8931953355748 45.39261005246718 24.6321197522235
724.7544018293512 233.0583724941759 27.162319817665704
350.52916957040514 121.28060263504219 24.28352045264849
654.9858945273496 353.3771254359815 23.944020761391883
472.1460688182342 330.3647511058741 26.22965036150445
965.641804465375 61.94538235991591 23.622417641339947
77.8252754098523 35.32910868561121 24.31580223421219
79.59608660674434 155.0990329994566 27.55742566495627
345.3316626141738 300.8105063709406 24.138548829420255
960.1534196924802 150.96390342919776 27.34679764926213
211.81625137717108 38.84362774985113 27.216724676328695
941.7479424000849 299.3762932878436 27.069707469172336
323.19842028957834 254.10497869248064 28.308599214341058
949.2032136503663 285.8011027414342 24.172432870318243
940.8943379679301 208.04064538757916 26.638808673086206
587.1306077768866 189.98982520376813 23.71708133330628
569.1329105465035 116.33163835957889 27.527011466482037
816.8400524312123 220.66270843389532 23.779582888147203
860.8263599360876 173.47954203876807 27.304828731782983
257.85950614359865 170.32202717814164 25.06006668480066
942.2277939422621 391.66211973653355 27.195964807635697
333.12343234419774 308.85945549114473 25.164459895660578
218.1658211377333 122.24187281555379 26.66588811169281
658.7949964612808 144.11291602258473 27.984812491111278
16.632141211650353 314.98805526942 25.443380647550352
8.599317399978656 98.91051871262376 28.398425168216853
874.4185094957035 123.52251799762448 25.21979502699751
464.913579734314 158.1139650339869 27.420199684773266
609.2382358167724 290.8006063950245 24.858032887048942
720.5013493873655 390.19482843854803 27.573465284217754
557.5816988099913 194.4174572969769 24.62899423532855
990.8923796182794 304.14681655161127 27.73345572338339
955.077723895965 390.76623374085017 24.54732830517547
322.5615238034343 216.00899374548513 27.983113582270917
605.3720934501054 105.89597695284306 25.731404151418342
780.2005982911397 15.65255683599407 28.088310745563142
916.8722457528363 59.40084321103005 26.967069722734863
720.821223901063 183.2189865796587 27.3311418990348
510.9029610923179 199.64813205783543 26.33536696155261
125.8746591524601 138.89491394103382 28.464760236500837
831.0018352218556 241.6969500430283 26.067236068487695
387.0921644374932 346.52065403132156 26.097267792268976
156.7663631012899 44.70167443454165 26.33151720721199
508.78606310369514 251.55915170919872 24.548289251428947
776.726974835958 298.51235156346934 27.736293930344583
989.7238443733945 331.6523233696901 26.11978064419685
667.4214705589014 208.4053698361745 25.139725621481414
631.5942889497893 181.56658973713476 27.298953964555448
208.81814109476127 314.9811897500104 25.308781762671096
748.0926581267822 145.7308998479991 23.979408091249667
322.48552548175866 149.57930636318238 23.838380310041288
137.7097366218808 146.5024788072372 26.70700150505981
15.81935302079418 334.1619288311962 27.026880865780818
262.73505171049993 24.210984296402003 26.886906640392276
954.969117768478 262.33529300273165 26.49611363132003
234.47426599344269 389.13354230866594 24.031753239416727
156.99029066636328 62.589787520933136 23.816418252272655
937.305223646558 362.7946084629861 28.488774262090597
708.6929184423298 7.2741353745565895 27.242689272156696
288.400128710419 227.06915784647074 27.704260563520545
90.54388918974831 96.35404480714666 24.551220516886357
691.5456092578552 268.94736187263817 25.311147972049973
948.0681235484229 62.46934510039974 26.47611312327833
27.69053556371137 64.6987592248554 25.051785175854274
234.1149366327382 305.7741394743255 27.1369642197386
466.21615311906294 341.50482159874065 26.461361830313773
501.1183507842234 109.85007253290387 26.307133244287446
273.3981184065649 133.1155964950194 25.073443185646592
695.4668449269716 293.7012596720415 27.246646630126353
41.436197906049024 348.18127790229806 24.699806432132707
273.06616045414546 43.29923728341232 26.890147278588405
125.46028409381249 128.81575383504526 26.661390973111416
477.26304461493106 6.925546713455555 27.384525595126465
929.1508327275902 319.62091127778166 26.081644326767865
593.0020581898369 242.9858419069423 26.68113544089122
253.48335052822745 114.5388538489735 26.920722101594656
294.30060622253853 32.12191884591973 27.143854679939032
558.4409306904373 214.95961143847424 28.04859874071952
450.10019305568403 106.15365482493951 25.89858998661119
384.5299248042573 225.6954254900995 25.593779917571123
44.9233176993602 47.220738128806246 26.055966073544564
649.1543987586214 337.6939534089111 27.125450269150928
38.53914666442737 57.79159471326692 23.542511923168163
241.29727372244292 93.40391362748521 24.04088377103249
850.4021108491768 326.04280471887444 28.304229883334642
564.8436045832265 91.9816853077665 27.244036061584325
761.7325082950151 385.3141686286476 24.249401504071372
63.9565551614012 50.238172556741475 25.76950210164261
416.8913275221794 308.49096712181415 23.796146218578436
550.2519058065308 68.32655120808423 28.179463589963596
46.668384025049804 49.58356175887406 27.02776377043012
447.5564369496973 327.3649910224898 25.137698015281572
284.1387011409046 50.54413468971748 27.650301712577292
91.60013604145422 233.9279937858025 25.638913012365595
988.1030814351295 120.30799486521899 23.529008956097606
544.2766093264432 381.82865044751514 26.58520826515226
303.4483493383625 57.75228700037766 25.062148880450767
189.68148536928732 376.8048109933027 25.19281692766155
980.0488758728446 67.05420923493249 23.962724694565125
715.9500078515886 210.31818272430888 23.566810472207113
434.46562499440165 182.88443352210018 25.763544879183677
106.28107763445438 314.1297124479628 26.48137164560137
98.44154767871294 7.814931440326456 24.063149645301895
477.1554622887565 210.83077699543819 24.277666525253718
666.173261491637 132.83443247282295 26.885710166404035
133.69458773648378 324.03984059701526 26.966244757710836
74.06844933211765 175.27537632496646 26.655280732039646
42.81486922700539 246.22311088097626 25.26912571203235
552.0585622730493 281.8428214386609 24.97374566351205
145.12772936949548 396.51661152335873 25.928011931500606
238.78305163735757 306.62605183018434 26.354396792886146
986.6118802131704 43.7203982576678 24.15600406586467
502.731692990547 327.5458494059573 27.183075070409796
110.51658423244915 222.75629710169952 24.43426738218962
840.7277354777221 395.97196398769984 25.761881795751492
427.68263704392126 332.0310463462391 23.812649764950244
601.3452131699528 53.3161416545985 28.314150992725132
407.8160177106658 353.78069158653915 25.621516194128994
605.7312521797196 269.09178599462524 26.19308638581494
792.9106043085105 372.7931604528344 27.74514239780514
297.985936068965 274.81235689831095 24.311495993865456
624.0621430907407 257.86563726416915 26.84587353695097
372.243170237159 348.50358483238443 25.489562801510075
550.7916805405004 385.6568788520143 24.710760532008955
898.7794672709075 150.60854327704752 24.16662089228671
623.5214696451777 292.69319569752923 26.06325616340671
46.11252387155107 172.49656061200668 24.828363375685115
380.21749173823724 396.3850637012409 25.13339563900226
293.7693827532382 226.2269093283904 25.821593078117992
961.9983952524482 281.9612248052535 24.199169095964454
9.213299569676092 314.9917941108107 25.645194561238924
23.65846549087236 254.93264297766905 27.43487538893771
864.7019887079506 57.850838963526876 27.67100182553442
246.87926852764974 247.5124568955923 28.261351696471046
472.36505721911635 123.79783398192403 26.83606616410146
579.110404022942 175.54325817374473 24.06719994164859
979.6691885788043 226.4480765394958 25.604795139268894
781.7502363093828 96.87320721059707 26.535463021865304
88.19158635704083 153.03020147523023 26.293682492953224
208.8015917619147 343.4799228484223 24.789485013182972
916.1310416182637 204.9873516135017 26.22293964659037
316.9732098121372 302.4199937585075
310.7720371280583 173.40260757972413
311.16687963419804 85.6134841209426
74.01596055083756 313.0844480499263
6.875418669439037 182.86445541811997
280.8845161058295 110.80638922636838
283.2164405038201 32.22034900178063
275.86062252468946 293.4039197337851
179.41524743916176 282.9464436511612
341.88499246318077 89.43870436432194
165.40166751388293 311.1308700928915
362.7675784270256 330.7481562863261
146.46647771033875 3.9225185687774555
392.24770219180243 172.60962259775008
275.7687397378327 66.75977223903922
193.53331344283276 140.97859800181243
219.18892009207437 231.77608095446297
215.10323167515025 20.338568274766367
250.225313049798 131.89646888284247
233.0090184760982 363.27828419502464
248.3348518031108 53.967407893477095
16.86654494047586 332.9902094885819
332.32211477441695 295.59028182564515
66.18027633591214 182.46214532224928
281.08384444673476 24.157184371824414
115.59643101398392 329.21219767161904
77.21907487744288 172.91551537553966
322.13440546448214 301.99522117702384
54.71835254046917 7.7162748745963405
24.398870471075096 215.9871087942614
240.14853190463802 359.42895084346355
103.22804449058162 75.53146090105449
147.45267327869067 140.83401558735767
75.18694097304186 108.61114728628411
119.6880116433277 253.13217386633218
114.76736568674188 104.78551170133312
106.72765703831443 336.0377265268929
28.109549285688075 158.41213356587218
326.1551196943568 226.7513452216102
190.5135512776566 111.54998214063396
175.28383573009947 266.9358702363766
11.961666195651599 346.0192260256795
245.4368879765123 333.1468007901945
9.325941539734783 391.67075080518725
135.32527996037476 264.9972315259665
40.88854553499637 97.9969013410678
368.56633986857173 226.66507643085163
298.2553247264975 58.79277343415641
91.0868193231845 61.178833976412776
52.69630868686161 384.65573037671334
157.35850374244814 283.2457702451708
317.4000370399591 185.68889076937535
110.11710666089063 5.215000469236042
114.08153373504351 256.85234540673457
216.4185829681794 2.0958350160435124
321.83713704666417 50.98414683438399
143.58991921441947 295.3799068925017
138.09223957099312 279.59119850940476
41.8346283732896 271.7437162788647
195.94136150153975 399.0881228814514
145.95638909767965 251.53645053802524
159.13290114087434 220.2406290411255
316.86731692914105 183.28590198637437
355.4042372468269 121.14775797260538
14.25046363013851 164.28361842626225
310.8257877985013 49.17559269144913
24.949322717721678 373.6383379693539
312.265880315549 64.8332061368413
267.36024325860075 353.0150668061255
152.04135929446318 210.6596981738116
350.306696196854 181.60522449015022
398.27202678001885 180.76918616836826
85.57759594984108 165.70127289968428
286.410056070739 21.77902624328607
236.5148719277212 399.57769279472245
241.86874004810676 313.42432334411683
230.73865704211397 153.20785987039613
120.62800083415755 357.240159539066
173.301705881536 303.6749037822761
94.14726464196531 244.2710374730305
67.26753893138748 350.962542511561
106.8692490814609 77.84500225111448
81.910123746228 145.13996339005132
399.051700639816 295.0284020495594
4.435993690775186 100.78320820691262
114.6168522295858 160.45483897031679
69.33279029067263 385.80327727859986
303.1617274166824 298.80054978550356
380.1512963745995 145.6796432449143
77.22548725297943 387.25614913669386
121.73138418756918 260.4257543162787
300.36311941001566 46.9230224705349
306.5850056788266 230.44134453286838
358.52794330365396 352.1406949903554
107.3529568978322 348.7344248238825
306.7184285774762 19.329691099492273
97.9549740174341 340.82403110053457
184.79811490766753 242.01238453859085
359.2558080257606 339.962880097911
160.85034679493737 106.25268295979838
200.77330838993524 214.1472149730956
187.3828846009356 150.8333231356461
8.157460055975951 72.70919156059237
45.150304656139454 129.06775982292706
46.87248422638315 254.11549646711435
1.3155237364351091 384.2217131408947
335.71723938720106 32.923629628423654
23.124703693002324 68.09773592511226
349.52241789320755 282.67589282537216
365.22294366175703 112.41392286475124
118.56586477970366 392.83877806247307
388.19141298383283 5.186448426570145
62.95080435433577 261.72389206632226
67.83948262348196 229.40339916919714
33.394642518675035 173.65457548869315
219.238894385879 288.85565743793626
125.57925446981622 17.47053202335307
186.43958145896028 376.0687538729628
93.41673199524627 214.79070997825295
38.26059033970011 129.85749857178143
207.28777386474357 300.2832411530766
162.50192316337922 185.1036953480042
186.51294689696113 132.51885963311852
165.37694742250136 134.93495153464448
381.0201029495427 12.812708305283094
359.91752350314806 105.56113247708691
285.3746898198581 350.78741070291437
66.55767681534712 386.6027599628131
139.04229611163683 139.21843756750798
251.05427325767872 64.82409553702327
199.95641098817575 387.0509465027359
89.35668744627945 176.7614656928519
74.16717588861505 208.30539544776485
275.9903626361799 325.8158816436477
42.55012630895618 275.9172310451434
281.9722184684489 1.956792994548584
46.25710868826549 23.38436776537356
320.22927024570873 197.26201269866343
275.7945553207988 113.42395383391914
290.9446634596969 128.09723371190796
154.3175739528166 291.66833516577265
256.20857728386113 354.8163389686382
313.93128015358826 4.757980594442746
32.80461002246602 132.4419645317373
134.49405975948764 286.01760085830193
93.9152923125754 230.86404014905716
347.6204890386805 398.22939128942795
134.9835603483847 330.6718728196463
104.28480145817409 371.8459526707553
185.92012908059883 30.813770616974303
362.6288515177517 88.31296972860541
41.299835564779166 96.85605768135126
73.28182779302841 132.0005304348117
32.14316347088584 233.69165006122316
22.701829609587953 70.56949466643592
177.33219201233567 184.1263651321547
140.75278640527716 122.42778510427344
329.6635176765019 334.84940877860515
386.93318367951065 331.25952947899407
270.99362544907467 253.872368735973
200.3761949582024 191.43806054930357
212.88544105689007 288.5994216075704
131.944027934662 354.4619619664419
23.617882389164446 121.26944102351733
72.44237222467467 195.38137218322365
129.37334935133848 208.5888772029332
249.18386348406852 229.51005395711
26.871163512432304 124.95228234751865
283.83281160722237 243.54672561043213
96.66829600963456 383.72578384058164
87.66631641573639 141.55726716076717
120.8014817286878 128.64644817647215
216.09030805543807 105.09766568106147
385.39841049465394 167.46918660571026
112.4518389564582 128.08555044128966
88.33828798270278 362.5704113580303
41.892419056539595 310.8563842397738
173.99576837617352 398.29619880587103
49.190026660780006 84.16845330397473
81.55473499676344 212.42063776864265
170.2407643789818 382.74897860664896
220.33220720903012 109.15820756121057
385.0340451331544 99.30166434097546
275.0051592540843 363.7521433352299
20.6786230554155 123.72437087173198
95.58661559979211 383.738918998066
96.23951822627271 108.61339009404904
141.45026764905631 209.5670674699034
46.84935314651493 0.9593220888834075
225.65608130507871 317.32662385991273
372.7605828160909 341.2671879792564
245.28246903670475 128.92377560700052
229.70815535684716 355.1621259563074
285.4236194807899 140.11320293045668
210.15550083956174 148.8695823060715
348.9639950596368 344.3789275357839
360.69961365710543 68.78738924731059
391.1947268544667 260.73243487703184
239.11428633631076 96.69514558087839
127.79012233486804 166.0750987238802
335.21360848968607 225.97443291471717
36.615420355167046 287.8500156405019
62.92097361861706 300.54143075172783
88.29011951718377 330.2863883445748
376.63201485030464 397.0219088871259
217.3842771742117 187.6178907228455
73.16289192373651 92.02629055295137
385.5784309969825 40.234502855373975
11.278706316826392 80.21097872580233
290.0707980249419 234.80528267653523
13.999563732230813 195.14006199370436
134.96850319230438 16.98794255604623
314.5854531517066 333.789616377838
10.352869855047464 115.41901216665642
265.3036487307538 296.8651551292678
313.1618218174057 168.25656241660116
48.78604183412216 330.9305927908586
95.98552162962237 38.62558133661133
314.9864284134358 194.67554502080665
244.32465251431603 182.89426871386837
12.451290574925089 70.47558839585525
359.8137285768789 15.78751354022625
190.8204470154132 3.7285778724273744
166.3649906448621 258.922137668296
22.17733883444506 176.27787499436423
158.1416343483804 364.4264092304101
322.0716100575487 206.56174224307708
72.72215004471877 72.88457754871533
246.73981089046828 217.95621273212853
399.7706991264491 194.92531637531135
201.25345454355323 28.106753737250667
324.98162468695665 198.35098434946588
314.0262284961865 285.8723411105904
61.019313003843756 337.7828424095659
316.3159308315736 318.83357128949206
31.627590471770084 281.3754320413552
111.05928161613971 253.14458156836136
252.03633796488316 69.2314958229911
323.5812522691491 28.836756031534392
88.24560062358451 380.72683856015215
297.42344254854015 57.51011833864972
179.72113269426916 293.03282446523355
131.73936421008915 255.6767640349749
274.4880296668583 380.7021395933909
252.4073804301563 35.84838868805819
252.5624728788378 336.26176416291867
267.21544247079606 348.7885630567026
303.1146436280754 84.33501563731247
76.17464653098315 44.17808069738896
72.70893612965503 16.892827312688
391.22194006203074 253.2701854416016
16.420914020121067 294.8125523928777
165.27527508950945 195.94035148403592
360.58326849781093 341.00044669900876
138.8077859687398 175.86362817137285
25.366527762343605 92.91250216219909
382.81062406442754 151.380528588255
357.3531139567001 287.38614294315926
150.21708494070532 355.94062578726283
186.71654071925596 18.27345180852045
143.5640856524356 390.84112497984466
350.57078773691524 37.444935140403146
64.86986544222258 224.30587108831514
213.50779688441784 162.31057984225254
34.41007141424848 204.77831417847057
268.29441826212764 308.0835230208429
348.2775078456303 332.6300394596945
14.152986386646926 280.5893827019993
90.31389291776995 33.314698924400155
187.0030759872059 345.50268701305333
122.20513477622875 136.32524835711396
255.49493156254434 332.46989484077517
346.2348443928791 288.1405467149689
298.61831223460973 37.656491170398795
68.39362251550081 13.675376347254442
145.12354281782498 355.8339883223717
185.24524837769883 89.57631670284836
381.9446995082204 103.20069063565205
376.1536375596933 4.033762961615661
328.26801862027656 284.7080649415847
303.17770230545676 251.60870789585158
123.84174571669683 14.742979267765666
204.14435426044076 247.90083595320874
94.57666876196065 17.59387856510606
10.113188664144124 147.7128892415704
135.43984233085928 214.20741652153743
26.64907585032332 211.69402926122086
190.09700377882172 144.31977984516342
289.02255787921604 190.27335313307083
8.712520559527137 78.12563046100055
334.6605906137422 280.02267834397827
229.7684488036909 239.22499285272733
331.8737157457595 156.41589496663232
258.7178394810854 390.6673118309838
262.0884706048438 198.28025916556936
205.74031580015478 128.48939757653554
173.5172599987204 93.06324075402688
296.8210401442903 382.2224440758272
207.4010105624244 148.36648762321687
86.82747291954556 39.421371210339906
