1000 400 300
30 80 0.1 0.05 40 200 0.1 0.05
635.1149674566448 198.76077830729633 27.640422195201495
723.2387775308691 121.05068336791831 24.957358282162627
890.6812266489993 79.84306366373363 26.109655103222007
721.0400827876093 222.55043299219875 25.33621850656864
68.91074569238309 363.73038628608873 27.01264422386701
261.70477244749793 123.51593534550696 25.423446365023842
682.8206741062737 237.59592658713413 28.417059909465728
615.0010544814463 277.12955467453884 25.660163763447887
330.0057385025118 381.8295829083457 24.88718887615329
954.3676623956072 214.49118060913537 27.359303924869543
585.078957830693 121.97045461939156 27.06516895915305
586.1987522202567 291.35922655304734 25.203119227047736
149.93112977351143 303.07883142310675 24.862136811790513
982.337506237683 242.57327853755473 26.73218192801955
438.4467598333942 382.0279641622935 27.445163002266845
185.4683697067322 34.19522929373522 28.17272468315815
964.7766114713614 198.66977888666017 28.056404317153298
505.17079920567596 348.2128705295157 26.09681352285891
600.5753186127095 351.3016721984214 26.956431967355282
618.5525770742095 336.4644504951661 23.59771923800764
901.3362279603151 317.28674769298914 24.632666966591497
691.6273503985907 75.59168540246057 25.57160679296691
69.04015585287249 371.75989552037186 26.091621585309664
388.322549025932 23.39132851593093 26.678844380543314
621.100260496566 105.54151436903231 26.092439663914977
309.9565068674852 342.73849619909396 23.888256271153946
736.7275217141458 160.88020735947705 25.658140353267953
670.3410127603764 189.87835655080008 25.63179059805936
423.4301265298736 317.4114355272178 24.99599347459158
755.8561360992613 370.6526620716938 26.38351681784003
819.8408895480227 391.4513895037044 27.99241844345394
825.7897242060054 106.22362932146636 27.465639303302048
967.2607221687463 73.89916785306796 23.94045114668338
690.19244360674 217.90757739099868 25.537235322566072
441.40666316871034 33.797919901909346 23.875752985713753
859.1039961637321 181.4116828047605 24.172475160316406
147.4324302857123 357.9604791346815 24.403821213628646
221.26546968934747 200.40912980478868 28.239837959553185
14.292019481703333 377.6999660434569 26.806858247642467
999.7267533488479 38.06707004106116 26.17982602410716
57.2628681364753 241.07452549967036 28.430889130433222
797.8486446305718 396.6877449925721 27.395320660401406
447.6298455274449 6.359977964494412 27.32628077026358
928.215671460409 267.6130484739327 27.6373084445901
583.2265954589418 136.6593583624093 27.09880514488989
679.4274623421741 247.3054510644654 23.732392678607518
299.1787985576584 137.3450630904393 27.221630369100353
476.5067072853745 36.13104635711588 28.17233674092474
10.618060997218182 361.863309821279 24.25586483093743
19.006973146874717 352.66272069939293 26.806777164546844
813.5297414553955 275.51244384363673 26.670112641236713
910.4576220134655 200.8695897571656 28.1569806601804
70.83161016260242 63.091252977197954 27.176398022432533
231.55339214426084 356.69282762651346 27.131768711140147
322.2017829280547 40.50351955122431 26.6961418317443
149.86592549558208 174.3046142187594 24.279029774832185
131.3999653078999 321.952590196828 27.51784449531726
427.580135609389 274.6346223661023 24.17200583716959
736.5548924801162 336.4700309740778 24.736849035938253
496.9754157982915 37.10608536829749 24.30505299916433
719.1901914285482 7.146344046508002 26.303006859944936
266.5842858275228 181.27782336897096 27.577012430753683
838.0779879304514 124.27405346184135 27.617091891763337
629.0560634380055 153.3190636051752 24.36171632379433
275.1640422349535 74.12636871592709 25.581137958584947
628.9844886659785 21.777966933895556 26.5164174394891
762.9949354448486 336.4816597331525 23.83810950653112
763.9622904350626 380.52037617838397 23.843848083768624
965.8679679825253 338.2182166103405 26.945931557577435
17.906785216888267 240.3412949985521 24.307862261102304
489.2633914000184 343.04816114935284 25.78025587765706
29.64510824023625 294.6654000874302 27.183719757594208
522.3246028156965 258.18714298436294 28.206652231606718
583.6101090536113 142.78300660509592 27.7014561705792
263.92402907252364 30.671077631416345 27.210284943362502
159.41350960772516 263.7922649950059 28.185733470039516
441.2569593478072 366.08482627477633 24.22055046762526
113.53842715058448 17.1654207739782 27.201243355783998
757.3909824977885 1.36492422638117 27.36744750726575
694.3112391193373 306.7041891826422 26.444188153584065
466.5830452084326 65.5306887294754 26.200377367273294
249.93206334484387 232.425743362583 26.66449453955739
298.6567402486543 25.890269898351946 24.880201996464667
902.2953287056318 262.20366216170413 26.519017873707362
70.8771126278862 194.41154749215625 25.710223880454222
584.6257540998918 218.106173069043 27.12374053388412
831.5177383571461 105.24735580491881 27.836627501342953
620.9727867775048 71.40527958908396 24.045377885822294
677.0013222664815 209.31171780612837 25.056074701512113
137.1065052515129 399.0022843265821 26.324314417162956
236.80971458332533 98.5230362945702 25.496668716186743
196.47234733646678 140.10729115540505 23.79767622649131
599.3697514509672 97.81373933649351 24.864383450454042
47.09939169619793 16.748820526937447 26.861769681891523
389.2744808201757 67.95757905939506 27.393128865044865
625.5987418365147 0.1549049995431151 27.917126545823116
142.31385503160033 161.13780047320785 27.32263438065236
106.89532132359591 116.06486814542643 27.038897690508062
760.0631002877096 272.1762306813311 26.920870527046464
911.7367171600057 28.181579793968048 28.044125799191846
969.7768697901155 33.41648064954712 24.830276494500346
21.329264522994883 206.58394571958135 24.64116457307949
537.0123904468479 306.108526149743 23.95996580007032
517.0428802917922 207.06771932455587 27.972735279911767
756.0723333627724 115.22915091695492 23.67657342661693
14.763302926234845 31.89721001163619 24.752240799198177
114.71553421305603 41.196274617147964 24.618585294988147
634.2833477697974 229.90915553984786 23.664269686081177
241.69949184245644 397.848770295233 25.823833443480538
604.6244067556138 85.64145975535853 28.497900469912715
405.03967558324774 362.06959070535703 25.81519620904389
811.2457399828037 248.2411428333116 25.02047848613598
151.21643303131148 240.98175131780178 23.930140469141506
29.991215155594663 10.166575966197877 25.216914825719645
736.1261300963528 25.94824183673836 28.14718522377847
238.97448221476458 55.7164602434105 23.72402634791333
981.92944046321 40.60987121989146 25.39512816167557
961.4205911604056 396.52013253155656 26.01167023122677
144.04250894794944 288.6036506795493 27.31430635675056
762.148000348346 75.38961874732925 23.704959130334174
442.66486814651415 284.87121376145757 25.45549791220714
724.6489268410653 375.190159576582 26.92908895731654
616.137598235579 45.79529475532516 27.2803960916128
385.73782214071485 183.21203692234516 25.386566239182628
311.14789180015015 44.7451864432868 27.19389870674758
345.9995997368117 345.25011709467685 25.164034550511655
318.7837667756477 331.67310041142065 27.36558582442239
736.6589406698923 152.29631574701236 26.802529598715026
686.51993490268 282.63506092693746 27.75544934026712
271.2720095473844 235.2531329083619 26.66273575125199
34.573958990491874 95.71568938727899 25.56378055783518
592.4414176815644 341.9609234544412 23.959471497490615
40.28457433653387 285.7692234883363 25.090598505895798
622.5842610342849 22.425989785147227 28.33286200979289
945.1731539859242 47.3523474477743 26.576462402019736
211.0239388534987 382.51955704133303 24.444996085778534
114.47977924721742 42.67078014879719 28.16118118056811
339.0858132619934 57.41604322363783 27.7397374735394
525.9068824743104 12.495013593048387 25.343916311615136
786.5895095308487 221.232672997618 27.2510393853738
580.1314146711851 279.7731218011795 25.75844540917201
497.6524143258315 50.04782337262248 27.68478120874117
666.8029284190964 88.78415368178042 25.23876457041972
915.9346188982055 396.79182438513783 28.09582542910487
452.0518648356191 361.5871619130299 24.887486389893404
528.6205533410772 167.24888858310862 27.422612278314848
202.18394546889252 116.43117008636143 24.56423582973729
488.18293320409254 399.1605343621409 28.184947138833063
557.8042423746155 331.654243045172 24.07193848375914
929.3140970334885 377.50770458981214 26.477360839768533
817.0425915401889 399.11753564122796 25.57088192625969
907.7253483311192 248.54851338619645 25.35307257610563
879.161434288771 232.84654262455638 24.925941603466995
434.5613344432121 146.9295467652271 26.06657804507285
803.3131583037311 14.489462151723354 26.870498552599766
26.087848239520707 191.7492495640326 24.872497758077046
323.6464829097403 294.40535544482714 26.927310792515403
428.59534655550544 250.1593473814716 27.032737472797535
362.7863339698803 246.36454685865718 27.88479004650832
593.0000439343943 266.0240888109268 27.90324941965602
441.7487455921838 9.435280911598465 25.506502645872803
676.6767726839429 205.14384597579908 26.917674391823276
95.797000577302 50.84546337743281 27.818861984807178
440.2563203912946 220.16895708113165 23.591664655490646
782.1683988020068 150.4008673598069 27.3403865677242
217.47251800977364 273.9081149288319 27.39441031047561
975.947191839332 36.1135051643656 26.595911076834774
984.0327709774648 109.35318279948301 26.20035046824068
972.948869202027 181.50012604788662 24.10799084755607
488.6699256733766 92.22501434633853 26.69365967556316
491.00993848147823 390.7530263739079 26.22952293923604
972.1429889493329 394.7727921512569 26.37215495711136
230.61583039923372 325.61762636382366 26.92731255072126
458.5008592205593 399.2591285881944 24.928921075646223
728.791486260918 138.03618751014127 28.243776801618754
712.2861166314858 381.11400753754066 25.69425724237166
832.4477159388501 329.88786438240345 28.24793637061292
704.7954524404337 33.9697639119835 28.33440293932766
4.113310808055548 23.67500747441693 25.978895021176452
295.6610715684226 114.27555640487195 26.135709111854194
138.76200385656122 147.72782543528882 26.12363120053418
20.881073099730195 148.26086323070152 26.38413765854968
159.20728584492062 62.126492579837844 24.941463952302954
577.3908898345625 238.75171172220172 25.682738986326797
22.60810358560983 116.525786128557 27.532248193467375
234.08652664132978 257.56874904751885 23.558489219088777
924.7008336917878 71.61418457752697 24.773293534175036
891.0217375749975 378.53105115194234 23.590856120480165
53.51627573042206 159.00141034504932 27.747164908906335
497.8076311012754 307.78171936737647 25.16586061688775
702.000844533824 220.60796564466077 27.921769815782316
658.9311506364654 157.3190374681926 28.1112668558482
489.9595695237906 272.580498473401 26.695180199144346
362.03532819838233 183.08869379532885 24.112757536466688
820.2692295671633 288.5818646620937 27.697094910011355
213.80060132319434 13.3455628444346 26.33134364042397
61.94346377332116 94.95566991896163 25.760180228691976
439.94242633927314 212.55714738014788 27.844471416995315
732.3144343093053 211.44785579251547 27.098098160301877
268.3779350268966 290.9719636161883 24.89486382746202
670.6457745771428 45.332558813454106 24.61006052079344
469.5711061532917 53.94382971616118 26.851488388647518
743.6069845241635 137.14170879805505 24.57834031706375
561.5748673796636 305.76490131905643 26.837460378577745
496.2876407639154 39.689227426943184 27.336300470683614
19.85796963236497 41.444739737145085 28.153340726942243
717.2596517034227 59.41507316719701 23.808022683740912
268.5159837498098 181.65764738595493 23.58620529213803
588.4230638357922 64.70436169053606 25.501254669506235
9.179153593250057 279.79407280697774 24.03196233389943
765.1954340664297 327.9662085989741 26.46475162983096
790.4751994837072 48.272684977710114 27.32947058694008
814.5940186124366 368.8383144518113 27.587635713111307
592.2932327771509 50.32487545367563 27.99071568706155
221.85978903245706 150.61962395957292 25.157497517467363
537.7065058317214 63.432287751265726 27.464191722133243
63.804081784310185 90.37894098880379 24.837829560829
828.0046948846128 265.30745296678583 26.46310629781642
201.7158892622355 8.343428366329153 27.753128482543037
283.9956886000327 290.3371751625954 25.672379600596212
840.5228368288545 191.09240541863258 27.557598541622042
865.0665136769173 365.08434161786977 26.186804878509005
765.3949991076156 96.47091760862838 24.633683816032544
606.3304268875486 110.84636255019666 27.367211391223414
842.9402980791417 0.4470643419929754 23.63938840621995
177.7854358544162 198.22431098146106 28.393946628231348
161.75631038769745 85.57133660290334 26.765096638537415
826.4061186705617 195.74427937762792 27.78124788600568
795.9486963293069 99.20709115766262 27.334875122772445
645.4886138926275 258.12042385520215 27.04778010161482
774.24400080325 62.99262826265433 24.904360289509462
742.7554435045514 79.83475839963079 23.84531114715236
704.8367974065967 82.5200697155593 26.174544666187206
1.4564120760250931 170.16074372590114 24.27858913745912
279.8115157241002 71.17745141386473 23.812173231836983
283.1097787227149 304.15414184216615 28.226273768409158
809.9394687350335 341.4514037920486 27.394019370049445
377.1202636583316 331.8031259892231 26.938413200344755
127.31622560014787 201.43141257124793 24.97188734204407
16.170760073212833 289.5492662892013 24.45549526541262
855.4935697464115 388.24615191850256 27.28250380201074
336.27104236138996 303.58883937661045 23.80444244034978
759.670589070963 331.9010966507992 27.043121459538924
240.29105719351384 395.31894996941 26.986862492595275
837.7082891945604 24.42728356874313 27.518139395670126
931.7176735237927 332.3327634134342 28.415066634849374
40.1679960223591 316.0971092339934 25.09969338122802
113.63322424640421 193.57097086419998 27.274369973405555
167.56669172499096 212.16735529447334 26.79822180509548
923.2818959563259 58.431096906321756 27.82040583264067
98.28537677917737 133.37588900915813 27.616560691233037
6.196119280984735 54.3993067101233 26.553901748586213
173.13239780492827 258.19859959936366 23.9091454600387
371.20963357642444 217.43062917465923 27.67075734227042
283.8964796229237 5.371880328801915 24.1792512109757
938.6686554392804 88.9400152133775 27.952353487829768
74.14334481069373 55.854959485319846 24.811609352617484
363.02526680580684 191.7066998037401 24.051738353363618
111.21332808390683 362.4499108866925 26.991801705584827
626.3908212258194 136.81672880870025 24.829459938125503
988.4327027411589 254.66719161202627 26.341026786719546
644.5503001756596 201.30020080026284 27.304011730966195
984.9053298119273 11.825791695791077 25.455514227354193
268.7722539146107 11.44026619092986 23.883668893575706
175.22423239862295 138.26067246898165 27.741249413670438
407.2529516269797 143.66698166560207 27.73832941897954
130.72926244557738 314.081084905207 25.380875963281373
815.33930389581 231.07984442964687 25.523129362436492
584.607688608719 290.1335681983061 28.46162813118485
434.2910091954545 0.2962501033254128 27.67323123656633
501.6355262142537 17.376372865954394 27.778781037854053
999.1512962701194 365.5763471874366 25.316340489286247
865.507468197158 13.221082326543021 26.45309868194339
226.55513889237622 123.85763141461545 23.583088902342148
497.6989675013589 28.745237685759896 26.65472762064695
956.6472035091736 118.02165052593855 23.99422975031807
286.21549097411537 342.9796243482263 25.598392614379108
617.7153078621164 2.7395832783316365 26.348286098753196
124.3555270161354 219.42953758144333 25.800956994203748
750.0547424800217 137.6805365569549 24.476410667090835
542.0672967980126 355.0530352600921 23.904639802320183
743.7184089580566 70.54525891253346 26.647175367782616
718.3089356639853 166.29435983894618 26.24653648532115
574.3131528372824 124.88546599219954 27.739093077700396
164.09785744592574 117.4108975283695 25.673541001553797
57.38046222677306 386.31469305521 26.42105816553781
594.1039107117454 123.9395573885564 23.784180774927943
865.0326399323652 240.5871029231628 25.030596945844586
200.52169649031316 73.17723932435389 26.04495480468443
372.66188072123055 156.94560348125992 26.07878149025682
906.7458060719871 302.2025527406213 24.84514125160595
927.3322499525982 172.69695587532792 26.972647668177466
19.639704502692034 264.195990336682 25.084156060829955
685.9097292172136 306.4879816789397 25.68664908007589
686.8789400838973 91.32541272584614 23.939786556662106
77.46962923939316 38.31144146130616 25.461607156702463
478.28244126731687 16.707746492583155 25.951187196608213
752.7962873530556 17.691050804724018 26.81219570512314
384.9191419253486 232.1372197186512 26.921531999185323
629.9954584349641 215.35983586342223 27.00352002969482
125.66329452365541 309.34044951118415
332.21116295887066 39.9514452222093
179.38393483022588 116.55794572125764
143.66729331227046 71.1810739175216
237.2454944862283 149.09444610615088
399.1717045683634 214.42666653460688
181.39258836823706 229.9447287487415
314.5489459485424 127.45946056508276
368.97492251858597 169.90864885312703
224.12864960029052 170.79284618966767
70.51035739453417 180.09140173733877
68.91267702911622 148.14989766086399
390.805969974084 101.63282171335565
200.24100582792062 51.05574309333449
182.55688439283432 121.47687262294427
80.36504389744792 61.71730173522856
95.94546208778243 329.3203278213072
325.7901926705189 235.93123749251723
303.26688529020316 219.7080845973883
166.20256022376086 317.83888013095486
395.81000428495304 54.570388494738296
181.24797608118004 230.92509624464975
270.9256935469503 275.3256190406677
329.3843991865516 344.73632293085905
110.41787927960107 90.00018480410547
197.4821184391769 34.370767073146965
197.09567163774454 359.64544615847024
76.79911801526819 129.87233814421694
124.52806893329668 169.659403425044
310.4122194419855 395.23767277478123
325.7459275486197 195.44934234725716
359.1377316227684 381.8238528514509
379.83881540218704 358.19955580636827
197.4282493241204 68.52254936068624
251.0978350093024 315.3363517481344
177.68581025321973 31.14452636174354
73.55822103667822 241.61083032961238
190.88425337817418 276.03626035398884
114.49892323551869 130.5479749245513
3.3470212612479955 328.0290381539589
333.65948335582476 82.33867238211675
63.97982149239421 280.39858056182817
100.63749482979544 143.07944722389595
253.21050086546938 94.59157313811595
341.13316621325197 221.5928669208407
184.34166756973963 80.05360506218078
253.41068960725832 33.88963180571625
369.9748544817068 389.57111303917407
369.54904685223596 311.66144063842864
30.61796320670038 333.11802340351113
331.7582546472776 60.02208957219786
149.54094796160805 143.27597134153615
112.23998467025078 61.04197651454291
367.397833081697 117.87502502625853
325.77468171305134 93.44977051735586
262.0862197966241 20.58008820883068
367.42047358012877 75.2027740930485
273.768593846467 37.72610868673447
353.4122077783242 334.4557844224435
211.9329358932712 269.7835555999325
251.55215987537076 275.7864274064371
320.8231111877021 278.41348738663595
358.0870387998751 232.36288912913113
81.52283981803623 15.149969462053647
211.2689666251262 281.06829859155897
93.42991943721822 125.3254420550189
127.50146830867442 246.42403808889998
104.81081383294351 350.93295703234276
4.174288300547113 230.48231904713515
351.5785052200127 348.6972111778086
253.99431950368506 379.6866403213662
215.38994699573175 94.70451487184364
118.822780428978 236.0267243271049
226.61230713129265 364.5198858507495
356.73214102239666 318.6428297764963
214.66055113985246 357.79760401091477
4.199163274201689 343.3621456795833
347.66187763531155 178.96977526134822
186.05379666855663 111.47852538341421
105.3556491582246 190.67543219393622
179.00665076593944 185.4145779987503
93.59077407825764 24.170864067557307
130.28084052816826 17.733468512170305
235.73534229550637 61.040140803539565
191.07741473612742 11.295781209895672
65.76663394873093 293.10269852876735
145.30619556469708 262.1850340323324
199.76272094373414 22.493091013840385
97.21763310029124 73.35348882356251
176.96992677224466 81.46627219290572
227.27370295825833 325.76804639825275
338.5736272984254 331.5594935749987
33.799636349669136 255.16407306621224
251.75293016048724 344.32053707773827
48.660932129740786 306.34332243906607
188.55292542929925 370.8897764541474
148.41353111916794 323.28000754079926
133.56137769829775 175.301756502535
278.0778693785869 182.12731235418644
321.3296854703748 236.45022909898947
62.89102083282616 85.54482152816303
393.9313291693227 16.23851326282675
204.09387805541752 110.5953549563349
121.00382721500824 246.51538013398078
338.01370980467016 38.78784217914002
39.07369590214631 104.97461016604075
383.4055034947378 195.67110641749585
143.91669240550686 130.27462639377387
110.21849456757957 388.71136804435696
109.15902240180979 169.21257827307693
333.6576139765751 256.01457213309925
206.27810590404033 153.86565057010984
370.61254040453656 24.782698341593612
165.6148765822416 74.19009840895524
191.23029895044255 227.22127413773694
44.96230860775392 141.64707683149226
56.61032466535474 332.94358094140557
361.7485183098555 32.00202446550509
154.30418566371688 330.7450581935156
296.78539680060976 50.522892751133554
226.50523590256378 28.949512411592828
292.00723135639316 280.38031703945995
31.516479198765612 242.35704020180071
41.576695508343334 255.13110776413353
87.28826107349535 95.15142627911355
315.18882455849484 238.74457890916023
116.52036619928734 192.95318115829173
54.35656643861253 201.70921523239906
346.0262409015482 3.532283316300333
346.9148750367064 49.335527715317085
308.7602750448317 234.52296944055803
211.9331466180658 188.4488359510663
255.11217497973058 107.81099570184902
16.67913284467062 311.2440109223065
100.77538539468574 4.091786074711301
399.230568972356 330.15222044352595
21.700119294335927 387.42630913203067
184.78364500004977 315.1480146545027
152.34399608915155 218.4493393831425
360.66109241548554 65.00292529393685
351.63716073207996 226.21301214771984
314.4750391295544 386.5702148597079
271.78121287474323 32.47680724487814
41.853719516597465 61.26327231898712
198.2049248218217 8.583022246883587
294.5935515017136 45.46844788838169
324.7024546727347 93.88505250885784
67.05171440943944 81.71108166148878
285.98319962186076 216.02391176321967
208.04719497627957 189.97181285349973
290.5652845610705 27.176493167274394
97.4915721905234 63.628159457580495
80.14808730044867 206.7272472468868
41.423696347384855 12.074684512081912
187.30203140651668 379.6430852164786
116.07598062119409 172.153010298498
371.5172633402751 161.159350031499
231.05253602446726 253.10126260648423
284.3557768624044 362.212996832358
183.6531674273223 84.81037136774373
147.6547757761923 176.38697391284762
40.829758271101554 106.75315992391216
124.4321289653608 17.958333440027154
312.21523063624636 265.02991628509403
120.34794353531262 191.97024834331978
67.1179415701641 377.55244937622615
174.27934214521832 351.07657873147434
200.32789590862703 82.46679408361706
179.76878926897535 130.2356602290743
66.03388706687743 2.4927349433732537
24.809225743122276 249.1580903493757
276.1042237990335 137.93641989648066
145.63259852827142 133.7413124653507
198.43645936164384 343.71076513017965
360.8713978717961 331.55227058723887
393.0347973296597 250.77595330184107
85.66595424588832 82.74704454234194
287.92717634723516 159.9910077484588
20.993347574609487 356.6448908950025
223.9867488982162 266.4451044200103
171.6969665259493 75.5020795302165
187.17596150062113 264.91573745672366
367.39882933485416 120.85900874608618
298.68438042181464 142.17869477049535
143.6799543174098 54.162362562974266
47.88459273912653 179.47318897990954
86.61707375349854 282.1919943980372
329.98361354836794 268.5034252284771
151.96729599245353 59.150454805282315
189.70036555932884 386.9361158449064
40.9952937433423 41.101299817863705
374.25293741058874 284.4314598824877
48.140756069399025 294.77019272545897
363.3924241021153 297.82344762522206
291.4270505241119 311.5512220635318
71.17328446920448 344.1432155479772
294.714978279468 288.8887650622624
303.60331064486564 132.75744215498926
311.6089259838645 315.0334096217727
108.26936184955636 92.9719627582977
164.0254730785534 129.49871235164417
366.4882080258056 231.02876642543083
314.13799118543477 30.373426578555886
155.4849193821489 310.5026488494192
196.61369145567403 60.97224808138386
347.55435695615574 192.68219766698957
108.76263977281377 232.13599497238633
15.114466850156072 278.5974684936357
389.42172473574186 22.82049276650051
275.0131853099977 361.935256140715
13.099189629459751 350.4413583567693
32.403936555611644 32.16072640902787
84.1089867899838 13.770118361019446
273.95765816957237 259.74236875491295
36.12685432598441 85.00526473247918
112.13278880612863 350.455443094133
25.803546501627928 263.9697946234318
296.67724564501736 273.31703894342434
54.7735026103759 6.215098302709254
386.4900772955018 246.78420957156985
362.60046391996605 298.1391047246622
214.42318711949548 210.4245354948044
203.90474489332496 76.0546492710438
279.5569272765534 214.34682245634096
56.11975324691767 72.47231277518482
65.93635655152208 26.25757278853582
0.028857369014945178 321.68997066905797
13.708000123989406 386.0871427476809
73.43638271361965 68.10947472640238
358.0503866238178 130.7075040682435
19.030008218135876 394.5289574648671
303.24434056121385 66.34174244272924
30.69483018303938 123.98751076127365
13.682490480944987 383.8435210696713
48.24229355325147 47.56693898712206
80.57029637792539 392.1027972720575
58.72076844890768 91.88357267699683
62.52439148577844 187.41237269269052
133.17712205908526 263.8310421052935
200.2266774345618 381.7077389913802
160.94227091698377 296.46338099914584
69.74610670098946 180.17107517347557
239.21640532390592 68.73553573447246
366.09310306062116 328.76815235157034
233.93308481685807 283.1468563893704
398.0247233244604 144.86514730774155
348.5840838738824 159.16095284854808
227.0715824534034 199.1504629638632
20.890514622149237 36.603723066289675
298.2110657766522 234.66482231955456
112.9084071635687 182.06923931300955
86.564160955144 388.82086243935066
368.3603287168509 352.6914237028513
323.94643737232644 326.8718265510211
81.68766144716307 195.46759161078216
371.0570016603974 300.36694847430743
56.52128861009662 346.64795497444345
65.542086915368 11.709084180168094
226.97158198953397 144.53341456651106
303.1233507816829 296.0087199755475
173.34167499407923 180.35207348962552
298.4338732316372 224.0060186085907
384.5711763242128 85.71289722993009
324.1580333868493 284.911258865972
102.92049637412876 391.463371009172
341.5246498286118 25.591770983160078
132.1093231673319 391.6057244504631
112.15579978618395 302.6116701191667
98.32560853430508 107.25479683528083
320.72680395372726 146.2090154340655
124.22472170286349 69.44846700717933
139.84621388620764 140.3728053783038
309.24158255935305 125.94993852201029
133.01749310180284 190.76071235510753
205.2416243934798 226.0090217948712
18.497418689340115 382.27623143961426
234.7395168938223 148.3778503852849
206.31914139344764 120.70239884224718
119.61793697308619 211.70474923850298
172.70134806685707 107.86698385684792
271.48145532549785 342.757594932154
50.51752131787968 317.392521529101
340.48408599279384 76.75674798214148
291.45297330406413 218.16250436210805
327.6718835355401 325.425301588805
294.9301412143628 235.21316357610996
236.58526439847302 272.1927024281277
100.83583466025789 242.83843646993034
173.0688081501738 340.31600619467906
7.537243124067228 152.27393629274326
97.93942272909963 28.510901124908994
103.62666995981837 186.40360941465093
295.3668641142338 320.0129951759206
391.28805688075306 226.51125303901244
40.523684959376816 344.81792416416863
31.131429200021454 271.17679240073346
133.26503478767594 211.1768731620245
52.79471341974662 364.99568137985113
110.3014641886456 21.252374068253175
52.56521003031827 334.8777132288738
