1000 400 300
30 80 0.1 0.05 40 200 0.1 0.05
477.7171091122071 278.4087374517574 27.098716915754892
573.5438521998857 300.9572075097588 24.156022632262577
767.2075039223386 369.13386225292106 23.885872999873893
972.8634232144909 214.84488982123983 24.45650779043427
112.79403155263878 61.490898982779285 28.00360194992859
320.33626123735314 189.11384028617832 23.847490005705602
598.2037318740074 244.06072264384292 24.966173516197063
410.8524313825375 183.90501627248622 25.70763180181371
617.3354841776372 168.1407826356861 23.54132918155707
749.0698422256879 235.50846438154278 27.075194913119752
615.6833804009818 140.06813642685566 23.655043823618097
531.3171495711532 18.68570421502751 24.263607769035154
978.8022705211702 248.31363130953622 27.451997077483995
339.9288950378605 49.49335470587006 23.770024555028257
54.13819555721344 344.7745415982725 28.18684729053074
873.7855678279396 269.76476907046595 28.258560104340443
443.62652717073826 352.1299193784879 25.923251935400398
926.5752008734532 90.47345740563544 27.638473761989623
873.059619089473 94.77748676468192 24.88650986978093
964.4193088490402 144.7450808746185 26.401623653721636
721.1604984300425 64.19636619741529 23.721437157265125
911.2684833887826 111.13098411527412 27.644928791958144
626.768340197325 138.77957459586239 26.366225562411003
472.5084298177471 256.48501199255816 24.966155201310702
46.112217379965514 385.2066649152707 24.07906069252697
597.5297104722614 101.7230879938611 26.490740364533615
622.76910955233 68.98418500575532 27.707529397231262
567.9898022611862 62.97202809033045 25.141137128395894
288.8912498703476 285.32150837568537 27.22856493510079
1.8898040697463703 338.95605237724527 25.297696312306165
25.339153453738717 71.23700360026986 27.11296097603645
570.5357404454121 120.50690645315755 23.79271418336576
667.5442814234998 152.6554634989487 27.184296393839663
956.4599030416166 251.14248520372908 25.720107763568475
409.6903550358486 186.96752144303477 28.395329636313768
40.327819768283256 373.81915367912467 24.497285473456692
197.969362138652 246.52651075594153 24.680238944913015
233.00646438485794 207.05126450273417 27.57007113356527
839.4288278289603 210.06287286599306 24.650131689287075
488.9529955991917 296.1874218561173 26.86479578652599
820.8543328853494 138.95212548380223 26.070485028315765
806.9082026348518 19.062903610380168 26.74457413367184
826.1679721070951 359.3844839188761 25.52795913846355
885.9280772999851 369.5917309202791 25.67185010400696
164.29374810687492 189.20389511551323 28.492587776786845
235.81804183157683 121.94641597714866 24.790960149586596
535.0340366451433 72.71602107056255 24.688779486127732
102.17965145683038 359.377464545278 27.169001051820295
140.29565682367974 345.06081705935395 25.680844988244157
453.04877475083737 46.77657365628396 27.838873371976998
323.4360117094337 60.50939173213319 24.278753594644567
366.37692594348414 89.86425669067155 28.11503403454885
31.39788416378597 200.72957020648508 26.497236690787485
69.64548352344025 355.213821176933 23.862151728565212
142.85468114441602 337.8736974382061 24.622797854359114
713.3343544969148 166.78609140975257 23.623303528991087
400.3709443942438 65.22809157744867 24.522147737005895
541.8039843285293 232.57210960172264 28.31324234043484
494.53780431176443 320.82989828594435 24.772388120315863
275.7726974812217 119.40175264760194 27.78114910021702
51.49293290344925 206.35699262245467 26.915171047970812
291.73941280188166 258.8030309816706 24.09556114003123
509.87234969461247 227.93245524335896 28.088138788902572
111.54601402727971 149.5683935229635 26.223147181429717
386.13913916767507 34.21151451018605 24.21820349722042
70.30481622123008 84.72789095434989 27.60582329388368
324.8362143678658 370.9370340956725 26.670481721687203
68.01346229198934 77.02355651574915 27.402430057937078
828.4370514322082 374.51462187783915 24.828709393309758
518.6040133432418 236.55228004691588 28.188719864383938
235.3157950341649 48.27163743067571 24.179307769983847
963.5544315491723 359.57454131711415 24.21153165823996
548.4956035259663 155.88036404089712 23.520438097770693
23.539614150516197 54.900983757841445 23.800420195905566
156.20788010314413 272.6466235201068 28.404723550953925
113.29633302928211 43.84695267385492 24.85519494469671
481.22464850735037 196.44423589348276 27.632052412868944
568.681131745639 245.3141951000423 25.975228688353823
662.1074097674544 69.21712224572074 27.86611400002137
941.9441901000025 366.69735315467324 26.47230253179094
628.0191019930214 124.1259146223304 27.381030862137344
357.0343355745087 275.34899675629964 27.33132816461488
361.01545050505655 173.28968425051622 25.725490949356427
111.17198928006 79.34818942217055 26.94257019467382
836.5896107656205 201.11750767942755 28.19087758246502
526.2378276953393 299.1332911510458 24.83689279477019
544.8844754309548 236.64277176298128 24.40364717397648
242.355629652099 205.7561559601524 24.595866278415784
680.9795193119656 347.01871695889673 27.944083290086656
289.40832829315644 23.422561003950726 26.88695419156437
971.9511496653492 119.10927703111467 25.483925421234165
937.4979829230746 273.678401999496 27.1680003021912
709.3158514727887 366.3684541120828 25.691447555537255
316.3013644967815 149.91270651432137 26.91425804221397
265.68881516417844 97.14699788563861 26.778446861142875
392.01657445739426 271.35410605866 25.316548084905126
191.0997728711914 285.15054565991187 25.560285025128298
119.64945952455818 136.7657176682047 25.773947891626634
763.8459560218585 63.701268614147246 26.815438735840786
452.6348942706867 284.6718605808616 27.323758408826528
578.8492989099927 187.17920230014022 25.40970221922458
630.4852490455091 218.00765286940376 24.502266009634152
718.4185731516932 23.742147983946758 26.483834916315743
501.9386905695198 159.14678954845968 25.27081162515243
200.66615766679652 215.09835351487973 24.180548089133474
33.95205938260837 302.66185193166797 28.253561507370375
533.5376744939542 207.4365558894288 28.142613996238776
48.22874225114126 207.98414875141677 23.968679650556876
220.8046852786366 262.0565443655543 24.88080146054527
293.55017246713334 346.18321901132066 26.26774860338226
233.1362053556377 127.99395487341658 24.16737956876836
365.122072378015 151.95936870168003 27.27555944839379
644.5803077319073 128.94784701334373 26.73407658433451
616.961785161475 44.962651456273804 26.611958112053987
573.8918686844066 303.802252934563 24.665473909293052
959.9237410669662 328.79774831198716 27.11933353150787
101.96136499827857 158.43681852113428 25.199589204974767
410.5436169637692 250.37382868484747 28.175478870420683
161.32583101029752 144.54878608220855 27.943459036526196
53.11189913322367 349.1899059657731 23.57573241559395
320.9470494734462 380.81404292197345 27.346341465739176
32.27081620313243 332.0375336000267 25.976185111340328
588.0694154294948 268.5993024989377 27.25708299597996
623.3487991358808 203.53244219677103 24.728855185782763
597.3414264217403 218.05663793501577 27.432446328111396
884.3616597161052 40.682047777724506 24.25949810735419
993.1943497731348 73.98602353566832 28.413894543712086
913.2509316599359 137.93626020985545 27.760427384214864
181.79138300090224 391.29650696814986 23.50242873902071
87.0073590935857 29.18110627625876 25.13753426028229
540.1344179021384 127.93401664795749 24.93245273502859
600.7218900027835 19.998127587693215 27.777654140874503
337.9642736878057 263.2269367182164 25.37100102832165
143.57710446099946 86.05407404968086 23.626437659926818
128.10958576254282 269.93315065509853 25.689620551199734
118.9715039738355 4.284219571082026 28.29675176418298
877.4988892394028 220.80658973923258 27.511229457571094
645.3632231412961 318.91614538891446 27.894004960406907
188.09611289000216 240.94111834920295 24.308719396595933
855.415653776302 84.42753743262065 27.050219065778624
247.87100979096954 264.94778001973765 27.10816638447021
170.37731513056465 396.06951824559013 26.32755337921803
669.269408891302 156.38107171379704 24.9563612215322
175.47080235055245 183.19413739520184 27.880633586497986
738.572761658746 322.70423269678605 27.87594222071141
105.90290199106356 312.62953154424025 25.673590675090225
295.47865001438765 33.17566057698937 25.724561882612242
401.828336426733 383.82629853918667 23.922238048632575
79.0127752368579 133.80157743865553 24.16697335135027
168.4557406116095 193.282967721911 26.98619377413645
863.6956386183919 61.13709441607536 28.377282455711747
33.113332430539266 345.4238339741095 24.053805819058073
628.301767861269 87.1819186951531 27.426353603767467
907.4984056146125 376.9787750037741 28.45010638289062
767.5125200728879 376.6114632623567 26.936829516762565
607.9035819610484 272.07793472002027 23.732251881171045
502.5965149238163 294.56206031092614 28.16266746405617
460.7007359793955 49.55474175917849 26.317416734454056
58.64638995549398 351.3530916015902 27.37558774050668
710.9040018311218 219.92500971291514 27.786183682902937
349.93227280498905 286.83305082112514 26.31836837684458
278.73318167358974 198.50647323134828 27.213276795274147
208.04121969898105 52.183411882410354 26.562347585028597
677.642864436828 28.24115077392788 26.562059932075673
65.48205194780354 5.456605455937336 26.228539105788656
456.5256022093487 259.8085055234003 26.926478583441188
295.5405103886447 157.06640119068928 25.5900257655242
582.3758157064923 350.1508758049349 27.972854262243267
541.9387853670833 234.84258726383825 24.25625647037868
695.619020318934 309.90029721644595 27.50480337015824
643.2369518732792 30.811284838132245 25.682870681515503
90.9544101069224 135.47712796834585 26.500097539372007
570.2241719390853 83.019340446338 27.68595445549478
778.6833975666242 26.653005817744546 26.02290917950512
912.4880730251796 68.69088192543936 24.046280395627758
726.2360225089266 282.71239407850385 26.044895857626365
244.98600356195155 166.7370878816577 27.543086346376317
762.4697806112225 301.3360327207911 24.78212884187899
408.2194337673457 208.84245043435126 27.28115072916531
28.182314700322063 229.04411614366293 26.712003125594656
687.353365659867 393.47264576873056 25.689058199178653
889.4103905230985 129.30568797457286 23.936895298523577
776.5206416816534 94.39570488366344 26.337210548165977
994.1140293891588 386.82062645798953 26.143247530446494
574.1768722729944 256.63188394612365 27.814812813754994
480.7755569544752 240.3410431526294 23.62161897538903
442.67090364964304 133.85109167029506 24.42609036338083
56.65949006419579 161.7969189942806 23.892594003126394
858.4893581544561 171.5743667492371 23.824613966444982
805.7418787650398 250.2555255745467 23.574689778819245
16.61487834210529 263.30930130088836 27.854908288164612
697.7554236780974 2.9527496156806166 27.55484595287361
180.17972566989604 178.91286945642682 25.563488387902854
120.92105667279651 323.6158143260321 24.022878588910487
491.541733610648 156.73128475325183 24.374948734426255
606.6283314370911 135.62876328303446 26.92346970673156
798.8806325968346 127.86849068243949 23.897453687870286
743.8441770858072 233.1025749835847 27.199765344958106
378.6033204610627 160.48602581590256 24.367545112387237
68.00524852446077 319.17917863251637 27.360249676132838
432.82881210370806 26.29028873824497 27.80506738770905
161.59197848568618 284.25099251316215 24.32592226065528
956.9400453105047 346.0215984844595 27.010570155858105
13.872881139291193 147.29310384036168 25.810461038378456
157.96408457781553 205.2764679272531 27.38200336213287
782.2062528576691 245.01183971413911 28.17643122561714
573.0662785202627 179.5730003783098 26.483974474645855
887.9248169764508 73.58932842224135 27.49196871351943
510.79154932300594 295.1621349494657 25.497270342814904
11.71325986895011 177.77736445034668 26.502917620653967
397.29913200922107 200.39858513323568 27.281602915622887
156.4060595753546 297.0427329153151 28.225145188740214
146.5385141655633 145.96703075589818 24.27035400705767
883.5353855717955 117.21885825390612 26.56263278555582
237.29830133387608 179.114700914011 27.799059368427137
952.3854584512051 281.2535372032222 26.65271817272406
830.8965321319318 349.22459083103917 27.5629787611539
479.7625285716247 270.4864857488865 25.836220264948018
919.916478963551 295.27677332405335 27.56367737322362
962.5558808958637 8.523802354222276 27.224643146064928
189.1455326881053 129.44170362069093 24.297346736370216
865.1996958411685 237.02458546727598 23.688651430120075
382.4432116652747 128.43265363933506 25.76269372702057
256.48311680169536 284.15856454345226 23.792815584739635
500.7159011037159 72.2670816220024 24.62462838832418
205.30309566242323 253.45913517031323 28.24441852846284
962.9581183953446 299.4525544141999 27.109512932018664
317.79435087327926 308.3622791659335 24.973920613621257
910.251718231488 42.773688751578916 26.77314136961531
158.06213642229883 64.71695439054801 27.10842407099067
446.89121180419335 229.01789550695156 25.565486345455597
65.11743979397234 322.55428661064553 26.095939285567145
727.9957889966871 321.0893804176163 26.805069406986778
517.5797583208921 105.73944128793964 24.76810763810413
213.02211856608687 297.7295103018491 27.005921557191783
147.6527482720893 213.8801777087884 23.544809726744543
12.825961880650771 43.93756810841993 26.503735915159744
443.54931964171493 48.856828597131496 23.560201684031725
327.0320095132615 97.37365806148435 23.58407619619271
266.0792270503612 326.14897433085594 25.672468131291
370.5287440590072 289.47822562106296 26.200362937178983
436.02136976717685 230.0919156188264 23.977111594153666
654.3547867002161 55.46276785727828 25.3056769441691
704.067113928018 377.3792946942699 25.115970220239323
857.9053693100957 379.1673118858332 24.52990704153982
508.7986934489301 13.3655501595912 23.823264050030062
6.457739664238904 295.2455983821812 28.179048178151668
658.9898539197651 323.59072046311013 25.40962001450013
60.0618245173965 394.18113216645645 25.879982248483252
777.4938990310004 184.7790271515218 24.310871370184486
995.8135417541343 160.95968651824936 28.252218460885132
332.49768606938903 35.429721697132344 25.14801072717743
803.7438311147787 115.28011506089193 23.665039212349146
909.7284463102308 389.8519096138154 24.60741106599782
654.7092221909971 393.1774089195885 26.888417090687636
82.4366500893905 368.67253540394086 25.677608531302702
583.8339281599615 193.8146266857329 23.51988770966491
585.1478857996885 234.79679375250936 24.613718636388338
971.6701187298884 281.674574510878 24.765158037351007
247.16590492973023 211.60080474256148 28.3579855443392
613.136827653977 147.90357304311237 25.062312115639727
281.8732135807364 368.6157161300756 23.861948351128433
316.65947324061216 253.32903155592152 25.30964987792686
531.6476343322158 381.69848401421376 24.841036570762363
457.3364908926442 151.64470452622854 24.023943327925487
343.7034691534648 46.005867424410994 27.376752814224407
262.3478295624341 270.1347909009587 27.60455938669733
91.75306046084253 221.07198957292567 23.567489370729277
487.5161869177871 346.54364341120265 28.29171484534279
388.8298836126904 341.76574959277184 27.140886603755852
563.6281517106424 117.49502457401721 24.213193525290652
669.0496810620618 4.448576997229736 27.774745617210264
871.8908872114075 153.17672389035243 26.739145505259767
696.0177373434536 145.5956157209704 25.448042045639596
31.18660933468853 355.5358723126575 25.881957321362854
312.90379641348665 225.5609986472578 24.748565913207994
536.4087113662948 397.4309435390445 23.657354789301696
248.15682210659028 111.889430745941 23.911072396154093
727.3206866906021 386.2607221168409 27.680478616366404
380.05372125626315 267.17969077283226 27.833338829455663
450.63658451328934 189.49243665649766 24.120130336694416
625.7770186270714 272.31873887674203 24.222864580917758
323.32980381728214 356.9430087369837 24.83608718190086
623.8789096733586 287.00690662601386 26.841650369725386
740.852280492365 5.082875798856223 26.735531953850522
924.5706266986003 39.711690102867394 23.939970571332292
587.6860883706719 75.23353514687408 26.309366490748037
276.4106585370284 166.1001667916247 23.97359769317776
496.52365985992043 317.2716065909438 24.94843048767814
321.15874855753424 39.93389813442003 27.575711131155295
822.8260769099252 354.03654004950954 25.04129247735043
85.70044205267324 68.44568258376972 26.16976499970719
719.3631289912523 213.51906755913143 26.36404425809191
830.2838420495664 4.180708543114253 25.14981589140936
635.7865397351434 234.28692321876184 25.78000900517612
299.48195314877535 149.75555794912245 25.979010496786
665.9033958405139 306.43563734829775 26.46194823617158
184.30624154731967 237.29379648006815 27.045765546237227
714.0405802458172 151.3388602446249 24.466578705734886
583.1336151837316 230.51547661987425 26.523184625583042
342.0193447093594 108.06762064553533
5.05576190018302 248.93107811000425
348.41780465929185 165.9882536320672
113.10935004026695 315.75464535475163
305.92716967288663 330.307377145528
212.7629852893137 278.85047793346865
100.52438361147664 286.3508248829984
200.00929011910884 280.58404619328775
388.5163213796358 123.00671636233903
257.38752627603117 171.8602609348796
364.26270404540105 289.1393975824344
272.0293889829584 379.10349571560096
236.98284009192614 58.69970814630139
129.5184235096028 14.681315772802694
284.9691447571131 384.6707399045805
254.42497838370244 377.512607739813
351.23320643520685 370.8164967179984
395.3315935190793 20.678927516848145
202.81338715928916 201.5286596496634
41.61683536652454 55.43613816533259
296.6762175491127 43.89521079534244
11.21888253350285 116.10126503547606
178.34661501112242 172.44239251909664
63.05308580605322 27.868030357540754
385.105594284115 365.8299327640379
264.71097351533996 99.68212298069315
133.79670256289643 86.10733409087157
285.5212818058508 106.88597315038288
43.985971645158806 274.96734128112445
387.0067264752556 233.42039604118017
280.423085784945 387.7606829462122
247.22320197209368 110.94896180439542
194.45465795289377 134.86446437747725
82.42155546831609 222.3488659534057
202.24360156876577 311.32447448168017
18.924805853121107 129.59034778734636
258.3517582994772 269.52011870594
320.06713721767255 241.1046686736729
266.445974668829 225.92846854963793
87.4939183777923 151.31895414175412
114.59109247303925 291.8923855742337
233.07516503440854 165.11412650878245
330.79630581818975 79.62544496706462
257.13810836688486 262.54062011694157
225.18445822430664 158.51483351976685
70.67745788076306 64.20419637920176
18.357196082960982 323.11136705539906
163.65523860280987 325.31282037523096
51.23166706924147 383.0237754806135
248.45510546285706 316.4533113996227
129.82790559224057 196.26292254792057
97.00924391907631 141.74476715342078
179.18896608606886 141.40920773490757
242.06899198269176 200.09390569381708
63.819071439955934 360.3050063354718
127.54356413083178 12.855482736841228
77.7282103156736 101.80188853615762
369.7842751274161 321.2792059135766
215.37453488706345 158.42047259286653
31.144815090002176 99.70248010501143
305.4994081644349 111.60902182256392
9.101332798870398 335.5268088565289
23.05268047104483 287.614872748631
208.66910382473253 294.59332750970685
90.10909084521579 374.81107843364765
292.80566773466916 320.651482621237
34.879929538337564 164.64853962297644
294.94362171059873 10.192791468872198
98.62692858001564 52.23229471808097
229.74919013662904 258.9997255955343
63.4887282217635 168.84853452109164
252.65582924609356 194.33801573135457
319.9332681174197 117.59721109278867
95.67550256825758 186.7986429060249
0.7526336355741847 244.6130172822131
46.4429110833398 378.37411181104306
279.2199159406913 202.1859543499846
39.40164598012612 68.43147494914103
362.230972420628 46.42046368436166
92.49390131326925 66.82287792559399
104.95677317429832 60.90055772687175
349.66873740974813 153.4525134653895
131.7355651437244 309.15626934357806
378.9770116248408 276.1968937883418
268.63678663563564 392.5549837916497
327.9740744438434 274.15362950858645
376.33204730802265 26.56929265753294
252.6046368433418 330.7717468315943
317.61169985021206 247.2012246268291
12.69718765355683 241.4951934751951
202.08820001230126 120.67067029631802
166.64856152664927 323.12868201339546
221.33119066658617 353.3040877390843
299.83235350563643 397.21369201183717
120.88189552178949 384.8876336239973
385.71791066983735 147.28029071503866
51.29772133701147 197.57705111734043
305.6400340589764 279.9185746068162
398.5811274127411 183.7846267711697
142.61219832376946 112.19173055697485
215.04981585005999 390.2918346113451
116.52974700883493 262.9908880034641
54.90858452210183 292.16433255260046
42.56215128851157 243.5098740834444
164.48609932188282 348.87402634893795
371.4869366962598 322.09623422138117
285.30326518653027 156.361124507126
210.17071831161917 281.3130897399661
398.84264435913803 232.59735473985486
222.35620361365216 190.12433316178257
175.0917549148975 160.53928601322056
374.3667422765734 81.69389514170268
282.6361886781282 161.1891802226273
117.29357925305868 57.36799678415583
276.2814345006421 180.80876807716936
186.683816080011 229.9872307603222
298.88564074319015 250.15946053617125
352.7001650851034 274.75376304788733
117.28844139366666 209.9706866763211
168.17694571440524 373.4566566122488
257.92441684725463 295.66602891329416
38.9497480093441 217.93683865375328
215.91249934630756 135.70529847181083
180.2892342909201 81.25111576779535
282.1160770615664 41.7283406300514
25.222886897665298 170.07278057310037
65.87148981701252 255.0148375673919
14.981416155120009 339.4446775326648
286.7858183786428 262.6024647233039
228.75988885639836 181.07841340776747
67.20799041485037 207.73366900670533
399.4364816523479 288.9717938527187
177.68025969290787 193.1296819464318
313.84526817644434 361.1945526394883
270.8804124696764 111.91843672861661
10.652075664073246 314.27056822023525
285.2680322395957 139.87115881163615
365.83615726103767 366.6629622664848
107.85124017267576 183.9305096811056
195.23301478015256 290.4465199686074
56.19375616774005 205.84135383177502
305.54714031090555 335.3300543011149
172.98477985469037 26.023341228460772
389.696573445748 296.7693819767222
322.1977767969287 161.65247381832134
89.30402972040801 29.989856973948072
34.067032115645105 64.24722138596617
136.60290480947302 4.315352085094526
166.8142144115491 395.8825916449059
39.97911258882647 247.2787680588282
136.26009835271003 119.48387906452425
91.82323171034916 245.56743459266167
310.15990081776454 377.4798953248767
354.32032471550974 249.93452181663434
372.3036896970315 194.42350624660153
118.2580990243376 373.78620570957526
232.12655684138673 363.015599346067
131.88687054234674 280.23193067578217
388.7761826892239 259.2966225329217
261.3184926812667 319.96366615698844
354.2888465767609 181.59791956586372
370.9037970762244 312.4079165739112
398.72773903950565 319.1733668824537
101.48201822525454 355.1725118089413
300.84074899156474 230.2597588388236
276.3480015119205 301.88823512649293
170.99803215033634 145.64265584674615
79.23685184224962 66.12351238943401
358.87268898254206 312.63246593691025
325.57818952878597 89.12852973632508
366.5310113207026 155.68368485256153
87.7258325614903 151.74328441630684
158.3020800835606 53.718264270652895
36.821302724687 15.882074106165467
91.99923736921374 220.54239362802863
328.40329828591297 348.58521098989183
291.769598731493 323.5737993980334
85.8278159315025 211.70682536730814
241.0503010614251 87.42522033442319
325.01709694318686 92.8857141517871
294.81386911340144 2.7173034817381314
116.0085927488859 208.52423271309047
293.4878133750659 396.8228340441354
91.22826514381268 227.07867115473647
106.63688744122162 122.07192998971155
87.36559573245839 241.04224195596805
342.6994640874285 178.2761671467028
347.1809635902714 158.58026679570037
231.77278421115486 310.25768229384
309.5290650673359 90.85514057270458
221.64461685697142 7.397380699054779
380.3350573155323 178.6568317542899
322.97246489045415 181.04452224425827
204.2136558782537 232.03262107143848
97.71406543337741 106.95818264951052
245.8738972123519 349.1882898944278
5.616515992323956 393.77903171015987
342.4060377385968 136.01059697657894
206.77421949256032 374.8580812877289
101.99980716072999 265.1394873098104
263.96891996185093 219.59730555180147
1.5963839447238115 293.596253573422
296.7085026831702 221.78493126527533
375.42979447193545 100.55211845823382
209.58411186506603 146.23642219249356
188.36634650509163 211.8999422142461
250.76824628225123 201.38045288666763
152.4039015297334 245.86964435488002
152.17991236335808 154.25701230295874
171.64598315358742 344.00626025686154
261.045649450114 315.723096916727
90.51876701117365 144.40766484988558
393.2886702897792 397.48955488891244
71.95210418658976 9.196868812960846
222.38132492042237 378.9407597703945
246.69893079663038 235.78236943817194
62.9993013013058 320.5167335396158
151.92056205757706 261.5376436969851
117.01895045160909 321.76593888779263
116.61826319682108 214.10947796291063
20.1026185084745 346.0044255038443
353.44502603461154 364.64254784008034
60.31941076516962 19.845758654885515
280.8841390332298 108.78613770829482
335.9525312878614 364.6938798684385
126.73466650685326 230.4267222121946
377.84708440739917 328.61932852253204
353.2967878636116 395.6684057999434
182.35547539627044 160.86745186985652
296.60327634427057 79.66141299477201
184.14067516128276 307.57505143891615
26.496348501802338 246.4566850609455
43.80073701883549 206.10054200109445
11.302382046688386 282.1430979366447
233.48107853233154 116.70026974234248
110.31009786653118 324.1016677360651
274.34407857338306 154.11214568741246
319.2107558572833 34.2893730111657
312.96888857109843 367.935815965434
158.11240913054942 232.04334298674527
119.4571769114177 69.52648039906704
18.692902438291938 31.97415006181408
348.2239193271097 14.447936163989139
176.50987642221855 25.095422893871657
223.15536816481205 323.3583194919046
326.4389402247391 396.4145328392215
92.01932533531973 160.53010851805314
13.664152110174443 89.78788890231368
140.7162724634394 188.03443109867558
209.59853152022228 10.922014504049793
366.162740133309 74.94722779869201
121.56494882437161 201.97991509654054
77.30162289959407 64.76366493518996
327.02115330057256 326.33039678122276
126.93709171613881 190.5346695073277
287.56580290807295 269.5559149448127
172.79508952139096 376.06810620579716
24.915347888267682 392.9130052946021
124.41337385616703 172.86477282646428
230.49494118549524 168.01703644658778
353.16822305542894 256.28797358276387
332.23943917851244 376.6016102083061
25.94805305636463 240.7931638014643
56.65394012687632 176.78065860554767
268.6873776862512 72.87254633358167
1.1361896670892158 117.31965352585094
374.17753013535247 21.69749067475952
271.01649247358324 24.000431719836346
139.27387766380264 311.2697886300805
137.72385117833946 187.2421891930819
49.82217229992436 124.22100769331679
338.93994954340155 247.71932798518174
227.3300277862127 256.22706638197263
268.55625441661624 206.79512841537738
9.612415169546873 111.33360017236917
93.70196321932252 81.1681167525065
358.3434262441987 2.315544162434602
388.06425016865325 76.20621719671799
169.64942378651205 256.5226364722837
385.17493458498706 170.02199021590232
209.5821172895416 226.49064266718813
32.29116218135197 280.42024612390503
4.512862740180257 165.9261949680939
264.95057830894154 129.42754227608648
387.19305115462595 255.5012307014232
324.23466289009616 325.1910892767582
332.4281601308627 249.22128114645002
103.22719351180818 248.61290086102045
12.016385705262866 260.9598397488267
236.10755618839318 62.1629202957314
256.80594365176586 122.07924614327213
132.77216181501262 350.893225389505
234.42805851077046 314.8865780972892
13.830072129047277 360.7532412307979
134.46595900874158 123.0012751765993
15.272117273792674 116.88434879780769
398.5232502402635 338.5391905278635
9.066077281392637 84.65014670884776
340.8581161737114 227.34612440536583
325.38331783382773 78.73682051861928
