1000 400 500
30 80 0.1 0.05 40 200 0.1 0.05
867.6870752814251 181.1449281797076 23.550660577834517
546.0656068926529 144.66416636863343 24.393438120152815
396.83455321789177 236.06155512362022 24.40201726841371
929.8990563454821 316.50956016936163 28.18209492834111
462.7284823380674 252.60803964596263 24.464853293974357
155.66043493571956 333.22307904430534 23.80026599314898
415.9836852573883 393.26469180624247 25.2877334966877
850.1101284525919 78.49718108162973 24.991251114631858
508.4752984670218 213.4681493828533 24.763303645970897
922.9382237297764 392.12810633633177 25.055473946546527
476.0016642973278 359.29811041023453 26.130595684698402
898.5294528981062 279.1251338303554 26.602171270568547
464.18054202344206 339.237098704495 25.63142670850472
849.2767301692559 57.15630833657226 24.476230089048226
526.7386226404186 54.63842566928889 25.72656348435909
152.0065547926769 28.595943698462456 26.828595207657038
365.4673820241875 334.06753211184616 25.9359535483103
841.1001657153163 317.85392653244776 26.977291752756578
687.2836505043798 88.90615238107458 28.093527584723986
396.5499198314304 37.22049279343715 26.286773098630267
46.55919124888841 152.85595621465288 25.09400532127349
738.9254843321503 105.85727652596964 24.82385034245841
825.0505611474836 191.3254145237668 23.721838724202925
471.85858157656224 11.257850739664743 25.37363422679555
816.631068726226 116.96026559409715 24.477805262184415
841.3856670253838 228.69285900719635 26.41030283563266
953.2277432248594 17.360425823619295 27.215623094800677
904.883162268486 153.79859866826067 26.50359273918003
989.9105117512667 326.6447672996152 26.04994447849915
314.3361888762941 2.2671476063169216 25.138037766740798
403.3489173974294 234.05573070722068 24.25075678183337
322.6196082060302 128.00352229861832 26.060381708387077
525.6006004113837 344.06838989560833 28.471968518539825
880.0336525446281 40.334565030314764 27.630365594283084
695.5614912201773 151.0600263975508 26.620098140720902
373.59773984790013 288.83785554172806 25.6072189032303
358.8936093387187 378.83526861112983 27.320653979970306
905.0085393268994 51.81039104464817 25.781510186979993
963.7396584329753 16.266852596570835 27.325054991219496
345.533810530548 225.76937449532005 24.579274110313694
798.2888109455714 353.82986044939406 27.281695050395804
447.6365540585806 76.87343552251349 28.489119313009205
695.9099391282492 234.4582293971239 28.204787918929945
343.37465041438685 282.7267100357239 27.956818653998575
627.1236084973616 62.26176409104691 25.269623075381727
987.5462261235147 160.3814059656432 26.366038681809847
422.52704393934926 194.29067463907126 25.47032993522751
787.4681754670456 332.9423310061366 27.28560604366198
278.6717529138261 147.54886266387862 24.34563117553472
438.88277056485515 216.20002544309534 26.267136180829333
825.957991899038 103.41605672010007 23.730627244706493
105.85344915486883 285.13295191153344 26.872942490564625
654.3588171626241 245.8701404638105 24.071580790833206
648.0814393136243 378.62516744228884 27.100747952758542
554.103092819378 233.48289684628006 26.660983801431513
827.6709363737482 183.79798340565424 24.043572953723118
823.5893032069966 126.92292436483457 23.548815300160147
894.1863170555417 67.15524085408848 24.1218615184978
799.4026927623999 66.21685896820728 27.37161841182629
836.4513963098228 340.24504225106045 27.9889218150959
981.3758365098984 51.62241327481594 23.844510212964114
945.8830372673694 108.44931766284729 25.725437472087958
451.548400899411 208.7322561954605 23.78501848049647
312.54994887378575 92.27945060976022 25.9863902293782
646.4058073430307 236.1842382238604 26.80613868228562
984.2972545518982 164.38466045277497 24.67330959484818
348.03871553971254 210.6795964057858 23.92550475811665
883.2494432391148 339.3229348257575 23.60232762298982
157.3764539491156 270.23425809594073 27.406235302317217
174.24282342332708 207.7051381552511 24.69689527061778
831.2881786843287 367.7871950031632 27.96289300315128
707.0648932762967 336.0546421945057 26.922958483600322
69.37420023876118 382.29273894673037 26.744988557301383
858.9870939441882 266.83061923365744 23.52048511512501
474.3207930685712 35.80822981203138 28.134368373453643
645.5391087654642 151.49609617287933 24.881958901379107
64.77005692500859 379.1830426143173 27.66729979472714
264.73329101581265 328.9750493564182 24.5461692421056
459.1471880900849 105.83738997238909 24.294665592837525
321.32692524713525 311.7893219112644 28.371542531257468
474.54747700705934 106.6185232083161 24.623791629205854
230.90243114164542 145.79945097290673 26.731498545443895
682.7471350606726 306.41478872443935 26.81437033087433
725.6234371766129 243.74602607719834 25.035829314578645
456.17513003619126 186.42387681053128 23.921855607487025
830.9307806047492 328.40398728087354 25.574767713914774
225.14743962144934 99.78763863041955 24.8596383514905
120.9996534263188 22.57345861578588 24.450933099142606
293.0814208818275 381.5508978272089 24.87317766324863
815.6808794255394 348.54139500681066 27.60034360515799
342.40728149069054 329.15346552398375 26.743853628242192
287.46633567849887 1.0108260254843682 27.79562129521936
168.4840126590741 23.251164159761295 26.54828094238823
597.697596623079 280.51227675407915 26.307756954509014
644.3921277577234 250.66167289009286 25.042722092994936
680.095192304195 158.43843080489418 24.109560247278218
122.77200736028216 105.47180211905088 23.89648136973618
999.422996094581 123.28076963329254 24.213306693145583
583.0382138682647 348.4034786933368 27.509026364321446
805.7837285496689 257.3493944934865 26.8230766039353
728.8340996101321 309.7431919236678 25.881245688651035
212.1170650156642 134.9274075892725 28.371724201008703
811.379986389064 182.5733398272011 25.511742210245504
84.75875927153298 330.90256303773316 24.423027946203657
313.6715630283561 369.53091674379357 27.016301383424498
354.61382971138556 191.6337954184963 25.617975648474097
376.9326845809664 60.4379851533221 24.756443734823563
639.1702520945249 249.1026565618032 27.89379087447468
317.32972908777214 216.22716896074098 27.266943163001187
682.1751750422027 150.97229443019543 23.71557503218792
85.09338560399382 346.702638940516 28.419902382549353
846.6361229490607 322.4824442062536 24.940536665876987
611.627299324345 69.6600589545127 23.703834938031843
875.5880160072311 154.3515962317021 25.63781809574306
709.043161977269 344.3166210961329 25.551508793720284
110.85559074731133 100.98937989828852 26.963882212929338
301.35823099995827 44.20233554965205 25.563208211349078
939.2824371408147 146.04745942106868 26.342134377952338
32.204195208540455 278.7141960580332 27.65762652501308
134.41700663320665 112.10759831904204 24.310664575739803
699.5857707154051 137.26431067344845 27.47770752458349
54.63202640208764 16.325955005664518 24.625297334354908
987.6254333337756 207.9392164611785 23.792209783075606
30.683664334376193 56.07405314872218 28.475002597299227
806.3439999392325 50.15853279168931 23.59623761733532
270.7299352009539 93.74463795992338 26.968518910342738
405.74095234442086 258.05554096642174 24.22799641995067
882.1487316118246 137.37593690156032 26.666975589934022
726.5074214344105 162.02745844127483 28.109015499822327
169.81731093263974 216.7952179351852 25.69649374958899
97.7654496402438 247.6981104802463 24.87731297086259
841.908953111131 160.5443340699083 24.503158681566415
37.78422237348011 135.72780542287813 25.33563481660338
618.1731827905585 307.6294165698817 25.28325074040371
186.56144054309954 317.5728732353963 24.070004277114887
582.9135245616246 154.5875845385221 26.503921988745613
163.73461378958388 80.26912311992488 25.01930104515594
405.6583195248906 250.68789728892432 28.240202647707125
750.1333872914358 20.166658141325122 25.078229582328387
826.4033568457521 214.2355583480908 26.606814066003526
319.4102638751112 127.60651202859962 25.799495122833438
988.2375456192568 346.6301796270815 25.718080575744207
964.973956812816 251.88159092679973 26.90383896664017
826.4633043945124 357.49448579984943 27.02351212269142
578.6571010287356 102.2912150193886 27.008178597214002
677.6887932267788 67.04151257864024 27.744474220538883
27.308205145530117 24.261238768720972 27.31377632316698
51.867420080636826 297.83987306126306 28.479739526132512
62.3180553843623 70.68542410410745 25.951251713511574
471.33899624473617 277.97113789260936 23.902488288725635
189.85136664483036 372.92931732406157 25.92242528325828
889.4059315581054 115.70335229338107 28.183210446036217
165.51846443039287 152.1510774276492 24.69732943102462
282.0504657995906 130.43403250623143 27.233568143649787
280.01699241308677 292.3145681652995 26.277047521269417
994.6397147244261 287.7373396968809 23.764080021055957
129.9116854950656 57.82535649910052 27.10000025784921
614.8139856558312 33.58671260690436 27.21883154604866
62.58154391094561 61.188727193910395 24.403433532811576
936.5362210675652 193.6694027892591 26.925539156810345
123.20769367048922 193.29892143161925 28.327586087333888
741.1874555248899 131.3656392269375 26.858287805735504
775.6326317054644 88.49750928542895 27.113617379482665
21.698294061995416 69.3866988335416 24.629108587108515
313.50361971497796 19.715777907194763 25.56602157801006
146.45208598073157 295.9549080230821 24.126109443846058
103.19807947172177 60.917785526483435 26.56597965644182
641.9059183408528 11.218470060326702 28.319850962542255
219.87899055264648 113.51705507915861 24.795823362330115
466.7406440879404 31.528084961872473 24.43266544399936
751.2732754945554 113.02708453679404 28.10029234055075
165.44745054167842 260.2131980225514 27.97113403765263
883.41543331405 398.253970760543 24.623221008370443
294.525285811413 49.28710408995056 28.17031056970697
666.0347437087294 167.9248820598778 26.246233816778826
288.2261104779005 6.534864798587048 27.596740050854947
134.24434022916353 342.5983160549392 24.068374682823443
110.73527024027796 29.899287992441835 25.95996605162982
773.8479277225397 310.5980903156787 24.023630678311843
874.8841757148656 152.9308978163458 27.340033506288627
430.4227692853717 326.8821623683554 26.980202242095533
200.40751043630434 32.01179785303783 23.849315378719197
932.247832669416 58.276334464372596 28.216156581172665
653.1959367796779 62.552638797396874 24.30556171546318
413.38187784668224 76.2012675446515 26.357694347685616
726.1559382448613 135.6006317849125 26.44097891069658
559.3913084385574 81.47585892158023 28.207449651601152
676.737666445952 90.23717636453416 24.947876046498248
462.38832607578706 41.32016387701513 27.31169593163207
169.87840493448903 226.4898415134616 27.750318765929162
156.54977127922766 306.383758393526 28.219580961569843
241.35128721448672 257.6875870954976 26.075528275514074
136.9042892698399 79.31968268937504 27.698981813644373
108.0024699721337 133.45440864166252 27.50756502636376
654.0322410469372 193.68765488248712 27.38853781922099
930.1755977649402 381.81670149315414 24.36510769169234
470.9265195556901 344.1310551195991 25.60206079514725
759.2047363566138 21.898517958328778 24.62774462220422
195.49793194620224 340.90884582271923 24.049859781353245
670.0272706710721 301.84764021325327 25.710850360450525
627.3308475115845 342.80376107555065 27.81348869250182
935.9204057696518 28.17904150061623 24.67443039607316
628.9388965060733 194.75018825180604 24.889791772093652
108.6712440881521 174.592545984423 25.759766312097238
432.943631335575 46.55732378251152 28.31257619166279
942.0935349021908 186.22218945712623 24.339620006783342
594.6824815969328 186.9230409416541 26.2432968150109
268.02825346459457 118.65901299928919 26.600392651203244
796.5065859159832 166.37061160307329 25.395227208321597
589.5001715694831 353.15942693172946 28.252092309261798
691.5849776003939 21.37078853268313 23.789995812281116
292.6248488043911 187.16180735977122 26.785195890139605
961.8973486691737 11.065053581453732 25.634245071753796
853.6105016818211 283.2867858319855 26.810376290405422
762.1567460825415 142.75953283185453 28.212579420066817
195.59915307750586 134.84572247488097 27.672312293074103
967.9129473296797 341.54150776182007 27.207796944605075
757.3381287601611 229.72998824854565 28.21400931907184
865.680468197159 205.55966516629246 28.03946335069944
806.333301600266 119.35336317996166 28.471725756796506
573.6190833676586 118.03359669652735 24.337825409744656
857.1575273025408 70.77578136954723 28.438048813856085
5.454121060397221 239.99520618752288 26.894433901106673
644.2916758426579 337.6999335814872 25.374149033863727
264.71294092125186 7.943357271933182 23.628051274957595
210.9540234762971 362.90798741971264 24.560841299306265
142.1104271135022 375.5908727456425 25.720759708051805
182.90138196098604 47.8451499871702 26.72778869465438
781.5431165257762 380.0282983366043 26.982810402629056
930.6029606235287 315.1651443392612 24.61384096295896
459.5351002466053 234.99994844917575 26.235719425433633
925.3194145186918 61.580551503680425 26.40883586139947
903.3751086317241 56.41200238676496 24.52332019550628
364.6576420507058 259.5144075368827 25.974810339846936
253.22627851989833 250.2493025833456 24.90372304189849
890.6890827057555 18.7785343179534 26.305941773763017
986.1863066616777 327.0936341769547 24.497073939771468
617.6586134814074 159.51469082889506 24.272023422541363
183.0082787816496 180.49078473517275 27.09218139491086
504.9954423109714 164.3777310693578 26.20709848621164
982.7198470055467 252.33467062428338 25.5989091271781
492.45936064550114 254.62018400176726 25.807130719180854
972.8324452061233 224.80145886581587 23.794003941204494
504.88799632259486 148.30723841778578 25.339261553601098
373.72186417892715 86.50446861118218 25.38890263444561
40.59690976437902 280.05337742603535 23.638136708321678
949.9689249559558 125.5285041812317 28.364082142435706
295.84613302358866 154.8806056704299 24.36671330033085
608.2317977894279 152.6693084549018 26.602592604021126
723.117611873851 232.25498592017723 25.691475764271775
94.2128436911126 347.1271890304968 28.124342162169427
257.8209873890751 42.01833246167954 24.803581503300094
288.4912948309045 280.4127379370434 26.103130884014313
720.4023508989409 367.49609260634 27.59346524330379
514.7991344999483 392.3940732393418 25.442927436163476
761.99507486371 131.9859568698157 24.539091152126
441.48202441168706 390.0780789685132 24.02282118633173
184.4174274376288 226.31629904372926 28.32645136379204
488.54054198819995 182.45019514392595 24.987797805677957
151.55873734081814 44.16286618016181 23.511040479475284
794.2980225466632 364.8271919113967 28.283098722437252
200.4505049627474 369.02932936548217 28.32375238147753
377.27306382782353 378.78248464500757 28.293508485317926
647.4106660227567 296.68508839492455 27.493657872007308
14.504082610283797 197.61265174056325 27.167360104988806
917.7736979908386 187.6161339365711 27.22004495078021
896.0145253124391 165.10459426490033 23.56215857667216
66.4469005865126 127.6334520195626 25.49041052359269
389.3263696153657 333.36360806245 24.9501519493962
719.8088926530397 226.9033317380982 27.170125129698196
325.3110105704514 333.751459793756 27.7454772974071
385.61132661091244 97.76658694043303 27.340497063521696
398.9670392205207 347.3887596350384 27.759079801150023
434.2528696697966 303.003006399678 27.439017969852884
352.0672058176151 335.7751489345268 24.424738227862687
549.1377190016183 335.62650684633917 27.859674122072235
89.52996338190256 9.20301980735152 23.862401431250618
432.25299967594975 149.56823185113177 26.850196517680907
282.72639658017175 255.8625548881765 24.818674521888127
499.42189271771275 372.1723795119174 27.141727845551447
69.98995717250544 376.68748089096664 24.435615042318855
33.10678555517232 152.49649296844746 27.6562106077834
400.9865396932618 62.6486354529812 25.406788163356328
213.71972204080058 385.926538830196 23.546317738192716
345.33307608746344 248.69550091328114 27.564462659988116
917.0914237076533 351.29152875607514 27.46731544731704
239.30895235632144 161.95213926037425 24.156428561422064
549.3750750211417 340.9446296622354 26.39208257585558
54.441116776209 274.92083745936264 24.78961274168463
253.91257777138466 290.37212474520146 25.038728553462185
499.2964249621955 44.913765448734644 28.186738757480068
939.5393371495254 148.75002260295318 24.460812317792485
506.4886168303785 80.04686555591935 25.88989198109493
977.893914483899 96.19461940259404 25.975932381030436
290.5881953271613 74.96975748808632 23.89104460147481
439.35171908134697 221.7009151347701 24.099156086824923
703.5657835390465 104.89905170815916 23.836287434171286
83.41226633439547 336.13387171837627 25.76997978374063
261.23910174785016 397.0473876802767 26.071490837010206
299.3081792758875 9.086270189547285 26.978747317061067
799.9366771617698 300.5259606239023 27.92803971969408
975.2158606834716 382.6457002154839 25.021048502459315
64.62083621316484 179.32139437329067 25.515702078634753
138.05345916875467 318.57529781077443 27.44379343809423
679.7864258931711 331.83720445389986 24.045001965646858
788.145679880749 161.31185268002147 25.24852916676922
448.7034593199215 312.3241739796048 24.664974366374327
901.0896578985868 224.47300472089142 27.837090109255616
35.50740144539477 155.62994230569313 26.71703866478603
189.41330253708367 303.94665128977954 28.319719801172617
63.145751421921915 92.15506201435741 23.586980095219943
124.90179333533735 350.56263012726305 27.251086040501637
997.5190515163742 133.53850232728468 28.321592758511308
493.97080887431787 58.02275833173609 28.256742418357703
857.9428152254148 103.98755502052785 28.37319452326442
577.7588864389653 89.14385070988327 24.800035716762597
504.31162901080586 223.64500201099187 26.174646539064764
959.6418226615775 21.25136173688107 26.00258121876214
694.450550580391 299.02635619055815 26.33222881625779
118.95714922707545 79.20372376385095 27.75244408736136
207.84933465578436 265.1918825301823 23.578159408035955
883.5648562463181 275.2304647383544 25.642184856035122
505.425959054893 122.51916644546736 26.9449830610457
607.5292269992133 215.485540287486 27.69991906061474
784.6635188134637 329.0402346665679 26.028660951396915
595.1334313038323 184.65296812560302 24.583363015824325
25.293175989077987 102.38132678417777 24.486005276075822
899.4515883667558 396.54885887543816 24.369214439734844
66.91241920509606 352.22139842954687 23.777034955187027
633.0002227249186 8.644303857883484 25.30474600204968
765.1653614271464 347.44457401403497 27.49767399055941
399.13974586729995 143.7420700417976 26.708656052241047
420.3784471687352 208.13182535611054 26.758626241747884
304.84491025297 138.37761654285381 27.4743659500364
529.2225258509704 131.2942647555601 26.929793828507822
276.52915798940194 134.33706595404348 24.498312832988763
277.82010719742203 184.6247892005398 27.58565878822782
458.48880356872115 30.19258453606346 26.532457752413446
359.8661544775688 152.11250552451548 23.726922930567387
325.2968754778347 390.90352143029855 25.945183894167695
686.2903371193478 350.45542913814904 27.810550529378023
641.5715602419004 146.02206226554392 28.21586455636706
358.6416200161923 360.89785470446077 27.95922836410223
520.7875158077376 355.3287688652785 27.53033929055484
145.97899708953665 286.2388587584611 27.02906699146302
894.3885582889551 43.00878599056696 27.978975412345367
358.2394789596531 239.88527174479967 25.24988718503282
637.9643571037395 149.7168837163209 26.774367920275914
905.8317770584607 139.28397067558546 23.59635099573546
206.62006196595706 171.77279207423516 24.837407839088357
917.9573671504348 289.94322698769696 27.25303574602619
810.2145313161753 387.7292241229981 26.580644159316588
237.64378068850345 332.36910593480917 24.776723546282813
173.56606535078333 347.86790094415335 25.82569002302278
580.8244673465668 50.177845502707406 26.280986976819165
649.0949611336139 348.7564523290142 26.402845677610877
35.521079717340086 114.72839578418372 28.039748357824703
611.1340304612171 253.54409346872325 25.018985437283284
765.1604595187079 24.927373327628377 24.86791978597344
503.1135709671156 363.6402823627424 25.66381555243604
381.5488086110374 89.22108510569382 23.950406495065273
831.2086434589595 307.01057990967564 24.921440572189706
66.66198865564155 32.78299208971731 24.08946649787646
610.3979325497996 284.49138299666305 23.62727420199027
481.19970619502527 82.85906943001974 24.680326589073747
940.1663678510282 3.972514417254036 27.97002823823943
119.17898490588908 319.22548074308526 24.83360301384812
295.61153590650025 322.4779815833102 27.29205572580429
603.4623491934312 48.57109121976659 25.589871318254584
903.1800866943587 191.2923719920892 26.942794923314075
503.1643275251894 288.9201317245332 23.937971964494484
975.7357851219033 136.28769143056743 24.840451971717506
360.86385596168725 94.2850810821032 25.597478359191175
215.59165892720787 75.20531373326821 25.194212133722623
500.35007907774167 115.66557919193548 27.17224641934938
572.3429498204719 40.2934653345262 26.727915199524997
833.5066283906583 231.11347260019014 25.16300850364715
840.0135578537155 296.5956868882704 25.86786906167053
771.5243777518983 377.4452348433043 28.45136738660159
979.7443099743917 175.282413019793 24.650783019017297
678.934325515897 215.62904168158167 23.66595452246288
603.9529902459204 123.42033081021317 23.558034154291327
281.35267931265264 240.9831620650362 24.416465797586444
508.90414322833965 245.93468475659304 25.37185352897217
476.0880532307351 131.92238898522913 25.7572143172006
507.6354115876131 115.44199100674692 27.306651890166155
10.008142838606847 384.65944586408995 25.615005500459073
716.2693251854723 378.06729874073704 26.720551815024987
126.80777352583483 317.33500566276905 23.904736375093634
365.33629564366623 309.01484202576205 25.331128894334615
175.94563535253914 0.5931123358837276 24.95016178485794
734.6711670498327 384.9864759967544 27.015095499578397
182.28086282515176 81.46514830874669 26.83869402682479
895.9137077558934 49.741656752124676 24.48080558306768
847.4743398275474 256.15378089586994 25.85167289734922
150.2142928461957 256.11957398718545 26.678477637293234
474.53365159684944 1.2467536002354063 25.93094919730757
789.366422588874 268.4008116843538 26.116294500247463
942.8546927885907 322.1165547626886 26.746384787175472
614.5754147266141 192.42639740285475 26.938251836159395
414.5081103125522 395.6048890212402 23.71641588066468
406.1252685519172 250.61901067886626 24.895909661770098
709.4646978031849 89.12744900831112 24.876428548493326
746.3921290713137 11.917294477115759 25.212018264993162
768.4604078819757 91.39419706718752 25.780536508617914
614.4186108703964 393.34409586869725 27.837197140254563
832.1521507448774 396.1000891367118 26.326452297447233
458.4301908452657 34.93396272300493 25.086172046091065
643.3639722451113 388.03004841662226 24.097434830563866
838.4348833526536 71.25010386733513 27.99911772043104
349.2088143949633 183.61736008954517 25.278553901981056
648.9752216321255 232.67676335704448 25.694890481427777
799.6945744773082 11.425233666576862 26.60741239714014
676.1388702332436 353.7851471400676 25.20172199895061
551.4729547446534 62.36487298174374 24.014536041358358
216.40260042248894 283.79059808652664 25.799500014513907
266.42059589079935 218.54801123635025 24.370304041448307
450.4803732849959 118.65064591863215 25.3651952263812
5.887526742536231 151.076216916324 26.029833789200406
595.1374649905774 232.64948107529705 26.955276521229692
558.2165916879991 272.1206379864611 24.022813027739467
781.3673135413054 300.0785847429431 25.308940571884985
779.4109297648369 290.4231249276205 27.81194095546516
469.224034052634 79.30800369886927 27.833398667029428
588.86390564407 250.6805429288825 24.503294853699657
708.1576484565044 190.3516706246216 26.20390773291706
842.4980269544437 78.7367634045041 25.3683863538025
996.4817239078272 54.91623221591304 28.040185469229893
637.4972408770981 192.42940882825602 28.086563162517816
53.55804383610441 280.589270641011 26.31766181897108
503.43904102336535 202.39949630103231 24.465291463135994
771.733168592887 347.7223046500841 24.64391539839752
455.8014970617793 291.99854190698125 26.69414059430168
599.6988961462694 81.90034192711933 27.231728190156545
565.6649392931328 48.19964924910334 23.757261352449106
871.8468557815011 43.615688477365964 28.081438338587677
804.4582037068757 277.46220912335235 25.211979059201525
245.78939110100984 310.5823067040364 27.34453698930111
709.6971714380718 386.8948136111779 27.552845822510193
658.3454216878991 31.491507856775947 26.17245380038854
376.0868385511944 390.63344994017035 24.15802732526779
634.1381148604795 351.12351888658776 27.20083064265417
379.7409839980548 6.682462060256222 24.867024705101144
565.0878295447222 397.5451230471142 25.618745127363365
199.62067163891385 376.88025034139207 24.496124437751693
767.4581343528581 28.34445926217386 28.009686085928557
201.99141506048923 352.22974378164776 23.663156582558056
869.0421465098386 193.93378960803372 24.6088229030113
227.50319979954193 161.40298317485403 27.69054629183388
895.257736045418 225.09147933361407 27.628342389470504
677.5408712850311 89.36735442175623 23.78154957541853
431.42270620269517 16.070630457322864 27.98534306541164
882.2855607555049 47.11716541847948 24.2371403964707
420.7517060360859 174.47459025998847 27.297815522428778
577.348680897031 67.50576857703274 23.990295723492057
604.4738700940977 359.14412179456167 27.863332181732616
883.1512513004752 114.98862722753347 23.892328886497367
772.1096915457033 335.7193225758519 27.518818654389953
120.05219199465267 391.28480803781434 27.876230778695444
925.9402647090801 48.28451571811425 27.611664611547443
685.5895016378057 40.87149917022024 25.650365632650633
92.99194728609528 230.28042539306318 27.652794902547022
635.4698986158021 39.9211422651629 24.91986389596975
868.7708094925705 348.12669870663655 25.728399856872244
348.884074441873 163.60234128667375 25.192083100964712
237.20515288823486 69.94360878601209 26.122913443856483
7.467283704029715 87.17104882145779 27.067842984165935
777.8621649178124 56.347148466024024 28.352504226597723
596.2797048778698 347.30704729347843 27.04496736474946
900.943956551542 251.2194262140913 26.473661617927647
749.4262240485127 76.77912657627304 27.43000177654488
208.65487226718793 172.0806814208096 24.960144339663643
251.6331614319012 176.5800607000378 28.054748892074123
793.4663526337257 220.41169881917034 24.02521149713813
93.87945879504933 297.73659250532074 26.385259918885872
184.15300662950952 3.9509667856457487 26.19315199800331
124.05211782916292 306.3988666368402 27.972801658073585
533.1844420578731 231.32092671809255 28.43002354216659
974.941424227045 180.6261859406975 26.3816226185311
407.4465171066566 243.7767663644613 25.760428102050902
768.46939039691 359.33946384466554 27.011492067055023
461.03442330363833 122.62120605359658 24.104192361333688
247.98765524984145 0.7834137666251184 25.06025552431383
206.07249684308437 180.84401882933986 24.939963476860278
375.29617433836535 20.86215506111926 24.111220980502228
786.6225618082592 34.52736993899346 28.264826318259715
925.604653599624 325.9575413745185 27.02208524508063
942.5604352199259 267.9620980583608 28.389820732721255
336.24259218100093 129.13944672493517 28.398255865077537
425.02695469704986 164.4472534812573 25.15729384266541
612.1531127334495 385.60824526919424 27.58760274542797
802.2631363857704 74.35055701975304 23.750834510870213
796.0899793683552 389.1017311826938 24.89154839803751
543.2674455374122 228.89188553348058 25.002455778459346
691.3569725295018 365.92758420060403 27.276524663744155
265.0838231701047 71.73094619960226 24.891951983812557
731.6434483116752 261.0788873249419 23.9395875680264
215.3389443349406 253.99485525499625 27.234045382383364
162.15179945827919 349.12952047592205 28.45369153680084
181.96734745953736 98.82624879372557 24.611049279248817
319.7159811845987 382.6194821942476
290.7949734430625 273.3344718106226
259.56986805066583 98.41147571798241
131.03827126402945 217.50272380816122
172.08492785792063 84.01231920816711
135.7987892745927 292.777829971744
144.6125793680435 377.7722057455082
165.1568199020096 215.8323993234502
131.71401161041598 37.619026113140166
327.98659318518605 332.1754278915223
398.6306753479805 164.78710946082683
193.98542628513331 48.79768166939091
296.2232747429045 291.317328261538
56.586706885587205 272.31824271177453
96.54197865763847 149.65150089049408
276.89595228228757 173.49404844872063
185.76855097928777 38.34676468817526
87.61710863540553 25.907393274114156
341.34916890077835 356.1391084369659
47.26463369739582 56.09939184862611
312.71501220316776 397.28804374898556
208.78478169335648 194.37065913432195
280.065699015503 184.33777719290708
203.0378822808295 129.92347207249867
383.26868979112675 160.13319388028603
236.42122760913145 350.97289502307626
393.0061137903858 369.1321820219266
263.2406326067219 89.90743585655343
138.87850707379798 128.7589769056225
317.2666097349806 95.53288305837305
114.25296206823225 324.7461387870807
173.2393959556375 118.88616961934879
145.22142055061488 160.11623546309698
357.9149997856717 126.05919630740034
141.11311558514208 45.65702511256124
241.572822601864 140.92572780101983
336.5829053859111 340.44747210693333
114.73327329117966 272.61742228810044
290.37576051992505 234.19468050295671
391.162104518019 297.0485195135267
223.44557056689158 208.84525715037566
377.0661893556464 338.7413825930631
259.18463330272596 25.137473039207457
207.7137546555694 338.6586937342925
371.098249519739 50.46401016295108
176.53998897047705 95.70080749457514
348.3370975636912 177.6178756535504
168.12727064765593 133.9801945680418
57.07807440277715 379.69753463223884
255.2772410102082 74.93790203790947
105.82239237172092 104.65011701305369
131.72019227073295 382.8200072754851
115.25807954851679 233.6349311694469
325.8352552578519 103.98541447352359
148.4116993080868 10.592461610525739
77.08304561025363 334.96913513900256
74.39283333280784 196.10729559102862
155.68063959650775 231.17863459455407
119.1124151493725 306.856448654052
167.37664452389077 207.55372951630667
398.9345336743307 172.63772294751223
209.01252634997127 384.4737927593611
238.29923300103286 176.17582614811064
126.88429897193755 96.64895785572286
339.9321230670637 36.607193705013465
78.74685715449931 9.685468959676324
6.3344573990484765 55.74745313310778
11.631391867680874 78.46802904383439
3.8259328547648686 166.94871115875958
241.47437949444748 233.45543801062533
115.49004595237804 109.5568558123353
156.8848591162299 295.43892211611086
146.95035006522832 197.68231694804334
368.2047353432432 396.26538438947495
128.98399079831728 60.200779078533316
184.3450255538969 322.4813479698609
103.55690624476033 399.60338057402544
323.70916093195916 100.80616611911739
184.94335660976398 250.51935658418435
251.84234039730882 8.796355999676697
355.17047532573105 214.436733165391
87.27440160436815 21.01596883594197
283.1066748532325 305.3503451758481
228.35148577597275 90.48114211680117
349.0909352641638 161.76910993862097
127.6801432237908 17.099895327655858
12.078014016850958 263.71790676574943
177.13539301677693 169.28160418303634
273.8528225279082 239.07242689439937
265.21269224060393 1.8435373167287494
74.94534504091268 351.76847584812793
29.831595550666854 152.79501952645725
399.45551596652655 35.13037705854365
353.5272029054877 303.5329585459655
271.07569154345276 66.76622255565152
34.29352165531938 151.43547103582046
90.17643443995644 277.18084498688887
214.17107346868755 370.7936568035084
291.8994605560048 142.46053323434563
58.99909927964231 327.4744590858077
297.7797102312712 32.08660994135144
356.580961842213 364.6609369240034
188.49663707710235 266.13809293814575
336.8393327883349 291.46916783768637
242.9329269287316 281.84689904148036
316.3659919013009 283.19424750207276
268.797098087766 317.6720305645442
331.0991791688525 141.39099304076396
292.6442735338568 293.7623233835989
344.68946679161434 163.94796401877508
282.2078574865272 200.8806722894202
106.44335671692131 139.76672537341278
341.5328256702293 105.5654693493171
281.5618600940654 209.6111264137124
249.47940520102873 237.5082835562534
287.71951209061 124.14491002230675
304.7442192230275 145.82997909897438
345.85732670792737 182.12856909998158
195.623889348878 194.1404495859377
389.39130424329863 246.19997025374207
230.32441238283963 309.970371610167
274.86641787738773 310.61607960461527
143.69757590592562 312.36651340541596
198.41381026392528 334.7864338815182
38.863941494666896 112.1451730162502
146.1973882535892 58.381943365440534
227.25998606747305 212.50155744857793
193.36387421972833 78.25594873291224
198.22511336593013 33.37591456889095
314.8386572277882 394.36743636119326
79.32235735707226 41.18049971948676
282.6378189310259 321.3494230369939
341.1648165959865 286.19441498771573
398.1948928939469 114.31879893951896
355.5978435695806 333.1366981841778
244.52902554419302 271.9768784891488
133.66526643098263 116.13088465950483
141.90924213337098 57.003112448782865
149.86596549268475 357.4776969659701
151.99789918004188 313.1975396706871
1.7852792798173311 60.35537871857039
299.28414835761765 360.78066270226844
159.26383180168395 18.77049310937511
364.9467583063204 215.7125657832411
224.84454934734828 83.78503812310458
157.1133966313445 5.846208900453842
357.3166092891925 83.24888298173634
372.81202604061974 246.1829930803115
202.7534370938809 212.96966066029742
40.73766975901481 387.45172117832084
232.51973500246183 0.4553773462764976
270.2864070637842 366.6853863428641
205.300780720093 388.06810357988763
31.136329562934772 365.4230679882626
150.28542395578665 290.63022927452596
348.9833419233811 20.617675394138992
11.212165880627412 353.22799720406846
226.8678291260616 335.2831121774156
96.06592624767845 168.1599655841444
387.8564313480197 300.3676839412694
144.79128701502816 105.6813039959668
383.6711573026721 166.29380127811172
157.46598294214084 371.39801663405774
325.1861908974184 392.0568714423568
317.95670138880166 323.8680981264891
64.54105803657359 351.72971385050704
3.157134219290958 69.16993947105072
94.94669445855854 292.67175058311545
185.486725462335 294.9013473810286
133.08927379810305 216.69543579959472
316.40622484653227 14.275689088821464
110.36464274652617 294.89548020010716
21.28472401650585 161.68481912608635
123.00447521332521 328.7995354695796
41.03066212786004 214.30144769480054
377.4832394866785 234.95222438466615
223.4774790678388 9.99694880171349
116.42330203037847 356.99738924829927
197.5929650975997 90.05352933061697
321.5435395867214 398.7766494545473
256.1590052310991 15.852950612136407
264.02505530685687 123.91547449282515
327.6470617684953 391.92692636592653
308.9955893904591 81.82108694252297
135.59245385869625 373.45779132351777
379.6624868248026 96.96960502634728
123.84884637835927 244.5207678522094
347.95202630203386 297.8130054900934
68.68244579269734 224.06247075398898
142.34128224161066 63.589645551204875
103.74344450450224 389.8135334178497
349.8965204572941 31.775054554866866
351.5304601576618 106.0360957544559
138.3606035171487 35.86309976189588
85.04182614014199 199.2102062643704
35.45959758112191 332.6203675232591
135.8857054568327 146.46631345483544
76.42733182887783 329.9102068505922
320.1991043334166 124.77402119050396
267.0743657782746 240.63554508937628
171.30403185455384 314.60055183120596
208.55637353504494 265.30299781340574
248.10713266111088 159.95535777253784
91.3246108907646 245.16386046035095
330.82729600628716 357.4405827045801
89.56969721982304 229.84068100926288
320.7138196039918 180.13008594044408
273.7977742286356 267.8011102292283
27.995811824906358 337.8028820488738
108.0063719932694 354.99413918541114
62.3817581947002 133.2600779910038
209.25532797110793 66.41669121869099
133.00619423651145 395.15735338272907
121.25637342764347 347.3317435086424
19.79853834114751 150.98826282277855
389.9330113810019 55.312377800667
295.82736342489176 49.55682057742057
27.730424322721305 321.23914462673457
160.2514087417052 350.4806950353275
314.7834639910392 236.83128760791098
84.08690038882499 268.96988267759554
8.878520452591099 178.24556518404594
176.07860513118808 197.32831568097865
222.4737397665555 239.7295071623703
43.54053025203575 20.329593691489745
273.86956047841096 378.26894685184294
53.10999687275828 199.82062399181223
330.9502115811348 359.62299944687703
88.93705826045286 324.6103960345938
239.74461395055607 248.0926223286759
160.90947294287847 4.904088862009814
166.38331722714437 396.8221069926687
333.0913054287057 136.24597025897515
379.8563508927653 72.38588623300882
222.63159713492053 266.13749854660045
264.30477252673666 386.8663172127624
361.9775744065235 67.20032544410026
73.4070804649782 112.58101911436027
222.30496842971866 153.95693132537795
225.74956865484847 219.0716959408848
263.65612994210164 76.00474817787841
88.89790729631267 198.91926665514842
7.35492662726589 78.56281083369075
11.215417982781517 38.4035217955319
18.84517384914952 142.07306265375922
34.301527490679405 40.97827762554851
44.17795276110872 95.74151721238815
255.25206390155796 225.9866256765242
360.95080779538165 245.60773338586915
6.771205679038372 101.99344007867862
284.5803358442967 165.9340446007155
284.4929788627215 253.5659054287551
313.36753832497226 73.40922432500041
174.69832101034197 182.28569385422898
200.89360149982184 136.8642744721056
221.94192272018887 207.22955276305237
311.861778689716 170.9012740274245
124.93106219819055 157.10832742319184
347.5792352813849 220.03928083085302
60.32691839337758 75.70745352815366
319.8508631583958 360.68439039074946
307.9667995861589 214.2251195848523
307.13509788976063 31.43423378938661
287.3340841526597 398.55733716673546
44.390037319797536 147.9302633518135
13.93051467325992 36.53253372425955
378.11613363593995 366.6743562871453
345.53385868574196 369.5510440622965
60.679990712820064 332.9293841596726
12.151925331097013 75.0382923587825
63.081843862125986 381.02643192543167
109.81210294950597 390.57353131331894
352.9074161607462 351.10461432215783
87.15371993672596 157.50890557151874
114.28302832410053 144.51244682923465
65.11859410428231 171.3471018705655
79.23099226988622 360.80297197743454
203.86341646325587 378.0986628543284
194.90022154255206 242.45775324180224
367.3454223571837 370.2932719379118
68.72547910568252 399.1782923623047
134.8613879021962 113.2725636105965
313.6464612373334 191.786269217615
270.1476778614834 271.8448599202354
58.096254961147054 226.47718808099273
82.47745979098707 309.33568689979995
290.54677710922186 343.37534947881676
300.51917393701143 95.52077440363784
375.9768680016619 379.04082577524065
128.5486957255251 286.8815144170009
11.706938735484185 40.78263616472837
65.93539408299556 232.07598610385762
282.62211249518145 251.3350432471178
44.650809413677585 7.471674506789139
130.88397303334284 105.6575036778757
275.8764537518016 202.03922385302783
72.80911102466688 327.32127893188573
295.61566715775183 47.85967782920575
175.67091555183927 220.149617952647
60.54233886080738 231.9508050548291
149.75889749063094 181.48079306884176
369.1474951556157 27.07106181322514
316.1083686310671 276.62698891166286
369.5731017422715 43.61323902585652
377.8910091227134 369.8047627360734
264.3501213979849 331.6524817327718
353.53526810439456 65.01617054642593
333.5864165793466 351.6669749102321
322.22357932793216 31.06266751217026
271.97795893877253 84.40227580944057
387.491416681488 168.0769844071005
371.3450051548601 264.8038342376168
282.23146641662214 118.66146746455577
279.2230394543904 1.8949259478424185
118.48428403541904 234.92428682753842
325.36643330867696 285.93069948721455
327.9748414883644 283.4081601007224
331.8507293630925 86.11202197401182
244.43259298864905 103.10941495060719
208.78785747560852 306.59582885468416
246.31083906425903 327.48813155529814
286.4965238469846 195.49211820024502
308.5991053944376 139.57357259973043
46.298069707836916 90.99040732757034
205.00067884668377 49.97178434109921
85.93654806755731 40.71208720657267
256.825207574739 70.7858715279678
191.94947717823334 244.83779665337016
42.52479364754964 204.1620744940504
290.14415197667176 50.512374563396946
261.8797357332254 72.37841128006713
6.662456955737728 164.48293635353707
391.4185000161823 187.09528844828384
195.94509390340295 252.87870872154906
272.7345607382281 388.59094928604105
78.23456409686993 361.4945103593818
142.94064229971193 181.50767160967223
178.08394667794545 16.892780062889344
46.57946508143489 251.8376010461146
66.6671798759197 258.0922330755104
60.88774368686822 370.5804207582729
184.51407544160858 0.5643330691137205
121.38870921761615 172.70815480815048
357.6219858106861 248.7118903083831
52.366199276191416 345.77539296773506
18.723746398298413 149.95723626583697
286.8519005574845 170.71644953809485
206.81985328654574 123.02054549004686
103.33493445096286 328.0742249663129
341.91092725300246 94.92196495891906
211.48164278523237 216.1082843554936
358.1945910601333 45.69444232649773
186.73110830535072 322.93326033101994
227.81912103572236 386.7470584398729
183.71038505775826 53.04144234507198
218.6141195837879 388.2721126483888
150.9913122261631 229.26674300122096
3.046957969142028 323.0419836970884
24.789076907110143 74.450270094338
171.98146972856517 8.395181850521283
296.7807331061124 22.77090398107915
205.64379469127792 205.16400009226498
331.3000156206033 218.90732732286065
115.52820762952302 271.74934791527943
249.74291904761355 33.90129540902631
394.804030590238 373.50143021669686
305.09659026780486 359.7946105380607
201.11273389502955 212.01810091225406
237.0824411993181 240.81601972530007
44.47253659371499 265.9258688019278
128.4820796709595 157.09680249828773
264.33594267474336 324.1615606215499
175.7931938925356 397.59722301687594
253.67369457385212 44.7258690098693
342.4404260450027 42.12919148893648
124.28681697800106 186.33309156022136
80.3445283720794 118.06341384410403
306.3765887414863 237.334545589699
385.7310551770006 305.51256616099647
236.73031758727598 5.746087960494206
197.63809043867525 135.48514650161653
13.708856131103664 136.16365508826024
152.66066189093013 158.70772099709183
283.5502581875003 283.80340618505
177.04750067305758 58.51647802596989
71.33158555866919 202.8565836605821
127.34405848973003 339.4220301462482
181.25949127335983 295.8020606454487
283.35364921122726 43.65473492235674
364.7879599082944 222.27280564747304
152.26694829612276 131.20058462152974
91.38999314722528 180.5255683217677
160.38794937702013 304.54119263794735
255.63792682177814 251.51627028889808
188.9628322527305 167.51439530526625
115.57534840353152 335.0365311274421
353.19611054497193 78.41493851352506
181.19160158768128 309.3202588784666
128.61674679021337 90.65819549903154
58.1381119436756 309.98184419761657
296.5349086500794 170.0326613118918
0.6537141260588797 51.10116078704343
210.4082167576543 235.7702769177533
138.9945280556197 300.72319981126407
177.5144938558169 93.36672448144303
20.491747241099745 174.99372556197338
105.40602327625446 210.28692564766942
39.68917698946881 29.605170717253813
180.19868101445417 131.39407253829205
331.84016446453103 204.18020674737508
23.827137528010134 139.1438830268135
165.3719540574035 314.6735991990361
319.97572964848035 334.2884022311493
192.7533418794834 190.82600529594313
103.47250676716885 46.03744267122947
305.52998447179226 320.1565965097514
175.5121991580941 176.32824622000055
88.11951582093931 386.93426100027006
37.152028664975 141.0575758230426
176.28687596963135 384.020780664769
326.1022161103284 291.8332906641972
0.04848899244676019 227.43180609902996
196.91135557201926 85.00562173778104
27.081867733653464 17.915215175769106
202.22486746475536 210.44159531262724
321.54540987545255 70.79918280577684
12.87286778893364 200.7090634370615
394.54139388730994 374.8155128006028
357.121958243676 112.04003451134827
346.2831325325905 42.5570167261768
264.503466370444 101.64589872194286
186.35546808212376 179.68064139884862
67.2089160470819 321.6606605039066
167.28585017077427 26.921385326550727
42.121605019791986 308.1909986230754
377.97151772321155 218.43496451264036
69.13111966331287 364.6553163804195
317.3361847201148 151.94058368813955
36.456095369480266 121.79714497711566
304.9180236875227 380.58790773130823
341.2782464210663 302.461107663445
383.91857778635637 13.425899887877879
314.069149908838 327.4230826811225
33.57066262593595 150.80389968846296
137.56916289295765 369.2691582343816
331.5111920549424 182.98878137846302
36.456170032269064 194.52109652023668
393.1731676328467 344.73493404658103
381.31977180212294 229.90922680586658
364.03899863116635 45.49697192595046
280.63484777680833 346.89675508428235
351.92572656390615 384.42837449563297
227.0064202083307 79.26262454507618
60.300506753795034 111.26207498346838
19.035954612398996 371.7531617953528
319.9531844494943 308.62245342893897
97.7372728843993 303.515929587127
15.180587849202176 248.27109027672836
216.50844843839212 138.23226913528478
61.96561000438345 13.241922410021223
6.244211255903309 123.56809699578957
119.46195467152721 179.7743824601565
302.25129897177146 295.76583749389613
2.4238234869513597 317.4064690064108
67.20773632076975 140.90327215608323
311.0477921993809 292.54257199490945
174.48458221433523 322.5483533280779
6.022228351449144 150.26424187512086
208.7274031391948 206.2420521873421
130.4079609636983 101.10492333665819
195.67235445292974 194.44460428167454
216.3015767292365 253.96317318155002
190.75022060699663 131.28344673690896
313.06143935049704 213.2816281972024
136.10972832998124 244.64431834344157
235.20408568829495 298.0724014935083
338.26957688539096 63.850273802351154
151.90724375897574 142.32255002710357
123.68678958840636 284.3762815709523
226.38345384066278 0.7664335681824674
297.10718678518094 246.75027472490837
62.21666899241245 10.964925831062988
357.641684640948 354.99469014491535
25.082269752906594 152.08451208650416
20.09054101207837 380.665633338119
82.09897153324049 292.7225169574259
44.11552650871502 381.74990392249725
37.38927530253964 334.5776698004316
91.43834463045062 111.3832400387484
341.25332913906493 235.71866027005578
111.3215416661704 99.55636619481001
211.6890260994491 236.65594608830327
197.16648723708713 261.6783351000162
30.819387165627845 114.37583353348072
362.14095930596756 321.0700982159691
265.116456818726 353.94835069190293
249.32701730111933 128.1639584209814
307.1389002081725 154.27411191375035
221.95816986900726 317.3881964426377
47.82877137443911 373.98799400598256
