1000 400 500
30 80 0.1 0.05 40 200 0.1 0.05
954.8563984597512 135.48064865093292 25.38626649244396
261.5861653603536 341.8024572013527 24.686887301598436
159.23549944892702 365.1870520455917 27.59898715141294
170.1728232920897 252.9419352164697 27.39374355451175
101.39988848189496 235.791893078729 24.227286332838677
153.43617421736033 3.745036755064568 23.913255539201327
28.600208614869448 347.0536017645169 25.16198077914225
696.3199491851185 136.56633886624036 26.56691897764401
806.9567849004679 393.03449305545996 25.492625449000627
110.34508167215296 170.33410731555355 25.13275010976045
82.89763713664688 58.9571045732777 27.162000415576266
41.42758919027756 307.0490192934853 23.69545125625938
759.338205791686 20.197866352495943 24.16187639931451
447.6308330112025 375.87328823967795 27.071796338867912
282.93657719405763 335.28872777559377 24.215575785103717
507.57398147019404 144.17575511713417 23.797596273303522
971.9620751962927 320.1422527534494 24.807949767701327
670.6035852331377 235.61143597483155 28.295938441399393
181.93007507641468 268.84792969722724 26.716610115487544
344.3392974744556 176.51085583252296 24.70793960490427
309.9418523892117 221.13672124421825 25.768997016173046
921.5225764688906 26.737491728954144 25.661110298606868
764.7540489716451 185.55367870082918 26.469423453530453
973.2993654684527 316.69439187079905 24.47757606815868
98.50116782229267 71.84423809875304 24.901777132856473
336.59956521946765 179.02678943348232 25.532681624369822
512.5830867168752 71.12613284669855 27.08211893113916
464.9578923110431 396.22856619898494 25.508666084673266
153.77173348785135 396.91354291950256 26.797907196682484
120.14719719086497 42.02133927208669 24.53970853959419
730.7144263841932 156.5622130180552 24.185794548708465
190.93835194276 326.98723040468786 23.90221852359802
463.7272714116112 97.54055969038924 25.548538106534224
929.1035175176596 313.20436518847555 27.203101193904907
674.4621157702275 246.18212782799947 27.54609709598674
94.76425683240063 78.01048969815025 25.491116861085132
103.4514174287674 52.06528142585323 26.190846924907525
666.0468007080433 116.70781201825938 24.441462952437192
473.8227991799101 136.47673151011003 25.478342765111833
763.8145807271096 104.97459027575707 26.61731680594604
794.1329361517608 129.8731941473657 26.861340289349258
2.4472491613047875 114.66945711996823 24.71714291318973
292.1857695988024 325.93883220036594 27.665906728501078
443.0487633898651 106.05523701634074 27.892809722612142
809.1268737832384 177.57337849117397 27.416314455238453
896.2853441154555 13.434455350571772 28.43758500325002
557.6795433768376 155.51471090529478 25.513806165829354
307.8536264373294 1.7309124641013085 27.958360005261692
693.1155973718721 169.6285763781145 23.858918613506397
29.299334569865 394.3742513529347 26.173343008990145
477.817781195533 346.265196782727 24.5453847677466
708.8722764801702 247.40049719912145 26.622185797640704
491.84879873478195 236.31568221394116 26.335120145230576
469.00717574649553 154.17395840816428 27.294172354895206
388.92804399446004 215.278743662854 26.069725840262226
715.9329357380813 186.5180350058095 27.72267124446889
890.137432252604 90.09815806468646 26.727472165084876
959.2806872653022 382.0174510687257 27.758397540848296
801.4164435981214 252.83216733634083 25.41090312648945
121.20344233890602 338.2752105538885 26.61485915616329
824.7208984017439 267.1950662683966 24.985934843867387
60.63325272838072 31.177334851806293 24.018292901767914
280.2421389995062 233.24773500980683 26.39740263908323
113.45488771432433 87.69058616838046 25.329886521285857
776.3231704029313 184.33451066264945 26.289103778850375
897.5143744268058 260.095462980784 24.325504064499896
547.0457991623763 8.848499144466748 26.561025215505243
105.82595390835236 207.29253657991237 25.19969372228371
51.65808563160046 281.3823743940143 23.92705102499852
524.787973548829 23.117360846195332 24.135575984137585
406.1965554750978 200.86677406278372 24.589308169208525
688.736787126511 388.4109548191484 27.076245655499513
941.3396219826145 278.74042753799904 25.43858298884502
899.2032838285343 183.62244456495608 23.819443576701843
281.5916926537518 353.1139837910391 26.013977266325057
387.60973693204727 296.421160767848 28.2051748560815
683.5983558084229 24.11102036585295 27.02107673697552
134.05093739609265 302.36968930375264 24.49227795898498
304.364775038271 353.67302450517053 24.900171167542815
831.8114997459437 188.1112574040314 27.33816256043237
676.4006460709563 336.42849327343345 23.56015010541154
126.3291223201224 121.45683449003269 26.466372758942033
13.726948230818214 256.8275058792758 28.427153568836903
86.73942550846026 240.67242599619158 25.786545440699463
362.0119023239803 275.460962562712 23.799280371972102
775.6270367889396 219.36913245039045 24.624792154119625
823.9874281516713 51.89538709156305 27.720956367571556
265.2324128896929 40.6399847044709 26.8305440132268
658.2415241263217 373.7887446385382 27.186081368602444
862.5671526069938 155.17182925173128 25.89629312886248
470.369114555825 27.587551577063874 27.112874088234065
117.49433362645311 367.4407340190321 24.204175211557526
729.5514235184436 163.56936842854304 25.79230479864274
222.0287407733027 49.97871355220198 25.989570792297563
674.5553190783203 169.96517514170458 25.154955226674566
100.47664641833931 80.03064348174856 27.275326340715466
278.90614086206324 13.701751185318312 26.408731644778747
132.50961849900932 171.4072585825172 25.616168420719266
267.9747177311202 309.02254202657235 24.22461324245139
448.17328356431665 376.4348309225644 26.03363044409498
397.68730840103785 263.7055478731193 24.463969569411518
847.8644892922508 291.8088040298481 25.59642887487157
976.6507846222846 293.37551059242577 26.395207379121118
3.5401153595550072 144.82997186841789 28.08569692307568
336.190989537393 98.83474890431891 27.807776590753054
921.2922579339095 383.6405223160342 25.501657064480725
6.013622758778037 124.48857476191426 26.437918192822316
30.758251805906745 361.1373952226198 27.53791620146433
351.1713325816386 156.6476228992575 24.634881198908296
413.8265717182603 195.4240749495778 26.838198095981472
467.3910488198882 121.32680395928226 28.35247117679252
903.3182129585961 111.92326713345655 26.921471757428733
49.589649857999405 88.45830689461684 25.904370044476284
240.71726372601475 219.3138118006606 24.22542933400097
559.9673612658135 13.272044519973258 24.700236807455067
458.91063293992227 232.7304024097681 28.182355315599406
379.1729168021116 19.798527403757493 23.532568548463434
788.9727454305715 116.37556421649471 26.55969895142441
262.81744808765427 173.5958499427061 28.232962890397385
926.3658717809109 350.7942467285676 27.221095722811654
616.5815543192772 262.2209250445777 26.403937188265495
537.9666964658692 8.255388809553477 24.79003718871015
101.19512304988231 7.734658042874498 27.873872048185934
662.8936128092733 107.42389025026986 23.522577383415204
372.93119951877776 324.4786703289032 26.85486297790206
732.3947215574466 373.9954185857703 23.659001311134023
329.5741368375522 200.06613746871395 26.015081629374013
491.63083872316304 309.1569782620029 27.06573555933659
774.1086092305821 254.3192125498979 25.739321590504947
192.99979147767908 8.332314914935113 26.58330738508685
621.0111425279764 299.8383172374472 26.3462831268727
200.01462273993286 318.12547049944675 23.946082957390495
579.767311200931 212.83294253842433 24.483242199447126
105.36788552482146 202.8919664650513 25.763940762591652
68.2200661093495 191.35672410482115 26.02434115511994
748.7538097991654 140.8974334177889 24.980933506816953
80.08371722137464 341.50103632512946 27.676005069943056
100.72830582126325 204.27204366588384 23.624223535421287
986.3173341052051 145.4873882703919 27.93195185826666
949.1816417877037 211.38817855319525 27.997854237886735
153.29996023576064 27.789397614530476 24.732855818591652
135.07564030149345 83.08229617380336 26.776860435304904
660.5182252102555 188.98721701679256 28.05572478892626
793.5291636994751 387.26200775163073 24.531291280399312
879.7746706101195 8.339196748007893 23.991119345334145
584.0633695971069 15.590509936193575 24.917269366515207
804.1347510839779 255.1258279842663 24.64003131422375
268.16687924803983 190.57418848837676 25.270478601294382
589.7086510493789 369.5072780092212 27.275951981037114
601.0020917818198 34.70019530839927 24.3305462469761
83.04535031578864 393.51649948940604 24.742684477498063
344.1202007614671 22.230743175542944 25.8136519186983
171.90733577693328 13.213094298587436 27.48796696168438
133.92754795698315 349.5642032873711 24.08319874406851
622.3778487905535 19.026777600203104 25.13199904354231
922.1718651376733 366.17179726317903 25.089256681142093
889.8877262906922 151.75173760810802 26.125423818363515
65.08715710006786 163.21667654264124 27.44832524424302
939.466499803987 369.09247397572585 28.122000329197373
811.6224251829603 73.01248479388937 28.204249591755456
839.3318437900066 278.4359177104127 26.85777250476054
722.3261964769217 135.1836004331303 26.684203858581714
244.21505948404086 215.71192521923535 23.943529764266632
342.2874883437664 74.20323235027229 28.47276077746627
537.3355760395592 231.63282187135988 25.315193807676543
516.7374502389428 241.1107637183585 25.95129464333835
513.8176779251531 242.85048752015211 24.593722615212457
948.5687249621494 126.59974168543498 24.965294718054665
959.0954168541514 27.964814215499167 24.150380738304204
684.5715108211842 374.0256016027616 24.911448144352626
183.35960757075463 351.93833351487814 24.79480848889226
22.442719576697854 223.66082664476946 27.099314231242364
631.6222133365543 86.14625628556816 26.16415574372568
53.786928868882924 11.927927468543942 24.405651727837984
697.1407054135747 97.59789231390977 23.725411095926635
508.9702779695604 333.320504155718 26.566464515168157
156.76579170065773 296.1316172038364 26.86562144626416
416.75315218835095 43.98239655368252 25.552934545085456
537.6341695465611 282.69012651604186 26.56350282636124
113.43610271458549 133.9089390861126 24.259859811602393
767.279372731265 308.95344037836884 26.26039240148578
470.5010218591017 2.663763761399851 24.653091948074213
689.8137943148964 256.22226119686417 27.59989362943762
603.4867927656222 18.324694667146034 25.826766892059172
219.84889183855384 230.83153525477164 27.92705958889357
384.5493337559158 291.7842768805626 28.409676405495816
808.1533742453372 259.61253219736443 26.744611956763187
522.6431779809495 222.98927510448752 24.027686448788515
497.9566068179232 200.83823677263806 26.552387581867666
873.717975527804 330.4103075879889 27.217245267625344
631.9216754582962 56.26065423991364 23.6557612694334
683.3198902178309 111.94266292343231 24.232246131234636
435.1443894114867 314.607362959828 28.0498493256788
189.47178022791888 250.2538948771344 23.578140447589902
441.4675168481843 56.325874451599624 28.471412549999513
77.99428562206678 7.76697639019126 26.125481876279398
475.687321388462 227.27795551233024 24.18395192240173
698.2210710173316 289.2025900830217 28.129117915193188
564.0089817162984 13.067626095083673 25.219819238925346
336.42334628980865 309.8532920471839 25.035000764718472
364.88303954831616 127.06669200012128 26.264411072740074
688.6387362746534 316.22945877599335 27.266930489358685
122.0116684960334 319.05685320883896 28.421719012567927
564.8158166678717 176.85502978842723 25.220181148338515
605.1084253374755 16.566215523974037 24.959580830284064
742.4356520273404 3.0029058072827297 23.964510146073525
370.56090684473355 370.019259978981 25.180711322320718
329.6241436172648 373.99911142609665 24.988979596094403
26.489599314995395 372.0696858781599 25.6076496633831
414.1694583207208 25.09439740505246 27.065681029289266
92.20347300389497 191.02479270393934 24.183677774930995
694.129173178442 397.2545406516542 24.62607937873213
802.4773198823333 271.924925493588 25.576962690283338
95.54457803886274 330.760174963809 24.136377655818748
608.5542693509707 334.19093883835694 24.50293836618687
580.2476722635494 285.18601594912246 27.828028023475273
690.8147894727326 193.12475669627847 27.243433189223687
788.2939556885377 157.85093342200747 23.834128348605873
27.53387957461795 159.02025924181177 25.90531363692523
311.0010186499844 215.64826249965492 25.646677139497037
199.32997028815325 271.0431107265134 27.01335767930167
77.11584109668146 109.4821503983844 25.735105052376454
373.42357487763746 395.9461604250649 23.53048802140731
990.8413029412912 58.30506767433508 23.84164998234842
763.68047622846 100.42984745240501 27.524050404300123
880.271974347112 16.675136908497244 23.629329111459448
243.99403595518476 370.61347514220176 28.302048144444814
401.538358276039 115.2849968647927 25.03572764781683
880.6238517161124 326.4799921826997 26.702564110742035
560.3361326462204 321.25769620415684 27.459661301730367
604.7849904831165 230.8740323233541 25.279295262242044
330.58969544455084 131.11385149987362 26.153957625901224
465.58141942389284 132.99667910703593 23.754366381353922
701.2147285028715 104.89088358415302 24.338994524760157
265.1825983839866 370.4302490984672 25.346406860016494
707.1225885313654 289.3923058365695 24.307954515162855
497.20963904466595 280.3697670933425 28.389192156187686
299.94426985573386 70.16680731466995 25.43260499453372
484.2626380415189 382.5129175695592 26.167751895326475
597.0158048076594 137.5148996227084 25.561274024523424
274.3875780846932 179.29550793981176 25.670394116429243
282.9031572155256 147.3003222047772 27.938908883031804
26.43677962965496 303.93269167967554 26.21413591028155
4.475929114358346 392.05504091436086 25.879908180930205
342.47503740138353 6.865708947897264 24.79696399096157
135.95784323690552 155.01583830392795 24.941908417438935
827.7605746288389 24.297613587386692 25.884484705879984
541.5613279147855 376.26867125777034 27.0338608903317
345.89062524982205 279.8578686786254 25.894001957236117
36.69668066232168 86.80823070136077 25.542401640316747
243.3312201065394 137.14234382332663 27.3109459768531
360.15429475906626 27.497163464996444 27.27143073604758
733.004869124135 395.76100347481525 24.49775764062091
194.28724086379867 123.8354111022256 28.40256935694799
624.5242934232855 399.16781820091967 24.34261996987077
292.64023270143423 386.07863518474267 27.23723753973558
377.03849163924207 35.27490554406696 23.87547451417486
138.6258383529012 193.27782092069702 23.659840828681812
721.8881300272773 340.7432046049758 26.454102511689825
918.0599379962781 238.70441105800842 25.84819737055003
783.1010746596522 190.72384005736015 25.61811458078341
455.3306270701045 396.0785205103096 26.080979284211033
125.33561217539602 35.27510153577058 24.919753644131927
259.7592244306301 337.98593265435954 23.678561721532855
626.7015826294762 343.02860277936486 24.085646668696494
936.7629254791539 120.5555294766088 26.33611812019384
637.8427950281265 387.00211029836254 26.533080157189726
28.56806193578132 356.3253177577726 27.83580284674175
913.0060800165274 155.5842437531934 25.269930118226526
311.64350193341016 338.45630424037165 27.375016364310028
132.18459651140856 336.22603922283827 24.432845819992078
752.2987688332462 256.0110281505952 27.333539454876075
58.81461475505046 386.5936032353618 25.469328971195882
626.9641214609808 47.602202580703334 24.0840924205928
62.307826172282034 307.9440076367316 27.223502275560605
777.8609502160938 268.78799661398386 26.58586246128385
680.6738662835112 142.11020610210667 24.84204336465385
985.7768292083643 80.34908875363796 26.692832646260122
391.76216905866613 244.2990386394841 26.54725834263366
996.5486681562617 176.98004905800607 26.859333945804774
822.7374852373309 100.24700108649162 25.421743484318903
693.0769213985599 339.66827494654825 26.781962328783976
261.18019461278163 263.2196477947568 24.57858159326697
226.06313519093734 274.57024905410304 26.324596009592874
776.9318585540392 332.7105492266407 27.53944840152031
929.3773813692039 354.7300554335349 24.223303616495105
245.11747633961966 375.0722304805213 26.569154591524118
484.5916385450574 60.47308762015873 23.748941658007638
535.6793666279416 33.02363929498631 27.799688103110032
857.7067742739599 265.45037149780933 23.952535430711393
545.6346627882218 366.1030860494471 24.572282678845532
912.7719636120421 377.56054949013344 23.86436283752765
273.87788781146713 31.502018825091362 25.80684206895276
574.6439243450726 350.53911750256896 28.14110913679369
935.8232993447549 321.9000140182447 26.82047864775237
838.628802847146 359.83214537678043 24.032504451669144
82.02925380375825 235.25445585158846 25.72914896667517
539.6364778423722 6.166821705649861 27.092362861835866
701.0474065637286 316.05664178943147 27.918424010775468
438.57655188632725 186.44727016780226 27.0086184681541
466.3556038862654 277.17820447441676 27.523230461445515
59.233225884718024 62.44449825328062 26.039414880735393
228.99379579784852 128.67572669155854 28.045735414066225
624.3409570453756 265.1661216155517 28.381026052329503
894.4373565663418 291.12526337861885 26.22107984960285
63.992077593617914 292.4896732382415 24.968709304701196
271.6934923444684 86.300688929839 24.739939422372977
181.1595423211103 279.073822720493 24.630758392620997
896.3523620716498 251.11766661348818 26.104310420184056
795.7095175845817 123.92954437699811 24.633121687768003
243.4977929686498 229.31798167994663 23.549787460579857
796.8790103179462 329.2903561529391 23.71796284394659
931.4903937194514 320.693610431802 24.857066098909094
121.24922950612881 105.27065004420253 24.05232495591379
228.5621600363369 214.8258390149739 23.91251619610866
454.5749579091948 392.69700695019765 24.657322455915796
400.16319247690257 354.16881199978553 25.899345608732062
6.631059240741366 209.6421666130863 28.025653401838646
649.7118221888509 252.4181113197868 24.015889379636008
713.0778220117252 287.53828593229815 25.694156316766144
816.8250850199532 74.80110610646773 25.056592414530858
221.17363241303002 175.99849552143394 27.50399085836502
797.6333896165952 347.28506289970255 28.156829557064267
670.2961572855564 301.08628204085295 27.43602337762373
268.16462883569847 125.54907284368313 25.51925662843169
596.3677410325223 392.94450408729415 26.08225102345231
635.156329993274 389.48620935480716 27.203177620713397
893.4866492616857 182.38262144551376 27.631576977924322
854.5233066577002 146.31878177872565 27.687634386066293
137.7891395252353 122.92531576640667 27.382803574228127
475.9597543431564 380.2030838138695 27.20359273782543
308.6275375847675 139.40127754842084 28.219072130654183
857.0421027062378 77.29582710529787 27.982642785848398
980.7434243523048 344.6003029095594 25.7027412461654
290.3589366671745 325.23339167235156 27.972834241930997
967.8105701039872 203.80362332803594 27.791347614182527
885.632707470795 221.16291629071392 28.032290662348085
591.4676690212424 358.79936653560264 25.994170408294348
512.8971799263219 252.9407575738988 27.605639570559205
759.0738005663603 237.78521466959378 23.742266959060114
244.31479153921055 217.70651681038154 27.816454707839945
745.5966662166974 158.53747724988813 24.03674925528776
317.2886763104917 28.32761652540863 25.342144150914596
487.3559542544894 356.34197156031223 28.07151537944247
200.65666133374717 192.51892523260975 28.3691755547893
664.2343220828653 6.141740961854669 23.545482237514392
383.8282774155456 136.85179956798575 24.021260603965263
338.2603328797247 224.61153427185826 24.13031596394677
765.0015296928465 137.20564922950516 26.49803649691502
255.35365473347616 290.6233285615062 23.93432456760602
212.7044857029121 1.0606511095162752 24.515664532347586
538.0743836531229 363.7736258313075 28.490041229740612
972.8570921546146 61.71071380841209 25.684290925491993
694.3815228127849 156.00457749098942 25.52743355443505
33.722234203472425 70.06936268254806 28.0430099616199
43.99888091419024 60.321446890281784 27.608860075848437
520.2715591123651 30.075926180528214 23.87525680872569
582.7071570216507 196.39005508267365 28.174947442968694
328.76230076367517 286.36369536773367 28.092723390015227
337.7982514080986 322.34433340988693 28.05847502353012
927.2141586773496 249.15306711609452 25.272095559183036
646.4862068113437 306.1481109710681 24.48895830776602
917.8748042399609 186.3600373928295 26.89620189049202
854.0916613239526 162.78975183770476 26.75366779543259
197.92398952340108 125.49121908115572 24.45144668754228
380.49513569570314 153.6478276107993 25.267886024903365
463.22397573592133 30.60913366373623 26.900469216172805
251.26209106309182 313.5012158623058 23.901786039295185
209.88622376673095 38.82452203262234 27.238490981726247
202.92329915376294 314.57426682589926 27.123749843915263
117.17231480311018 386.4827573236998 25.58131671209479
628.4683484438185 285.1564886418575 26.257468185634156
794.5394840863996 101.28875124063241 23.671863206278815
566.8728576631047 55.92317394883879 25.866871554841854
881.6121231191894 300.6358864532055 27.151687486701043
906.5033491091244 87.05882572091488 26.729816222477435
673.0144157470669 379.69826771234125 24.167442855597788
72.96982892017168 304.354171909067 23.83633468756789
55.22313406245238 0.4899758675194654 27.28453322515404
923.2489530255559 107.06189610607093 28.444892267733398
79.14813721910497 153.9180589859978 25.598397454722765
944.8720991920881 262.660004642026 25.092062450423043
923.6544992617994 153.43593690169817 26.876604467510194
346.23619817886106 25.737381603920984 27.01582647255293
39.71472218431282 167.56855763225124 24.462956281774545
265.5928837667213 255.687046531801 24.2056674593185
594.7008967609438 89.40889220810466 28.130608278085504
275.3270707637287 200.2222034640817 24.01599075734335
888.257231897488 298.00423914333146 24.60924700287141
127.44148706562186 92.12083465029099 27.302263139586064
596.3615940524703 56.939459875682765 25.82789637758907
397.79229010955817 302.01052222736473 27.487603319492287
664.1022142554317 30.71008184500861 27.128123430617403
322.01547601869675 321.1281641853181 28.014217599754573
540.242567172464 334.73989862256514 23.602320746426464
766.0666417006736 129.28377362908375 26.748797286991966
592.0826121742405 168.9628726752451 25.010269483130525
389.06139351404823 42.92572132904411 26.110369446751864
806.0813998001962 60.33610143283759 24.308123164814614
695.222202774577 38.20014177777509 23.786596039672133
851.1906177661222 142.80792244408565 24.992963209556414
754.1541123697631 199.9231020521496 27.760514117666645
825.2456590131992 164.21004231121205 25.200699106144924
922.706438209173 148.89298293661244 27.141406280610685
321.8273209722774 102.10430186828852 23.694737008495746
315.0273725882644 330.1663511741582 23.685006832587845
131.8749357853457 212.36990478364044 27.61880490266542
37.1512190993758 380.755787157578 26.40055159772335
951.5109721439744 286.59546043566 24.65277105488371
185.02143086310164 7.386108897999266 24.82312041014029
909.9080416409067 262.21876005404357 27.1702520358931
266.0655642035189 257.9195093732566 26.22403272671651
797.8514847615343 361.66459424711354 27.23821093894587
369.495756831588 22.032905972422114 24.631331905296125
292.55622789952616 26.045296739892933 24.08036062274826
13.983229414796794 299.6561289077708 28.2251175016372
695.293569494238 91.63781827864442 27.628697549632797
937.1882709332807 375.25978065609206 27.694004142859825
167.85418283386045 313.41358059634047 24.363419413736114
63.14423543158165 71.77039878962366 27.02152454296834
848.5769536154716 293.200813984651 26.06525451524716
753.3852305488319 362.8910365051673 25.993964436242706
709.7407445402697 288.18181837684034 25.822126883475953
88.04661163039917 23.87002506295741 28.35988051640833
481.0563860540367 269.6982688723055 23.51227488617259
65.3981900073276 18.99371830371401 26.949274350137458
288.6915331549543 127.8331692909377 23.568463923733695
93.21323525728853 273.73244697910377 27.396795039655043
959.9706410026678 72.78799060955636 24.574702984156655
173.2281251905996 368.74659530796816 26.17502085666167
819.2458168147296 212.2548976954731 27.79167652310496
560.2757239184626 323.81461523745287 23.994309721660926
583.444086373507 171.12522803543686 27.105609838242
79.42885949907152 307.8797010696108 27.875252046849404
973.8409245445063 196.05522810553765 26.87502119669923
485.98578679490566 106.28040123130637 24.255644125886192
445.4501686674617 226.45543260226987 27.360208845982168
392.06515629377594 81.03549537713653 26.81021479187105
33.1867834481232 232.96029734772307 26.682654934723917
107.02172283038026 351.7480208219623 28.48907360942347
495.16137135324277 285.69717482980144 27.81896244731788
853.2936740701896 73.98070684523805 27.91784468640051
452.98456148737074 222.78688480283498 26.901526800615976
940.4658542027133 263.28852818241353 25.343438410999177
76.05561939399486 193.29971309606995 27.912782705303865
683.4773698479698 164.67636718753585 27.89599676457442
505.11281313420585 40.93967528205504 27.730353305573125
820.5866172075483 51.034079648846344 25.008199521233827
867.8441171671667 11.363137633432174 25.83742733715573
466.8774332973222 395.79140522573056 27.37319220976202
598.4754848484814 287.3348132006856 24.95874042647349
883.0663383259911 244.08295322365987 26.11411687054976
260.73123397561415 105.7119603733042 27.44204687152729
559.8489951771418 236.32330044616575 27.71069955500752
100.52597336015512 356.10481090589656 23.57423716411461
937.0741888520841 45.21668206478271 26.307543667876928
766.7123667728573 314.31614694091985 25.818439506352117
976.0999288075849 392.56766068960684 27.98755379035828
665.0521537776572 179.39287031193425 24.473584355658215
373.5911124416738 130.27229742855658 25.401992415664257
116.5605795124992 60.1568787208405 27.702921258750152
395.9551435695223 8.7563578472035 25.322658555536194
225.12728237631296 237.99790780031697 25.636650012508884
685.1515487584487 17.8411993537126 27.535041334788335
203.8488669076134 203.83721233000628 25.131820730457143
357.70096074572047 365.26238822101544 25.38440462172188
932.2020630306972 158.58453697461644 28.247515697844555
817.6745942625953 46.29422289609448 24.876818084030063
18.79928612980064 51.941093591903844 27.964460333487636
818.9677591724156 237.3472575215466 24.728276475938486
413.13372312510086 231.62559412873932 24.716909158572193
939.3150716300145 293.9603836942493 25.148205404667305
164.94666837989791 45.347340800669 24.90408585303574
124.74090720786168 320.0054151125952 27.486709878289098
776.5178846454064 86.19777193844627 24.373651161901055
794.2725242821986 264.6152127949835 23.512585099311824
470.54861846883 247.4081482906772 27.507559206875236
985.9740221553135 154.53772965237485 25.912999688067494
828.009620523426 147.20402283439972 23.75001386014658
611.2544998333968 234.26246007232137 26.304342167033255
594.3699221386996 35.10500193417138 28.37872915777247
358.91018424062923 10.06475979809709 27.352347170659026
951.3901928806057 377.5497418520095 26.88686299194115
556.7977434751753 216.5212297887181 24.550523566179585
381.9142249127473 166.99784447449608 26.288248774733944
120.10046909688221 178.26811978347968 24.378177466025896
77.9564875727643 372.2525586578871 26.9291836037616
962.9089818663309 352.75870290649266 24.328953179568597
53.37123246826292 259.98663158407055 27.35420730705087
155.74159338067017 332.22687714471346 25.090642800296052
101.38026880735029 323.4189328084444 28.47106479378026
16.49488630407592 369.43664767186783 23.68677308498912
98.49320423941765 252.6073043539635 27.653297443323268
926.3370082475063 380.2936340232859 26.926769585156535
998.504778944141 114.47371334968307 25.641446444255628
274.8085757215908 368.968143300925 27.117792411752145
16.309573130852574 65.78765405246281 23.71133974690728
728.8193637199362 13.53332575774373 24.777994289838997
788.6167677889305 228.9821505975126 23.797906368216463
266.6474169689014 231.7090432729695 28.46519245142599
307.61352412445626 192.69129489396968
379.58710282985874 303.2616885131285
100.32581357247419 340.0699216214119
121.82062426185931 73.8566164334737
353.23955559396217 221.31818660418975
305.5367741892327 246.24366670010355
7.8850031138460785 157.4814863134724
63.34751960900951 267.63132471084054
24.311409707775855 3.243598262747094
223.42412201296784 318.69391234161156
385.6876216454431 382.4844265643005
245.79727623697508 128.46221000412152
356.84441254058896 78.53930812500192
238.45955916905922 262.40322485787783
191.93670828393644 129.12335062222445
105.67505849657111 342.44163819167073
66.48217205552331 84.08721353903007
242.2289022644255 397.1283485966208
51.610518326443966 154.87409066399925
11.177961148870308 42.11491649554748
253.4362114899932 217.7504946242404
328.9916734619199 255.54568003921722
8.045241338947351 28.586871985169758
230.8004169205418 139.93249009871204
52.664853380337505 165.16692892703148
299.79676811647835 251.53014081426738
286.16319661205625 133.7078596166545
318.6632325559554 30.183651904473408
87.10392428396196 359.4767566801993
37.228034819816536 377.07177447010883
175.15911255070492 27.091464857924173
149.37881858191503 304.7241274394648
281.76165505252067 144.29757526895744
233.59218480298546 23.142513199115065
238.4568238731164 373.71598644212855
335.2649768352082 227.81015469151464
296.49037353696764 310.2588979686281
255.36165775246772 319.82563372230914
358.74906769142706 177.6151208153902
258.71987355371226 15.351471547637097
135.24743908381396 375.40865588130663
26.684798404246692 91.02044091432826
225.93268552721594 329.337722530523
52.57061870565658 63.895773999097116
189.65794119761438 279.804406286543
114.7759620308341 219.03462983192713
175.75193915642143 190.24844758505725
161.20797504965307 174.6571442055096
74.69166835343168 264.6014875903237
299.9979836519595 114.37683194350248
386.9622503171223 33.98163388173994
215.31974575008067 317.9008357512245
114.26681867035526 5.950827462986474
213.4495366967066 86.06189457048944
144.8269917083956 265.36113210766246
253.03521204859177 182.99709101966064
234.5929375681962 174.01880230265823
124.86985469081988 307.7412652276618
178.75977938464308 37.09831306019713
220.29329796631302 59.45638695953592
323.0657001498146 87.44163109743126
63.673404281842934 374.97121166735405
381.92476582361195 384.5809974984504
183.24678287355965 94.25859641402621
210.52587739982206 33.526895537964705
355.9268252235034 348.931115204185
120.60742847598686 299.0656567379358
185.51521207954576 270.7886073181805
334.695059238632 124.51459494791841
360.08087166338635 281.90450554042565
41.16841565965412 259.585460193936
383.09889482425194 354.69088991585556
242.60068511908855 60.21026529903089
284.26962565182595 119.83530414647201
382.39284029838757 243.88661047845724
189.76657724005514 351.95552747940934
189.80279725233885 267.3026990282337
267.98973211722 377.27172685961284
101.04760422968297 138.70554523647846
65.72920052690714 124.54817386132473
394.2350522490184 185.67872041780856
210.97185171989042 80.01044090553955
18.45924192915369 169.69941354384162
82.41231700750666 108.89643845984232
202.47252249147115 372.0474906711024
332.0571314936421 170.75334653951634
95.92477398901518 271.3424030722553
296.1396666934503 382.5452423940449
326.23867699169415 391.1870030808308
140.8909820743431 273.0895755314279
246.7680442969104 217.10037650770536
63.54032311603341 224.2936196483805
206.96424292396682 165.1249652608869
5.246785590976577 9.115246564858293
192.85406999562232 30.196312961473872
331.4920272817449 13.125468239049098
266.2102034764031 150.56695235610508
396.7919332870799 166.0033224151433
373.37392883387326 295.2791112077251
234.4131393677519 211.24672218200712
99.76761830922571 214.88394177416006
398.1088020468601 306.8362132846786
13.712638482952721 91.30817002058845
231.71567502557346 276.5414701766404
173.24670405816795 380.97210441335494
353.78307187413344 321.0135993104116
162.21248388403023 365.96629946446456
118.23209134658761 49.759554369736804
276.9676376533826 311.29695995024645
48.37195475535996 309.54785138113067
2.6444826392426624 271.9134886790783
340.4280658401521 261.7480767661449
97.96565996318058 101.43481586434424
294.0647876188676 100.55978852014809
50.20023887538825 85.19394394208982
351.21399606285996 106.03939731469919
166.92289186902994 253.42361862545894
310.8484912761955 190.28700493961165
338.81684877122603 26.10894937287558
236.1676212020194 322.1079826904553
337.83944326136975 399.2359310849101
181.99048216810226 4.917460318557509
207.64731977370207 2.8681041312080158
343.9802637739965 334.60883583319594
258.2562658056892 44.68650722287681
167.6513689279318 278.5607422446401
394.48900874179276 198.33133648260025
153.93917320678133 93.90975499465904
387.84226738354937 304.0868713291824
359.44013681393835 42.669536419344524
243.9825201816608 120.1542038805616
113.2585916569361 163.2300778486409
223.1581658800874 95.95954860349667
258.7240953988509 22.223776151494114
138.39366815947764 234.64909699448322
277.0718360756568 97.69841273616832
86.40965684709445 370.1242857069059
361.50633727176427 333.98999779816074
158.79089835212517 4.674698881091022
83.89712714269888 60.6417413987574
136.00224456321968 36.46888738920917
332.68296823947315 82.16838857895267
84.43077084189743 251.86630828748937
99.3894501422016 322.41850554054594
356.7104451308424 165.71714779480615
52.492806118389936 146.74005640301974
338.1638792537898 263.5194229872146
261.19112177474943 187.10818376183957
187.27363066489545 332.50627309365177
317.9718950308974 159.8269217080154
385.67386346590933 164.43921299894936
57.69345228783291 392.3696940432595
143.23122619341257 271.08644391338095
82.22544587054132 365.3768771794133
396.36185274857365 374.0682706486186
173.52207261092022 327.7813578009154
292.80963263321246 113.95492912024135
14.329642237114726 357.4866362110426
73.68896378007848 69.20519281871323
34.558330778461425 316.9747636720222
143.67335202214448 183.7372533935551
262.6758539606963 392.67474014153805
262.7892768214354 272.6264866536904
185.30940779330837 108.87506141536143
198.35297745383662 208.62794637040648
4.569670693604833 271.4172553961633
243.16586383411237 87.92429148041893
131.4394946289946 23.360241642958
336.1623599835969 331.70337878550885
64.8973960369967 84.25874679775838
114.28225904052366 300.8724231136807
380.2746358198748 96.65181553831613
279.4175464060679 384.4191448376053
386.6723759380481 17.810828698388235
181.86201425664294 267.6332184045349
312.0937214084836 271.7494532578181
301.7699998488454 394.6045111085182
236.27370347678593 115.9510083454311
152.70867883253914 110.11776666782636
15.01802706308788 379.22211139968624
36.46655105128023 199.26647173247224
326.1898734540691 191.53419167902305
245.85885547090442 338.8118478943368
316.31203149406986 353.6680562452676
142.34865485755367 132.5158258336784
138.0797232637584 183.9293484176448
27.880746265180267 323.3803104152392
142.90771726701803 31.156310176809974
85.40331336650779 58.92786163328614
228.9633258477787 157.69393610664974
80.13067631457828 331.36220494412225
43.965122884182506 372.9621455334419
193.6783624568443 122.6501079471753
203.35525764384354 37.69846971792634
105.78014932851625 355.26921990961426
8.281432698443814 60.90889998978453
243.3744443871546 282.56963316756674
334.15269572805846 76.01380965340354
384.4259434393922 248.40001216547037
209.36127418378595 309.62881818517985
133.92625888126508 203.85241503480023
115.09097865866326 345.8736590487207
382.0956198420504 189.68276043420153
210.96060747408717 41.055315877482855
309.8855912320634 376.16733579806413
327.5790166777851 58.02469719839105
24.46116407535044 197.85864583969962
265.91675450469836 66.45920743663089
87.41854592151599 228.90716811911682
104.72702186469189 394.77698603016023
41.0730282560662 315.3185660233122
41.07706889767893 221.34129593216923
143.22963032142297 313.7191867840561
175.3792270194801 257.067013865011
288.4272374561118 381.90568885115795
201.1387313402832 298.4940663055057
323.7249828621689 124.65781032019359
370.96392379977044 19.845974647497755
259.67799244609535 18.996387645482304
384.2121864987281 124.54465140319203
32.227446858429154 26.271880761001263
377.973402462611 91.10570946773811
88.80828596481827 344.1718927467116
1.9206853552108605 225.29186202595199
152.05585292443152 259.93892307131085
18.88625188414825 369.85484001440335
57.07098559934569 236.79334737038383
396.84852351601177 225.14960872206268
363.28109493867476 98.7590371792153
244.34457538717442 398.35764893002306
309.51300474339433 74.79268303188533
190.15031122866506 226.0092948833206
210.97142507558186 321.32083863266
119.39857806887969 103.94810855795723
189.3949044500712 362.9917193811092
152.13400572694877 110.83362510125592
382.7395498837571 274.6520084399736
386.63101857404075 325.7316041116556
298.3185446664768 373.2622047234202
28.62994329401216 217.29439344066517
353.40394398762726 96.66681148791278
288.9740555117805 21.486868984615448
89.87521409294041 16.839121602771634
255.95860464262364 126.76668664742925
254.57694849097575 368.42331396970917
35.031008283219876 350.0806335281724
304.6268005299901 269.0997859687283
397.30945531098666 13.992069927919237
126.99210344170466 366.5025906713514
189.71541648677746 324.70743647019515
54.232469698843076 367.1213295439101
233.3434486417266 302.72315157393786
213.38326653517132 185.82251247767428
173.02011138353302 32.267109242515126
62.53330412992631 100.32895384269463
339.83166715294647 272.662198378627
49.72797635613215 103.19861654297804
149.7285256371021 314.19254034247086
71.40749825519923 14.547512675139496
285.1425319166467 363.00605208591026
212.66757359362109 251.96454517962098
292.8810173953153 304.04007204408856
119.20855235809258 49.7689456974133
280.3902554289659 217.91015888981536
280.91657131134906 177.96457081046938
303.8084379083804 317.1550620784737
299.5989452877769 31.947973811315798
215.05682751662306 219.18390560183295
268.47376684632763 347.2306483351646
171.54574557291244 87.72522783960417
108.59186270202552 339.1386952032336
110.9001829419281 351.5299523131356
87.44769668689507 175.65658080143277
54.43787473488335 48.53414182232578
187.61338623958045 362.28441235884253
126.96099820304947 345.6400442523401
98.30873914821687 50.98171886977174
66.75051610949723 248.7273796196847
170.3977233665173 80.9733616264559
348.48059035820387 344.45969762264434
305.3805407022457 117.3967948639009
53.09832411496287 4.903942506137149
41.52792800100195 174.47268460602777
292.54250544137227 237.93440603179698
255.38316912787607 293.0842135476451
333.5029546584292 280.8453397047132
114.43463503652195 188.3533099564785
163.25020075286497 311.5497414371044
196.84056503015066 91.00554049155436
101.89352913732681 91.19483017515431
36.66529165054029 377.0180580762599
389.2533281260706 353.97790383173304
158.1646978744856 113.24848334783906
260.8619371350765 324.39942061758995
130.23644130120937 142.44562830913168
76.43524597112878 69.14323366542826
102.2290189463972 389.2459489446145
375.4855527127834 80.22702714157263
74.88143303049944 89.46292716144701
308.5740615608369 138.01917268056556
15.243668046646208 28.17969503545217
329.029839360754 317.1713287496966
42.006222244972676 17.858125981783644
328.78987606301524 175.46915437410075
87.7449101032239 355.88105530710334
163.3432903614688 105.05683035421187
287.1656147309314 71.6471420275652
334.5906082904458 327.4439425488895
45.511356857760354 206.54119985697997
86.75733758015652 78.15663069330347
108.87258133215187 365.8058509032406
319.32904285051933 153.8479259870331
388.2194408670827 139.54348424906362
332.30352940322234 184.13532643871372
381.553027829488 110.78069747257375
92.88335647618418 142.3868310843087
393.6506641949485 51.73039406331243
249.06069130694712 124.12969985322131
370.4585669842846 155.09005793309677
114.37395597496271 98.70942902368127
245.26303837073476 355.41751585771385
109.44444428251612 179.2795289024549
36.34986503951683 166.3289992936522
69.7288011113578 358.1556546234731
340.9393780610222 192.46712192432383
15.251541280053349 219.02113439700136
337.7629397673572 170.88976212098729
226.9099475117518 264.4236270114528
140.72476668319166 254.7337669758862
385.271691940712 386.45610737741396
138.67095553499564 272.71065153934603
301.6137123850032 60.46824854062418
211.36585938720512 281.1945348083201
207.27916590625992 256.1077210494886
29.35408023204773 71.3657070525044
266.2569269467086 36.94358301544965
25.46434461491924 202.07628241172193
137.21688371822847 159.37756883007617
268.2898154209232 199.80767821988616
35.061836292644344 83.50179991288194
173.05729820844653 0.2924927530788324
28.385276655368408 73.01486426545863
152.87631388954276 102.07687047130042
258.052226838414 88.26104361924756
143.43661120599626 260.502188011469
173.44866326449937 365.9109533232535
226.8012718014779 271.2882718628813
156.7730112650353 130.75465375925353
135.02040709087652 276.103416141282
42.07133750676198 399.5315314442858
31.868757631056432 68.2094982366797
34.546092486305156 313.6745039299791
251.0884776402463 284.47379532678855
396.99622654295183 277.2990234681945
212.09657997967128 340.7420778550811
194.0748170439477 178.72061371498958
139.1946680404594 100.77067986754145
371.37828625785426 338.23770524594596
277.8966667294261 164.61856826901612
95.20953248246187 151.86979831120183
232.0684043283622 120.60328006609278
390.18536439727325 290.1939565076803
238.1509712036217 325.62793410393766
85.68680050848552 363.3757758843074
247.81804050564725 361.88949933306884
318.47888121183934 377.9442923444055
7.995303284410582 263.6818126329823
137.65475366450244 287.81313041681835
307.2484061402555 116.20973465435354
319.3869710545553 281.5035122080162
200.12378891175447 99.03409880152213
122.7970608949744 349.47784520753265
126.10518113798067 79.97029336682849
4.582443766861388 339.94560484745506
7.4262396849550605 260.96624709464254
258.8680582800656 338.45665279464004
240.05847551803754 135.68886014205123
360.0781288339077 196.0497749075846
384.77107936647974 139.25105271752977
60.45147157202342 382.67793732289175
120.23817829086916 53.714568776657146
230.15216081937652 57.0842683516065
37.74626100119751 78.7071217256742
226.7552838291495 321.25652751425326
137.13358738240623 84.69508586677486
42.215593226839275 267.04030580918305
226.17068734029525 337.15672402953004
399.255285051019 224.44492254736832
30.669768473996804 113.10331758965413
355.4348843968299 185.62870266343432
90.18866067019 327.0994564674915
221.9996633947857 105.5035184831365
244.2731755638444 142.13616753142168
115.92185418310876 269.35182174520816
306.75983003222314 361.4142340381253
37.38733282853994 169.8022136289585
180.73906754590777 180.2978524760351
1.3033897766289382 149.96301127458773
184.35713511136146 223.40205734714243
50.23228825621526 246.46602902429305
337.71309565979226 99.98033224433733
337.48366333345274 5.626439158701491
203.6852535227112 181.48217270771542
92.92667998977863 347.8771075389191
180.59976598082318 138.35323234829454
370.4111606367549 220.0894613846399
112.23208355662462 168.85398652288873
224.51497906947085 2.345683063063042
110.7100713375606 10.875925817913634
175.663089734067 25.180319387486392
380.4657482495783 148.43735336891908
96.49176735552257 105.26255315402189
386.4608925178182 307.7441201833675
188.65970421824372 321.9434144008594
127.48951277068863 383.40360834899195
318.13571164674477 334.04537541730934
355.4387045492561 343.5835295430885
238.32101174564292 375.7248851246322
323.9673304689261 33.61003764195631
354.1920858761801 72.19153854390888
255.1400061214443 330.70314161313263
66.9783100728019 180.52077546024532
380.13231718369366 198.25004754693066
387.716534749666 87.7498716572473
340.2009572715186 246.2205553804456
219.353191078337 387.90049182618935
326.6907767766318 25.031722968190806
280.8923445298312 311.5238624252035
193.9289205619238 263.3718247495272
283.4163447827577 195.8179113098778
96.43419371637324 206.19721147489417
66.63396499532493 360.3188234244679
381.9480719875161 117.31844175743498
365.93880085268955 92.62264645339351
314.37175904969695 281.6953765207752
103.78909298128431 350.5454596556132
305.7719467137574 75.76389772685475
185.54803198939743 51.584111051389804
304.19593797800354 269.8203139106756
328.751909538994 47.49239292524972
214.11509482397065 284.69223241476124
266.1014464195092 271.2406632807478
318.89343377607355 45.628190000204995
136.2999331125897 95.58019434128991
229.7565959483305 159.54123900427913
213.18975051224407 56.88652716468417
303.3143215126995 387.4448556444803
122.46705394866702 374.9092690412061
149.76780762811944 392.12270817517737
356.58270576081526 138.50888491996747
396.5115185555217 111.77685233454878
222.26514359130755 229.41423082604086
276.9168250867896 243.6022151878341
341.42978201393436 220.48762363298428
81.66342194407221 216.9381423479203
75.06682554000955 211.9372628118989
40.06224481831326 93.85103289166454
351.0281686102115 58.37035829119528
191.39191239591108 55.70527173901385
350.46186350791004 291.53281864961644
61.34870668413135 117.48257028472189
343.97067212346906 58.0350864657365
76.28848052405273 257.3132532924602
267.39972057523323 368.316372020826
228.0166310954792 56.8858867529078
388.485989193852 292.5530400472934
344.4607972200896 19.104857403439546
239.43071289279652 241.1695779018102
26.638742201457568 362.568809765489
76.78391593530849 132.06428900656283
79.9122662242568 88.14561886962254
278.85829632934775 273.61434170687204
297.5958681654336 271.1230720449069
302.21787212572997 381.9784688663348
347.5672056821582 53.117274380983126
92.61500806522918 103.16837735957023
67.60448130015324 91.12407049338125
382.0773344528795 324.8132494413869
292.7538778245497 266.8019357118192
102.67452105987118 39.49471166052665
218.10849596624013 267.2776599140634
8.822667290990482 160.9829731576352
242.95815960127908 19.469656776837894
323.8123721386303 296.65760573156234
247.34781978701741 293.126521224363
12.574793289320274 243.8500238823213
319.66013599065445 83.4817442591234
131.52773519973934 104.79743137113995
83.91618502502402 242.6286155468672
17.67234423938482 204.35135755691363
368.066238942104 249.4224252683625
52.938934397336055 46.53701184388663
209.62069308828433 190.92020129059995
376.10853482659877 360.51270490055254
312.54939546756617 174.0713737289891
13.465006216459585 263.4318665915134
249.45569139890281 94.57591666734308
260.66059344814323 307.1630831117425
145.60967968948466 360.5294854392037
172.10596059249852 77.77699157742548
