1000 400 500
30 80 0.1 0.05 40 200 0.1 0.05
67.89219324341622 0.67733728933419 27.624418180657376
42.86761263280048 16.461155106454672 26.780501288675396
953.2397680582892 289.2166247084299 28.172161721805068
126.9256346447355 131.53617615141107 25.57631847408226
558.0098549177476 1.4765109570722412 25.36142648967763
852.4286947899042 33.755016976839954 28.31759559798144
144.38902485220396 169.20187668381547 25.718205046963057
317.9944403635548 69.41953765123681 23.714001069720435
19.85351156174342 379.0915020075053 26.019137218553762
233.5993216381398 260.49105479841313 26.188087303919072
93.78694785692954 381.20280431962146 26.527069909247388
765.044027951646 327.27175414630636 23.686147537124665
26.791127575152117 95.51631083658765 24.014599801143156
342.1474777514429 133.55090945312423 26.19087179102965
658.3391298280029 319.1689568164161 24.41374100796995
659.9311885584158 346.61225949383754 26.642546609447166
906.2828485732074 217.8546248720141 24.128408979605947
929.8323860075585 315.7006514451593 24.124742509310444
857.5939170189705 259.60473089937153 24.228546143635015
514.7256506944592 377.66804652592924 27.309570478353038
927.8480490837654 216.4303227135672 23.872342600506038
107.43001249504458 205.76573222445566 27.553250516678055
855.9890714592495 361.7071219051589 25.50991907121537
897.0050767306698 228.8729743298537 25.7484082898022
753.8396819114092 15.045225419119124 24.263698884181057
879.438440332037 59.55608981846679 28.185545763750376
264.0427970686375 61.78342683982461 25.585047658301
887.620410699289 169.68932256305632 26.659747396908724
147.37943160208965 175.01256474241677 27.003009668685856
677.4833417711501 125.14254891019215 24.83398677263556
856.8465544810475 311.7411773492079 25.83041158498583
759.9244242040313 313.2041448023651 26.188364995810833
132.00384773511854 2.797752610653026 26.818402790519755
718.0767655680839 138.6637170366773 26.543092897784547
617.7885902157831 113.39616171107724 27.367692648626907
712.4640571295377 191.2812902974073 28.23675387610851
466.5158348668098 66.80097086644791 28.35024159062409
327.76497247982263 56.92064663763192 26.211950062125897
793.7570359248897 89.7969827771246 27.377766291608403
38.8954785404948 8.877908898495823 27.94631997988109
436.2320304966314 392.0196063087471 27.403768146163028
414.8339900014032 220.59471454688006 26.853475080309313
395.1411041620023 211.7182377025714 24.466459649813036
889.3877784280353 25.462465128970237 24.247857474677875
568.2613725623042 72.03121475975482 26.695332488410582
21.62467962954928 247.00240062492816 25.548976935496412
289.7705536358314 261.92721179464263 26.110486839459924
767.0397336207642 260.2994484665506 26.219915322605917
953.6458384736663 195.94119607179348 26.359386532394723
365.14132827220527 43.87852622790014 24.165247347944284
724.5023763526083 171.78212113958594 28.150452395280666
110.84163803254599 54.69392887606368 24.42433828431206
403.13914042697775 233.64233472256274 24.46877838432802
966.0210121549978 215.75784575914537 26.003948514636598
761.4854424739593 204.1732737801031 25.58003540713563
743.4718362537968 348.11747150385384 28.41267667934845
676.0953963816588 355.93643973888794 27.64997887412868
377.06380619739423 2.1029077155220843 23.749357240037643
738.2027997657507 83.77143318319243 25.506447260466764
607.7256185283577 36.46486965818529 25.215324283498504
503.38390125270274 186.77156870281414 26.547728220614697
652.406324342832 341.4043757043579 26.37056220742766
451.21288721214523 390.0008102530791 27.12698066332697
79.63200285343774 279.5192470041167 25.83715689118876
75.44233050396542 193.05133821822795 25.41019028495929
47.054537042161 98.05777385086544 26.018001414734094
323.08005012493265 30.107415640051993 24.87994443871163
229.3216313944566 311.03147922821205 27.58910977746913
85.52603818797134 113.17599488127344 24.42605272683813
503.873862316761 118.89923594385232 25.431765273448743
340.3061307569184 399.14639440855336 24.585506108946294
702.4665287187031 378.64765052466396 24.484545418309256
305.90547415981183 308.6780438478699 27.649114366941156
271.2681169966025 203.86055312428243 26.950379183243058
47.1443519023359 310.6652091567165 28.39293917168895
415.62100061447984 302.24663089655644 25.92242486024833
31.21034444582127 294.0183840126833 28.393752900909483
499.6609752000867 280.28212698320687 25.873820528495195
345.99772791090476 346.31279567822804 27.695499603609335
998.0501251911767 188.07790662162157 25.46621571342299
548.3135042236215 357.8119067524763 27.876264791633325
888.5270027220231 263.0005270191492 23.69331176905958
289.6739520312084 124.55750310039942 23.862633473273565
870.640248317725 272.41791169161115 26.708126014057324
86.09326594636579 334.4548380986291 26.612425194529397
398.10189845053645 62.40553345435957 25.552971662870103
454.0892668006927 328.1504289706345 24.671441767969306
29.244032304526325 92.29126875644394 26.982675891447165
461.1080674835598 218.32903279351416 26.660713423180386
701.0342458185431 370.2395144407503 26.254696266528523
852.0845696627265 356.92312387876177 24.6953070907351
995.319757776638 392.13143487931916 27.061774999729785
866.6627535908572 33.461672248591334 26.22350252413914
429.124111930422 207.99028310207115 25.15767767869343
689.8364042961906 186.96243687835755 25.62731320719686
10.983381429282012 374.0833675253647 25.925393732691866
952.9410338582205 379.72191204234036 26.385114262829017
368.9267376513112 365.3066145729734 27.457762546710917
576.9165046210679 219.1579570879042 27.579564230598017
388.5984623010189 85.9790273478275 24.257576712193
514.8239915198271 372.33909344321734 27.875990023559833
577.381817064458 385.9437397964045 27.559384554489363
79.37385361217308 389.5708307889456 24.806737315777042
976.7878821877539 114.84457212327888 28.466963499181873
741.7098003377422 274.7304516980767 23.706330948283238
924.7624958491399 276.3242819212797 24.574102122195935
752.2830462322388 391.0257911027379 24.053178630105183
975.2587255734396 315.12619711843547 23.77414296840492
90.0951804039748 395.329046629558 26.31041387708276
827.1203493837658 216.87820309796786 25.394803605043275
4.023475891884898 119.78138058663275 25.81758021079239
820.0891963835237 49.64993198086658 25.245084446541547
414.8743646246682 177.30611841108922 25.484386603009305
904.0357212297673 248.90344390443522 27.3034382246458
329.12421535767976 213.08649836055008 28.267751527221645
569.1349270445587 357.65841290391916 24.58055152344393
39.25679858253761 255.78493981460753 25.885703155021876
989.8655103926519 389.76708839278274 24.67266498006511
599.8293763559228 382.88451496867185 25.320223548034885
143.96911047328908 388.0962312410976 27.99581810127867
955.8998315705134 390.346514993278 25.191456413849536
337.81350664285117 296.8450211802022 28.0181044303364
228.60942915412807 177.8791747344914 24.525405072862885
930.2794783485729 347.64325296728697 26.643170448638454
333.2983338333022 1.3305142787660262 26.18572116509928
986.0309570538543 55.67615912006567 28.447914614810525
104.66405833651349 20.629978687816084 26.868731283828204
602.9020257876884 311.82355314068934 25.74159519172568
951.6681682409018 346.6379981283279 28.062618789076677
103.58782962735202 310.38537927331 26.44020268935577
267.03269670766883 268.29753105827996 24.41172681861832
624.6802835463911 133.84582705206122 26.883713479395873
111.50599054537646 171.44556263486442 24.092167843549618
701.5382810293536 384.5075788248813 25.856324156530782
305.24873856828594 235.11252364591004 27.85412788778938
670.095676863209 359.65895550799877 24.889438892692215
945.7029824639471 346.4437902131136 24.500087300640402
380.4366433191838 57.92324752460676 27.16940708789485
475.54434484538433 391.59534495347935 24.599186594308616
245.12312328761132 319.03502565690945 26.068999111573948
922.5354768375876 380.9158234392487 24.96056921502638
790.5426104986408 270.69410522290457 28.052482217155728
486.4323464422333 120.00624603967643 23.749007542042346
14.023574740061996 211.31966934408206 23.844875085822874
652.0509842325481 355.17514127945947 27.492639001967174
204.58782416566146 217.16559518669186 24.729384534568787
842.0629791300818 57.45911502880201 27.645241892935292
801.7927000274021 240.81813453617008 25.36287849526069
902.3130858209865 162.58472229800972 26.786075258931614
45.35821022934694 273.78094664997207 23.844135321240714
535.0723478468655 197.58514152665177 25.102691645847898
917.743331457293 80.6134485204932 23.996996407472864
994.6640165739773 384.58290770071517 26.06195979769604
371.4796791239137 371.6298844558735 27.050798811961904
752.7111950537711 148.58574050395566 24.35935333813145
341.2064874910432 154.94118690493002 27.520803451942626
478.60954062677183 42.844285194621534 27.495782546528133
204.67741191102294 179.83289812665356 24.065848426950957
100.86140221318718 259.96717172750726 23.986155912049046
424.59417633548946 29.07341997567756 25.18015007829026
187.12524820221142 280.9072496637255 27.99762525067936
180.41177835037092 8.440401862239932 24.55886862554104
660.1192138219482 132.2024905170073 27.563126835959938
102.07451802520029 181.9927253406498 23.957501861848712
442.1295566277905 123.30285523905653 26.754302204144714
321.1767916334336 69.60409561635647 24.98495208526249
966.4436713903359 313.01955410362325 27.835942846927242
143.8677085196478 10.965023700512688 24.96771915479106
317.5633326099975 43.42274556531396 26.392434857674875
767.8798533114002 253.3558821716647 28.283447469487832
755.9395777647472 160.96691629454324 28.317802309787098
766.6794372932007 278.4483249983675 25.168230145575034
473.9615830243512 342.0670845960198 24.919291019696644
59.60423199395593 79.40801464789055 27.28274682295838
29.16421527380919 321.36264899242445 24.896280490086493
900.0455465498528 360.60252004483925 27.403463062043542
153.5984164887413 296.81656868944714 25.739819706427188
25.688608278582326 178.96616496455286 26.65959389268497
674.9174746477896 11.6841045540514 26.943306402389325
616.370280328352 392.993433902421 28.23407049655942
469.2309081905045 288.0756152354174 28.033664645957312
546.4408676718347 140.62513830774154 28.40393214987556
546.7957771008538 152.90996808471232 26.708625627399606
659.1975990573604 132.91259105065677 28.025888873140396
132.16358606637957 240.83713459279065 24.60504106127727
349.9360286765129 21.99531560210253 26.936601511775986
507.8596247531134 110.27882697014073 27.403090943918734
649.7635756962526 69.06211140960016 26.391743296316285
246.8003450823656 141.92211993826103 23.991211723631466
642.2312017765955 283.7858164648518 27.317229770152473
549.5859686518537 21.381859920669697 24.347849634171595
416.13472911244986 8.182486521736854 28.29112131799054
749.045492690289 100.65081389087757 28.1318996782394
716.9629969937164 145.64860205771683 28.363457242774928
650.8459349245642 391.4601062635447 24.878971105365135
972.2460438934207 54.5289494055369 26.89840143767829
484.86185246798874 16.604977130208454 26.262327691401417
757.675771787979 193.16583958082117 26.980168584197436
570.9693445368023 225.2302625783225 26.35428631639454
975.9095288710542 171.93024451556133 23.749739373577512
812.9880070157137 1.3440682086499844 24.896673731960274
832.3621499018459 282.94101264408044 25.568696688363538
268.02775496828525 41.515583871286935 27.61018723406187
15.371997544291638 179.4919748861969 24.67187657817318
972.2631667193368 271.64132548174854 27.816586845226503
584.5794810313434 397.8322221462357 26.05100243948534
99.28762167485705 281.41215363693914 27.560860317030794
813.259133508727 80.8344935917498 26.58304969064348
279.2026803796697 90.00867253293757 23.871004745717716
349.13936261066215 96.94464352865913 26.802624295535526
395.35608378591445 72.67337366972906 25.320905073183706
394.7497914802954 263.0837320595462 25.436846544726837
515.4129265857252 273.9827807879267 24.128871674837313
362.74975843906196 385.0766207483733 27.64072639151035
402.8618402420664 52.449096529850216 24.26451497091117
443.5835005163132 325.6612860366146 24.354263926634783
627.1295274446778 28.847384710865718 23.50545004017313
401.12201017080116 193.89262020651046 27.95986956765844
962.5837766979674 377.468694321679 27.81037534429918
465.0105420217739 110.2482681134509 28.35739067081845
90.6081794247694 379.1704746398842 25.40577792794637
553.9382660388894 222.17400996098013 24.148162917289905
630.7606684190015 365.2104388633626 27.441157988920438
989.053180203427 102.12559754799298 28.080050202615087
997.2923035730595 82.73769254920218 26.19542008620671
947.7073395977619 25.076831159216752 24.550245194726276
260.88546641346164 211.5529975018346 23.529970561422388
880.4532772819357 359.4214323813715 24.386403963659404
81.62811638866474 6.1668255510944014 24.41901461638125
43.91959421350733 372.40401423927835 28.47108537011679
341.6078351000986 319.85760055926943 26.953343966815474
873.4402046497818 300.62476080582786 23.97792713233954
552.091470641177 124.69098435747337 27.64122035788376
676.045154683186 13.477260058349305 25.035877603562376
633.4389287282951 353.38285178918653 24.221318081222645
719.960073089732 42.05194781124164 27.812337664832732
692.4375599633761 379.3015440982602 27.58251678136248
243.80114845996127 91.27247430741284 28.136347994539047
862.7731983702506 187.38706402204332 25.94991280715356
829.265860180156 325.78159060217 24.494967698216666
775.3791067107405 182.6447882910216 26.863915810110818
456.7482144220859 141.0601321573985 25.202578287690258
416.3114936497271 89.22632630274485 27.93974811465391
984.774911667761 14.900834342329095 24.733735127560955
874.8440737103122 210.76944665252842 28.159991088948978
711.6575410333285 88.87066708312457 25.141990200046454
132.2907393842543 94.20944756380081 25.906802043847808
650.8591568675525 56.73451265955567 25.47328443983647
675.659318345015 251.0255008426391 23.88873634768408
599.2241520413243 132.68259864570177 24.483424518733862
406.995538503277 271.92418453316185 24.037275294880413
527.7401231358872 326.0566997198832 28.442031803384893
360.95237407025024 297.11749879471574 26.739611737597247
165.58359434578273 44.309724844304284 25.554286088823957
925.8472369460151 392.2022117032489 24.008252418597497
376.9196483816263 59.11226605680064 27.557761851434183
107.75764357724515 390.51913360989346 28.357743161175343
402.7229190550261 72.5413027582905 26.40251843236423
387.9365370595196 201.84346853384204 24.92933301104805
722.5840799214559 75.60423595355381 27.943088522191587
640.2601301459257 303.1585884843957 25.36258656259258
9.259440868747305 58.16780679266343 24.152705408681776
621.1857692398837 112.67353752401097 25.817625257503863
836.1783933351978 59.630720869049014 26.20150689517449
677.8038313335784 239.48753742979915 23.583474333610837
749.1930621433281 389.10245306752313 26.556892755377937
482.3976490830292 178.46101340199442 25.71947846947878
431.8538178822776 31.8836485458748 27.097925778039784
971.2382427271853 306.74963187070784 27.942310931057122
741.1216699471108 28.887363083152362 25.66575599520002
902.2672243163173 2.67478067716187 27.437050512831416
739.7508083034751 194.24920510741455 25.87448542652373
946.3709563265818 360.46766579050467 26.80528672491458
734.0410533469856 244.4507626515875 27.804532725717905
370.00433179153003 71.01428445858708 24.006288399642592
82.08664910403218 364.278365637495 28.113129285055244
767.2400535535655 177.87135982289416 25.8608292750403
868.2341329330679 239.0602262685293 25.390677264211632
55.534062641793504 342.0991027982475 27.605123757454912
753.7752111193794 40.823945149929216 25.33081271913304
894.6153520791812 345.19133363141765 27.66011637512073
580.8870782317855 263.99491234829463 23.57648198773408
639.3130395838932 356.6571277216067 28.44666228615019
904.8139558905289 353.46853067803113 24.36139388254502
946.5826729357462 365.4474029695855 23.879321893649195
195.95220058636565 137.5377539986527 28.239951354141603
760.6198038878073 240.00375842942407 26.43187200278056
235.93072266321357 147.19607037355104 27.040168902985027
868.2605520631171 301.562994698418 28.1293722354052
336.41119704148514 42.466917650871316 26.4810020517476
804.7475009756181 174.55790654785375 25.899754422478356
651.9916406904052 240.0878492866429 23.76267571832682
86.64463086157825 165.34012763297108 27.749337207000615
614.4741959072263 3.303778785525724 26.507602410648772
527.8480565857874 8.59339185771737 23.72020524932408
569.4282437936819 65.65166994988707 25.138804932776676
464.26937143445514 46.03298462488547 28.4736858032172
91.38358896702702 162.15292930418897 25.617753584503625
765.2464528359226 244.37752861094205 28.22575118338337
344.45032462115455 272.72130881236717 25.20642116778
471.8232557749722 42.96073017828168 26.16148645965305
753.3739230085996 277.04771682365276 27.898252512986296
184.86491300005193 313.3021348844212 26.073074497551012
278.0685705192689 204.69143298065453 27.505611353154258
75.04763972521533 24.803863173783604 24.917231656825486
723.9725635827518 159.29304087323052 27.26996856078291
731.9665220307575 197.56479138724816 26.06371350786287
861.9593297498063 116.18108793857074 26.745341113762763
375.19575518535265 283.93108686820204 25.918321615093802
125.2077246213702 246.37533239653067 26.611901791547698
64.74826707531567 297.41172582618515 28.235554059484464
355.96077546112224 109.04735099483949 23.818715217002623
55.02339659868927 87.3071329382896 26.09334075775473
411.4243103476817 374.5874515480668 24.89258165451604
902.3840675106425 369.9067082697885 28.162703411060203
433.49842441024276 280.99841624036867 25.541199082154904
163.72752895583042 346.23484588101803 25.468113029157546
629.2901154990432 270.5947870204338 26.527403508441633
797.9380789765476 179.64328281050257 25.37106580669471
495.4953731918622 278.8840169638082 27.698077088128546
724.4454857106031 335.388108007127 26.513123714348225
406.20780945227307 123.74663792341467 25.56429001142904
408.1397102005445 203.77115109457117 26.090412170038796
336.3304502950643 135.06867421727983 25.793082789493333
66.87172668070241 187.29532116699178 28.186247457687124
536.731550975405 231.01526422029073 26.77760116627467
860.3311217259475 323.16022882774627 24.220967106730708
147.16530064391432 339.1219432319175 27.28955396882825
675.2449490017658 371.63616518860715 26.568822633929646
822.7188674581323 324.0229754042471 26.32151019134633
313.9692519719838 308.47940265405833 25.393510454683767
362.4693246920425 358.38735959951407 27.128626889654555
698.4036470556568 139.41760029596315 28.04096443917602
327.83226618297266 192.69592723879816 26.259096442581242
279.8839577833596 74.41983768969025 27.346717438651773
594.8290737095965 69.82051298515057 24.895899301367784
93.80326822306684 170.2981006355881 24.833611252744614
430.63711079302567 12.661263299968795 25.042200118327994
695.0647185051714 127.24604736948461 25.533938309428688
861.1366334606279 201.81432667922036 27.18865651330417
671.3337000786504 7.032417029974258 26.53014926077041
2.9256483281817625 163.5824439491569 24.86961840509428
154.06815046146883 170.3109013368974 25.90384577499565
480.0093374910711 308.55796083323384 27.510166964200543
65.4709975794947 294.2119287734856 24.66956148686712
701.0293715574544 293.2057104876828 26.797516503148074
70.209502992845 59.12384436061671 27.17535320815499
415.80074932500077 10.803909563930425 28.385719722343836
895.7426864470264 159.17929912158053 26.02590229925675
737.7652190921556 336.968779648163 25.515960681880234
880.5210631413253 212.01506215071672 27.646935099198572
458.8209999590406 35.74589878009742 26.35698940612232
75.68084174462086 81.19870034216538 28.405494565882417
601.293544574285 145.60090425240534 27.83927479397989
718.0309953163181 184.39085909285518 26.643956285883235
464.39224987268125 375.0382973605055 25.066977914282045
399.3834204626464 290.6664675658376 25.913603206183005
4.548771509394367 103.22169763606448 27.185456482738434
253.23642254289825 4.029260048322225 28.114844171399785
925.1224570509396 53.81600667555322 24.79719769600486
172.49844746073938 123.34988208987454 23.59643746298181
885.036461896417 236.02415527198045 25.641181113966603
653.7147556017967 241.81755446467577 23.637914187292786
421.2894282741526 164.9017811275202 23.56192300656443
760.8919218193815 25.34501270778886 24.162187530818326
529.6733882159393 216.70538513785237 25.6239597477633
826.6379170598174 56.786787352589926 24.19538481154407
983.4836146797634 171.2161799056345 25.201252774491557
505.4551194382985 262.64768121494734 27.126400734371312
872.9796327359786 162.38684566267864 24.661805290452854
293.52378815083136 6.251281428084576 24.509596374918754
109.6673507375493 215.73330318926637 23.845389802490608
495.4524037504111 34.934737006709284 28.212356522526253
709.315339904764 203.8438203060994 24.413302282216492
199.880192677517 251.31451148383647 25.518673285345795
105.56468507086336 102.15383388074231 26.646956542113067
205.5059746389739 26.35587795506824 24.166198667894037
970.9865514922228 271.4421879543945 23.747263205209762
84.46678838844568 114.95556304116361 24.694845821350526
562.8047827050884 320.7948004993253 27.79633262952347
982.7595287788357 46.83941933681122 25.319436998451188
353.9282705049842 398.2583842867506 25.491193402721038
123.72028651594324 164.36374356405543 25.378375365879627
153.4993213368182 393.02372066391865 26.54691098987224
820.9573656764111 125.61871333260007 25.24802967916058
421.30526537942603 83.4369831684072 27.34157701163562
626.459105087322 291.1418832465156 25.113502145969754
502.94195351755167 93.89292463873531 25.28283528491744
777.1219583833763 214.38866114778637 23.737611757322835
882.7536753732209 88.91803308452157 24.406533183270344
582.3038530654605 252.4521669492949 24.13006220349815
703.875926146681 186.45787087165778 25.561195608631014
774.2071842765317 140.70526730577475 25.968535135625384
33.120209805763245 260.24471136081286 23.922683124645257
64.31998503778102 13.131216322374817 23.615395902863085
56.283772126146545 362.59153774950374 25.55382185210248
389.5504517558286 22.944114068372645 27.382236940990587
339.43730998170173 167.23980441044412 26.8531065338693
252.2096925436923 393.25448557497936 24.265897582670007
855.9107654549335 333.9350251302717 26.40072983048543
554.1420170924655 16.3367938679837 25.08205637229552
888.5066677283352 352.91773055922386 26.33205492735545
776.9501925992267 377.583076845535 23.796032894183032
512.7415008309517 252.95253420593517 27.667938428578783
881.6749199416536 205.30743107048707 27.856968277355875
849.8453193246022 359.07694146565893 24.27462804546033
991.0960796251647 382.7791614263353 27.614874480749705
957.4068945098043 67.88725464695604 28.37679062670275
609.0348020689028 290.53466590191846 27.995808489291818
269.8819728940322 264.59572374074895 24.915910808084636
641.0333403347915 5.229376776808881 24.75618755086831
189.0070302386998 26.74252143497626 24.940074111069887
861.3335638805065 39.867445734121844 23.982411824003414
393.1738223847583 27.53224493122208 27.584104424169716
258.2932885905814 286.7687609478085 26.367818862316575
932.0922365336381 344.24102490998024 25.80215391530479
154.78656277016046 80.42621453663247 23.92868886955658
305.0468802466335 264.7083277311576 25.64597510507361
396.6050902200794 337.550663872146 26.62962272762812
703.5535894335491 232.04273385434746 24.635989527802707
719.6782716700833 104.92412736656877 25.21301961883034
7.4456897281857115 32.534081149406276 24.2904859013903
619.6852692552113 244.76150918151544 25.876381567073405
141.93111186761587 266.3304169783084 24.599327853961874
363.35635315449366 348.44614263636487 26.24543949121554
75.91121595924788 90.40894956279107 26.637760598041574
891.8336435841308 172.83225750800617 27.953157226528702
222.15620753915 228.1998712919688 25.395522269490613
199.63994746247192 262.6268194964015 26.578949768529032
800.4883305249291 33.112636904635686 25.575573330977093
739.2248920749604 225.25140157537797 28.425234623067436
968.0023419066749 301.11988256459756 27.72134737908673
646.2227741421069 72.37096108196957 26.727883170809484
186.99722292191234 171.17774291414375 27.73434254542296
234.35549300898805 190.0377994997016 27.203296421682808
482.5260810406241 46.055214993826254 26.11483784416416
635.5972544123928 345.9642111481174 24.039607022632925
387.4860407991554 118.31382792791123 26.114150013139017
509.42614147270524 330.38446331028797 28.426692582453832
543.5382330675109 98.67407749864148 26.240598625586053
997.7210230960483 242.62388607498028 25.794949794418233
39.81448317545644 112.53090812098594 24.073591602547772
126.50999590702084 308.9376376536424 27.073648230703025
656.6525728266947 44.389506947760495 26.26819435258563
454.092779362641 322.2435513981004 25.385585189373366
626.2010793843068 152.68844259216786 25.680308495329232
223.1771765945568 348.6287057625112 25.736976291898532
322.7179003916376 25.812283885657727 24.211141358813528
613.0991728395614 310.2877444728174 26.933213976743826
309.20022800222233 74.77398737849424 25.8068351353231
911.8168249587729 34.92957453335901 26.31734043871889
359.44622991078455 123.52124663378076 23.89969029170292
775.4405114680483 6.4966549654703165 28.075729415460692
770.9566136042932 322.2939249421881 27.832938670255167
939.2177800996647 153.85511067047122 25.04333935956454
418.8086176281942 24.884831436034993 26.659999357033485
246.13755937269698 209.26344161422566 24.84966113649826
367.7188054060367 382.73657194400226 27.38691556853025
110.03954965668738 36.989622697654134 25.228659944238146
362.27701517789757 356.9957568179349 23.765464614201544
206.06788993463664 98.250158674532 26.646035923494367
416.4758725198937 67.14641130906904 27.223348054610156
443.62536006238963 249.26733765350352 25.521274470008137
895.249227093186 308.60921007510547 26.312886466157032
21.174669437949987 376.01136877021094 28.10840167727625
654.2137208112546 2.4259886517092877 26.093614128455012
468.17967980895514 107.18995616405063 27.088131311009445
820.0012220724873 202.30255627128088 24.35681588115995
161.43672285721533 15.097502036584265 23.57710972505982
852.6709403339904 286.0604335935629 28.31798179799359
459.6527201166517 254.61751247380994 26.211019026618157
443.2691098853302 101.90313827817974 25.909837631760638
664.3837870773392 290.31337918536974 28.263051193580793
232.6065646056543 220.53742725244226 25.714409773805613
804.7444625017432 350.2219288337698 24.14525448736174
70.07099190264532 351.55858474608715 23.784712206317238
309.3862099803507 96.5102139773236 23.756897865964007
701.4749839024194 199.8138110810891 24.579212225287307
8.261874679988068 35.14569930200469 23.81257947084612
129.6365187871955 341.65227029871124 24.216213039930746
369.1436040661773 160.4927247460425 23.746496130411785
37.03610079597208 362.7579596607527 27.548540370784252
174.63236849327856 151.36134069071088 27.963119561465373
312.3199399287183 183.0947376245355 25.756157376095302
973.7423341130572 251.3259402145828 23.925417045286633
956.8116524178689 358.5752481808665 28.397164605138343
71.6973255528054 270.68038755539214 25.8484916344448
148.1301246090949 345.3499289243508 25.084545156232267
760.3470757176885 76.52953157623577 28.029764119937077
549.431390816601 86.80210037707438 27.15233698660089
131.98011833158762 371.3136466769625 25.199118302231387
728.0190110773593 274.88321086857053 28.1228850301489
588.0369359785259 22.350665162654202 24.73819543712614
798.7955400711547 179.5321390903378 28.315550475184754
962.4425328379782 163.33781412632 28.39353740528571
758.3274963480337 159.54645454155784 25.172696533574182
672.4918387024369 254.5092453407629 27.811715629688447
905.6129792688828 86.11621313584297 26.49379764949011
118.31475948627512 316.3765542979873 26.145969870006365
846.7959447892538 340.7432001129055 27.73284781395479
215.6722025044965 341.5128519504645
66.81163466415767 321.3029053971158
100.65603419245868 227.55807991885445
19.961451910250936 82.25719228954426
25.650808018070315 338.1215943758252
399.0455899260839 293.90374399301226
282.55847868209315 95.84165137863896
380.10230922110225 270.40614697240153
340.1894517903238 314.7497189418068
101.34187877608163 332.35746942166367
88.58248640629446 88.00490150987588
250.26233234030522 245.19761773733256
396.3729141217134 149.00663554500088
4.127087100431659 167.07480301050924
136.54336157422145 72.25546362225002
298.8654878229836 243.8097426117555
140.96984346268218 313.53455447014005
287.785446836512 253.07435924261256
311.75373629630997 284.68781401944443
0.31546065011474056 326.85001887403433
347.40856730713904 16.47368335081678
22.321373760248253 170.68335851384666
34.54866143018034 283.6766798728955
293.3715557753229 150.21078680517257
210.80458930046726 349.8619385986358
52.65191432935077 329.87614672300066
322.2687601263229 134.8612304814715
364.06080791293385 225.718778946369
178.85243947835306 216.28176315248965
312.3415483339724 273.5627950341763
53.513771988432254 247.0326266324287
285.93864573608425 215.8910029863991
276.3942003358971 104.06647699675666
348.5919148058225 175.14047783393661
142.47925832774908 379.2373612179668
150.5107263646973 308.1096570463409
281.4773428607441 81.3787672012714
341.2988572734218 225.6199946097742
231.18866231583044 39.40892111925369
20.62839062024708 213.52843787280796
210.7142637750361 79.47366346559721
398.9894303203415 305.6400056223762
207.43349153487455 194.8402601366547
339.6702923422452 36.02283639908137
71.75615513969143 235.45863870300522
14.451218830626944 37.68148120870354
156.23395084047166 314.8096517210547
129.32256581663748 156.49683780971384
340.69359458558307 364.8632611129595
62.86659697708714 213.79481835930397
52.63260528127609 65.67228909548683
8.770260444746913 177.85855202265773
322.1963472542035 134.33094489031404
225.26429919827754 294.1521631498961
203.6335231799931 278.73020450218837
368.1122606715705 275.97739736051466
50.205026992593545 4.745199197930772
20.10098088380459 371.7374194927338
347.09949402133657 311.19311656310856
328.81246500554954 1.9350861633592231
286.9869082095633 315.10305070091
125.78501286379348 98.48647384709128
215.4196371409005 220.54245264367572
23.99952261489222 80.88314538332817
78.36858660193067 377.44792902055104
376.95533941399185 368.1901193346115
71.7601478524442 272.61127739736924
31.427725498864987 52.819378865736375
222.95783678221702 353.17471722832295
117.32755148515066 51.47211055119274
226.7104821063735 3.692538293677261
291.91153651329864 300.59571527438294
313.1672487874698 381.01930740191204
291.9199482437438 178.155020275788
243.13751472042898 356.9881119477103
146.04625886152672 310.4700778436918
305.85212561110103 327.04525905549855
361.47195022915616 62.326183336412555
237.06031500206967 113.71115444125044
22.027288586981975 310.5146632909376
80.37513135021257 26.939998813990673
21.867360052802276 365.4164256558237
382.35781552336044 339.15430799884814
207.3805778681911 332.1931200398213
141.91021681378103 390.933126360816
211.37509918497597 192.60393228251024
27.12205065040503 264.0362225052624
237.41668210705149 40.41929621070888
327.7982495992959 241.64930377201728
388.5196932374756 217.85581235854022
329.4694164218344 121.43888164297958
133.22092622393131 377.40977632766425
274.76697979135156 255.20810551161972
363.3942862796475 332.91990854499966
20.622351216795785 159.64824280005502
21.99225686557167 165.6429993871114
304.82769974444653 275.8835952835463
265.22841189241007 15.579244943797965
3.0741540476201923 351.2107192700309
372.54316990795303 115.23723386266904
287.66119036047024 374.63586694413186
329.0232389130244 112.48168189819924
191.6492058071631 218.51796919069167
378.7733187031231 381.06003837822
137.30541663125967 121.82716963913252
284.06662984376584 31.85731774223317
105.27122983972626 296.2325167631782
123.92920735330972 314.8816534969964
100.95749035090068 244.4351553727379
227.1406434505271 41.43600620578587
17.252080682972526 50.86669702031155
258.46258340201365 357.8848609715434
297.7023836297805 138.07561585274226
163.2338821093863 66.87762789318828
371.9135036346465 377.82736921937817
224.29988952191962 118.84374696164484
264.9808783325132 4.147380929832689
296.57119919811106 86.02752924558553
75.35444637871214 96.23903019914147
158.3353856090891 383.28395026855884
170.60933937987204 82.41171269259557
254.77338464758614 114.30967501770586
368.1763623444885 361.8576863495969
107.960417092331 98.93683507287795
248.16366292640012 349.31879899085885
328.95913235364804 276.5699843037249
287.9789648438717 218.38809467261072
291.44128887536857 282.80011259994893
313.540032057317 152.39380859895627
312.60190458407953 360.6823395184314
229.43908325671458 207.51676436451328
235.95827734511187 95.11741378504502
120.5049412849844 150.99506112758422
21.954244440525493 348.2298665183762
209.78498196178737 257.97333237901927
326.1182726462084 25.58929265874097
213.04691685252618 233.75668150863746
80.85192799266379 317.5737934750445
347.4786591729401 173.93274314456514
195.7536045168073 37.12821318863271
232.34258783995938 383.02840839075145
52.71045051998051 214.622632716113
361.9187158557739 343.0707356258439
95.8193978543295 212.46991287111632
136.14938904905233 356.6249352106349
302.52653352147513 86.61395440381163
201.97615989259506 384.5851543303611
271.20215733755936 348.9537881965677
288.4376907331829 157.1972893651466
71.69681612286554 274.2214098397179
11.175798255838476 357.49560831141844
279.2519362145472 246.78467442001266
77.07450799842496 159.53886368754704
348.46664105903795 357.2994371777766
137.33556745657225 49.53389046022147
282.85066043265033 136.08856641296367
17.37158792236979 266.1384477005706
216.8210660787551 149.5781553430276
394.4764043643214 366.93780332803806
50.829061567868195 388.0748586645385
399.3102090110758 361.2928519881229
266.6308172342741 137.62098324596374
284.8151358148101 145.46070542344083
298.5447688681724 155.61742172965452
36.25525560230769 34.09161322916398
347.8656516691291 59.35737982140914
388.65283711001445 202.9094868104377
301.4339930063608 288.5671855796122
372.9710299854435 40.58623912513202
251.68753344234452 17.503393973682925
29.971230214326418 153.52324920950403
214.34943232340814 369.1087170261011
310.7513439845863 75.45657911213128
1.2362717965033632 223.18229776741717
25.549604533774506 4.505414328481949
229.49667620553367 212.47309510537474
7.476355755490172 323.4866936625045
134.91996878352066 365.058000886492
225.41468505072197 255.02156244745044
5.781870486408103 278.3199083598712
10.408648839353152 361.1628646914258
65.0229047939217 99.29357632486796
52.43607077190422 317.97565643919023
302.3829105770242 338.10056167496947
179.54109969035974 278.70609901150885
294.4432893697473 255.6475744701524
348.87963547967064 384.8770456365469
49.356888471634306 243.71560037909927
159.3090277397904 192.85181205454984
374.3733598155039 55.02045852391437
137.73149288266774 354.1108481039027
188.09603251018862 342.77843894045617
56.47897453802217 20.688945455735652
185.7344427419128 133.76378775563467
6.604897294202194 342.9240252577916
114.44488690730398 385.7980857394813
82.0269368430167 284.87126234385045
227.17929118363895 70.06453219825417
322.0426789542891 203.43995899035528
257.291062315395 270.59325423058954
14.818164758271779 20.51317824093828
292.4744286548098 7.717142301975732
182.02774307593285 363.0136932488313
25.442188202940976 69.25044899207471
244.90137661092382 354.0826359766085
20.074744238164488 72.5958256996226
314.51400821422743 9.24056379803715
55.60138937482435 82.9385212858024
254.22958809971178 24.60360007739557
97.70309689373317 177.13943108279264
29.790357742307314 339.930649320173
194.25401576337623 169.89210679191723
92.62035077907731 17.48058068869458
204.74719394451273 108.16160889906325
34.49012010365116 298.3615500219551
346.27790311358206 91.8765742506273
106.76760634980909 181.2577475885251
275.28642145876796 293.29864588925443
215.05857711896365 314.1219179627055
223.08985494806478 324.44687681466434
280.11787731669943 397.6251069355201
164.56105539919807 141.40749118316114
398.49094151133113 69.85840918618278
123.14066813878087 76.3128722596079
241.42322996150344 174.98426256737335
101.69629582025036 152.22646335996166
198.15331782903814 14.238389482581093
177.57137160942094 163.12357240101235
299.78341726728445 235.88621959098225
11.493770540774273 90.61117705333817
152.49930548669374 41.440983397210076
393.8430630803281 80.98283124111214
363.98986722031805 168.65377890260805
288.1028283837764 20.658139764497598
64.49438557502489 57.48890858087719
330.1528613880812 325.00902458124443
103.9838734616899 313.50101316184634
303.38428927209475 295.0285962061487
149.5610630843705 53.73370596011071
133.44849936247144 298.25111439370653
212.24154940663178 153.46229239145828
232.7790696194168 294.7849844138869
299.85681976549915 207.80670351411524
373.8540956546447 256.27368347174234
322.8980607560401 380.4433646280173
281.49413870897126 215.0526614143152
72.69767939954623 32.34836884008323
208.31950234915251 232.72345584089678
46.423617051949904 306.7070521826213
293.8183943725554 291.81928950844133
110.93975362507807 91.82843299723666
306.3057935757735 191.1896649330144
77.66367461653228 392.1059884703533
28.38093452385224 365.1844247306225
203.13130485341037 307.7693722658816
270.3194201038352 148.67099660261016
35.05597755776777 157.374923185188
82.16419066918026 374.3717790078692
91.24776892599388 172.68568097579754
384.10748486630496 315.9613408369027
188.83676699184173 253.79510720576098
346.0844386926472 79.8167482437263
33.82239027405225 293.0514773367609
21.326589890572876 200.26710010086336
336.0488119875046 359.54327010753576
174.95220370279836 7.64153778062866
232.284730440118 381.6089499313303
347.4979509820087 115.36836863484159
380.16370265103586 273.0375973586592
154.62507125750028 111.8305579312191
328.31978914838754 119.33007057363554
248.06097135700983 244.63662037752746
73.13081745824293 73.5933661064193
249.16531744602077 349.4184657360099
280.06012097306143 207.34418550242694
115.33811660300111 102.22128241668918
277.66565857187453 119.7005721257892
10.814986374103563 264.00345709253475
24.923367906742477 229.14388379003628
227.2233030237311 137.71778693696186
207.5898867846093 155.2362098172043
235.60080666937338 372.89820031453223
236.90793360476482 43.38174599480897
150.40647187408715 129.6295590333969
4.03559187369007 93.92354080528902
347.38154277031424 253.2309884442189
186.15906165521784 327.57030339331806
100.9467910206554 312.93647077517073
105.32638332710546 352.3509683221955
293.15015175453203 322.30958780292724
8.617969144732873 392.9979508908345
95.00698069854745 86.0821920660718
168.3476852355445 101.86302280050903
232.40339809395647 7.560273676431706
393.5664915848906 291.1730754010223
22.561261525131428 42.693031271042244
399.21881732979415 309.6358285001067
203.39131199385383 301.35458724465093
396.8797146356165 332.10905636659885
276.88947806560174 373.34072297748315
251.07934430546902 139.2497026253036
49.059021513784984 396.03624206717194
187.7990993543695 34.76257604563116
272.6697977633621 382.661615789684
346.80211150197033 181.07134318340758
385.4935140006172 194.4607529773039
37.03868071561964 229.93774424336314
285.4825891941034 367.14485163553627
384.44566663451616 82.75801564220657
295.6877229212732 191.36029020191324
154.03669413757606 135.96857346190916
145.5379241600346 398.9019686222671
283.25829193104533 250.19637643167525
331.4345403288099 320.84614976558044
81.16524850367975 127.49218695818807
18.43916155176908 260.73046229593854
328.0464208786429 189.18831652533453
306.1631897925295 265.3615009486397
52.71055240766671 217.6254715161333
205.79525716988445 77.78377012400477
169.7197205557009 158.19643632446204
261.53049744083825 221.39678099601628
26.436028987653735 373.8574709968195
198.49412332320728 91.16022895683278
239.8254975254066 102.46149633756633
290.5795346905741 17.280317380151278
195.5410615163986 87.97008048069696
115.44966749467913 118.72344942585333
36.884818535364474 339.80455918645237
200.27813752896498 178.35658655794867
88.8276842515615 320.2996499899591
160.63495012091403 148.46666001448133
242.34290565127878 168.4260929254842
96.2498206254216 234.86474018898184
266.8877729584888 238.65184004828106
231.21395666585164 9.733485621095594
123.94628945670414 267.01470650188986
272.50959411955915 67.82979881419853
322.12330292908604 72.18226356014807
309.5845343032097 167.60765672580732
184.35922332237786 57.47794529602244
89.01710301498835 188.27901581237393
190.412023273276 300.55558707279164
372.1449675265145 185.78421232796907
112.83183939690869 100.60762981479074
19.859713254325897 145.09596958586073
282.23123749613177 298.69529509717216
247.59662677235528 303.23459441849025
197.7325940258201 94.99231150855478
354.87793758287694 356.8248420894014
41.0520182755548 57.43684717543873
357.5953044465565 69.97820013414433
57.75741470538054 349.4892483184274
137.5457984543479 362.7373671477459
236.81644810592294 300.39668469104663
372.5636992610042 87.27289366606018
249.62817674448968 299.56849478590357
21.918470422094405 188.4750288653622
2.3104193586039212 17.36951014504058
115.47745167433207 197.53697552424256
10.09288895849858 137.84153019338527
31.45993934017821 21.578907147246884
120.244349986412 134.5663823214199
346.4374089011554 369.31506652683044
90.04014206242643 129.0869808245025
102.56291054914502 292.2197178515701
168.85448849381882 142.0061603336877
360.8404537377182 222.60043093802807
138.54032723743813 280.08588663489
195.57374807428047 354.4406144663982
33.837179301157015 198.37278335108581
233.96149520237094 39.8262944710809
194.62611595316864 334.57905948162335
56.134626347308235 63.225075313810784
394.4286458955702 133.65079680709692
44.75907146780172 207.83856535117548
344.6246757372034 163.65901598452749
9.65569734091316 242.70258920503704
91.44280296786374 69.85178176195323
111.71714818227656 136.1625111744014
302.8541755591781 321.9089517012924
271.72960661889755 140.80446056969288
385.07956254080983 280.14407139964214
373.5354464277543 196.8758683029968
373.49701081732314 239.60131419541412
357.30086018789746 65.68237843740393
210.31610654504243 6.698253378840846
347.4809817597967 331.400927592319
151.46232841700655 21.268450619592727
271.402587249956 299.2021209588445
237.69377264226256 257.5610714961516
398.2132290434087 269.5280642490647
220.05024318608136 320.9577592436186
64.27321564304194 282.8249891805277
47.31282011586413 102.87006146829683
349.895388893705 5.983145347588259
203.2304363851842 64.48403214586929
33.665500760681425 171.18941626618508
23.84779713450773 90.72156707420112
374.40429858552477 79.85149440033159
230.34734576362447 288.9912426637439
357.1604336784892 148.7052952151206
80.3958745564159 103.00455192988846
388.45149006298027 102.17068259644218
171.06476010853262 70.13650356517806
237.2985557055011 204.47346829014643
218.9706977066796 271.5127488289943
292.4278693677198 77.00488868946734
298.36207244139047 207.2085061609789
342.3411544241457 360.8429718694336
35.45423156394274 74.64758874391069
283.7845230971232 361.31307628657794
337.3948706991614 36.49312161663798
25.473787970488182 250.9183756267559
376.81917165037964 35.024508044776596
177.76217687515842 208.92371561904756
358.0322005204141 43.19848362406007
105.26478249182003 240.3299498253753
58.43426791134632 138.29501940691932
368.2817667436333 143.92841477549686
268.8831640724956 242.2522128302396
90.19103330417124 388.57889532191973
249.26521434489075 393.49716582558443
361.80863951587475 308.8069758811417
370.62522232270305 398.2831886100569
30.043751706586708 45.270367085268546
32.78357385702515 255.2467104260057
117.0029234668402 232.59643491964925
326.44679614416754 255.10033486513092
77.0265386386904 176.54664205585368
351.39613182274 128.0817440725292
322.96849897495787 364.41651425410606
7.416596244277107 44.98110259749932
139.35835263257448 217.03299227715513
42.207347504223414 273.2730187613605
248.91307770714656 217.66406144486336
170.59219684008133 48.081868580785915
110.19392907923766 142.60877207710635
171.92720441906616 138.4126977413444
298.0319957960138 70.18885871727983
227.68044102081348 72.28303122529094
54.673964940870604 159.31617592306057
178.73720927618572 30.093827367114567
98.4280478065159 65.76348098525654
62.06200496734176 223.78113918872086
237.91779580245014 103.71918466873011
228.926742224587 349.9932067278616
263.88002952595605 262.15951823824105
151.99279539541993 38.74053282553764
176.77088237417183 350.0252670853423
296.1125706175688 114.67002860139792
57.27235511762352 71.14274781039747
357.7945640169624 346.3171171487063
398.1197111486614 119.28220240358041
170.85372009679767 179.39288731049805
89.49832428474984 35.69981373842994
230.84730311762033 333.36671957473095
286.58657235587407 385.9626116201784
308.47447049537504 286.30754789281747
86.64957485832345 189.80877520933896
202.19588055068976 381.1504574106626
304.41673945335185 277.24876297129794
322.9078223561622 357.2580870625309
258.3040669775559 146.06616773133263
308.5834514235393 144.34970842488397
166.37048051219318 360.32993832310115
34.37192440289203 151.57381527615343
99.72530414977845 156.4829598907977
13.724113717283837 242.7031780056961
252.43251216313993 313.0251255572062
78.6920968428586 309.1345814399898
160.78509265507952 91.76197482274753
382.6273182938019 35.578468494880866
41.15129964104614 173.04331476074313
386.0807828864049 299.02680698679654
14.422523720834857 184.36923972392063
366.78654523430805 49.790790231644436
246.42074504679186 61.19404110917608
137.1880305794458 94.10290152305186
157.45151867446103 280.7118414766454
258.04474206241395 130.98119307202484
240.51676571257028 173.86060424345212
104.23504297026977 91.75651704301058
76.52954699373802 47.734635483586096
268.94901493426704 88.86690725522107
46.20126604659247 140.04846695872817
385.04313346618846 301.22603363073284
12.099937929300886 279.248472208221
297.40708324985974 106.67619324355285
280.70595407919006 138.32139115622272
237.77076447219207 317.7389810055422
53.120386677951046 347.3023391851167
233.45796194600746 285.0803758342427
334.40858059216595 268.9377334091732
24.171056831128325 103.80968452397087
295.39004895929656 143.91194888439657
265.9694445099676 390.93528037556314
367.0140311917477 376.49943723281984
169.18233788896956 98.00278336923678
296.2877325871715 158.45727450259824
