1000 400 500
30 80 0.1 0.05 40 200 0.1 0.05
542.4987212394595 31.410544283876973 24.799953028161408
115.7466848154266 24.537859519873486 28.112481298596386
730.8267841204151 22.634503281980844 27.868290345880524
886.6201635615732 176.9737476160274 27.167312747878615
155.61071862838904 232.71440507721078 24.21581266056634
937.335322554153 158.95369739423143 26.469912034046764
784.9968243522555 3.010497037295057 26.015028818256994
483.5254751020028 360.3604465302024 25.426862678826744
714.7654767695324 118.23285285111815 26.43362508429323
335.2590915702275 240.4554390714999 25.04718550462272
735.2905946905305 289.22959207424 23.892893983217864
55.708992747787846 141.93681707064368 26.61007906952963
325.24612284185883 135.49149365757717 26.72431193934881
301.813199445497 195.470955434833 24.077754835270504
999.3319565735418 339.9201352835238 24.948011982288193
603.5777577193691 104.3292151900951 24.854625072858042
980.5544857413028 366.21213593805805 25.291980845956342
418.6479432398456 252.24793938919711 27.767571373567304
928.083155297736 207.9304631978458 25.383072300782697
233.17928746027482 254.72509570458627 25.3702726121618
106.17344506248749 101.79377445093687 27.044774057402712
531.5737291765149 7.87317048115348 28.4366810649519
589.2296721032524 353.493883892585 26.77839649015928
998.3750635214642 306.6194624821674 24.180715376760183
258.28676161331066 203.77766413069182 26.15211803820138
576.9896525469301 326.18356419235937 24.743905751798057
834.9019040721798 160.68236593724566 27.01617708644644
332.73253522019166 201.82204839486292 26.54983027901885
633.920431718566 39.51884579319347 27.164343796555393
152.19043310142987 210.01387880369552 27.50031690074708
195.451743171138 228.0349876595531 28.405439404578953
466.61339310228067 51.52156436773772 27.74702155249465
311.6644452252297 16.489345645948728 25.54975100355138
582.9392848358527 158.8039416199535 24.023496226320574
13.071194852298795 331.2007353306387 24.781255316589437
120.44299492764887 86.53154794212826 24.67444272503078
873.5788747917384 59.341415777679444 26.427039124461984
121.57674512304706 277.6665855433118 25.524619697192165
69.86183245791177 69.88794777064942 24.5714632155967
879.4040559474962 205.67042314344727 25.340808070608922
259.0844204996694 182.0624164927804 26.037629546259176
507.5687588636363 346.5953637456188 26.654187085219625
774.5332386719309 213.36612510919278 24.38762920545743
987.8050627933272 97.55660544703986 25.222167441481744
370.5817647260391 3.256025104433835 26.112757362705402
439.77973981171147 188.56951799142047 27.05976262802405
750.229111399005 48.218776802785655 27.604205417079953
853.132139393423 284.92740719397057 25.199434430727095
88.2401573540339 35.787520735671265 26.744310164922055
545.8893737823507 392.891488477937 26.630375940179604
413.05052955738876 8.99914608393555 24.640822129788457
320.30077895422505 201.91890074321225 25.00561897221162
957.8406301518215 52.73404212836774 23.666242747325192
189.25476750511461 155.17065005677176 24.017276738560877
846.6653154182012 336.89389558435255 26.257375721576505
765.8814350295162 363.5718193226962 23.952633745460837
890.7549792571108 389.783945426031 25.99500137429085
927.152048340475 287.9449757897813 27.029522053010556
962.9635043434587 263.4527010613833 28.110049750018415
270.08106289803027 223.15665672877864 27.138203321873952
759.0860253033184 289.93234970989494 25.46273783698392
626.7147866104406 136.01034543797468 23.60541691452803
592.0388982557884 255.89515447823788 24.09863592284685
551.0203960082167 236.73955745673695 25.357821661326078
781.6911933867352 129.5232219338482 28.006200216377508
156.01910909084793 398.10558535494647 28.257113850454193
766.8469664251566 187.4591545660266 27.66149440140116
991.3544781621587 365.73830756125597 25.564867956736066
78.25575396043472 385.39135357798057 28.24703490961261
197.64812745099235 111.67922481108583 26.175722986207465
58.70984697302961 110.70848101956798 24.14422354345364
951.5421229281153 147.0461919383709 25.933903003151098
718.7780796575271 311.06083738344176 26.915838420695792
80.70152772276329 100.04218071387908 25.568064396769486
379.40932862801003 13.669874482115896 23.681582337121718
647.0771665860194 346.6294777356316 25.387833750738874
14.77400686035324 285.65969902663136 25.632647381305308
594.598470428212 211.28874462238593 28.2737425860549
193.92916997488342 128.1236811726419 27.6894372941781
168.75285489666658 286.332251349258 26.849047048860804
686.2031840256278 82.41340799660341 27.66065833122424
534.1551239308669 95.94622963158739 24.28250420827027
584.9782572677616 36.324625940557986 28.064482008497215
745.538058056351 194.9508740022129 26.467778824438994
894.5654575171684 74.28330479315322 27.297819139190693
230.30081009413473 275.3919706061231 27.436885302282114
76.24661218219076 186.88286335699732 26.53420276318867
88.90209009830585 383.4679738620893 27.667897144742156
957.8102029120776 52.518864331871875 24.46253597959188
544.4296413889953 245.6542249079235 27.363939397003474
555.916392602652 282.48838867381704 27.288042256538926
615.4325564399351 280.66436574534606 24.030942901977706
856.6479031770608 79.59608007757497 24.765091561280485
746.7671357511288 141.2919948743299 26.532377764033896
45.270408529582305 141.6149797245219 24.052937889100725
521.3484473957524 389.1551938764909 23.813686648409778
404.5472410500841 31.217146254613226 23.935471384822907
360.26447401193053 51.62652291611845 26.27774493752239
429.3111077287891 63.293069223933784 28.152389307775184
78.01887469875857 233.22493624581497 26.26262090435364
185.14733938503835 2.749972294583225 23.90114622678131
431.4155033164123 36.675643611265855 26.678286406689296
607.1229502952932 238.49402834335623 26.80793600255332
131.8549073804114 168.66376100475566 25.8507273938644
61.00961621691914 163.6889308045566 26.074962974853104
788.0245998959241 232.72018804253554 27.297960336138416
829.2819289676963 353.62149147192656 26.005401038826648
624.9507488731488 111.13604568869783 25.117514068867553
226.57909214365603 339.4217085371341 25.523641935029744
661.3363557280693 167.50975434635555 24.040578856768274
267.9358401630088 21.058360106553753 24.65548617670629
4.6072687281749625 213.44006281656024 24.942741063988386
415.9203747575014 182.78981032918935 27.641487663017408
586.0706714843202 322.6932359953948 26.68035790638761
112.24933392738978 48.67143191667851 26.529277439886588
660.3799067158329 83.3456442848866 27.827408244338702
982.238799282194 268.63385748146186 26.751765489400423
746.7898336852817 286.137786067231 27.04919094574368
697.7283967864436 224.62863700147545 23.543948783042396
16.549346517828134 282.52509907218865 25.092501117734194
141.39259450285334 2.7175483577900117 23.69980172383498
912.6569609101585 129.37783733334288 24.36975148888902
362.50873655058723 45.836901377408566 28.412426449402783
615.9226092583126 183.4206356482527 27.836647093167574
715.5470959847061 282.1275776928823 26.98721438005921
795.0277477349845 125.51402624558676 26.826069509928757
877.0131667131645 257.76194218229807 26.45300535957844
457.6289644351953 184.71960434761456 24.01825487503903
225.81740640029557 177.44976799962552 24.325784858107923
73.45081848944702 190.45997252928652 27.159514589985378
415.45344238662807 0.3443590815601194 25.480882711756344
997.0834548279878 197.43714502572183 25.145869812591602
164.19156512741606 327.7247178051298 23.66233078465842
465.5339758494036 85.51300604561317 24.868158172004602
128.47207975526698 369.17944245023324 24.17330206622754
580.5482749708151 212.43380685187745 25.772393816503534
725.2208503336657 47.38973908410999 24.742543597488424
64.76748487801531 61.80299561223399 28.471277006688894
435.79018223503095 303.08134393426735 28.113479361556593
669.7305924340692 246.52401999321074 27.29448181401383
196.90987442910236 340.1165481058911 24.142104238535083
737.7771735735171 57.25165898884907 28.27829682015129
186.04748366624725 98.6053092198612 23.875704083529975
13.612258368601582 38.15915642733345 24.45784144009739
597.9340850462949 297.65758008343346 28.397493719068528
658.6140862289923 174.25271989208508 28.172768204517553
828.0912532664247 329.05491984870616 25.014991094152474
945.2159736249688 324.99728478325414 28.462326445382033
4.757698317851888 132.51688138847433 26.41676406988992
62.5693597212289 371.36163466965996 24.087000974518748
703.7911205169751 309.95415254479684 24.669381309828967
220.26900148850692 184.4997376832012 24.647627141711634
337.42019430489836 351.4645380552239 23.742141061149844
25.636257983047138 294.86137254152175 27.101776403985987
507.02660009730084 104.91756596486938 27.671466651575777
272.7342458428227 355.02277618171513 25.421028095396395
166.70535396840046 122.61687750343691 27.47167734963315
518.1241678417449 156.14931173587956 25.458092837335272
856.8154370923047 205.3046593799299 25.597943197396653
438.93580850631844 278.7006625099636 25.363114455992225
368.10137160963285 322.0077252306297 26.726278212826195
142.06154700340247 128.46801067831373 27.21419227563566
804.6200064853521 243.99790565584107 26.06197006385085
597.5142814562852 18.744732823355026 25.315473535177432
179.40666745705803 66.27908979455164 24.471274457203272
841.90872131571 91.58102007648417 23.821150253642646
936.6905226692209 18.096836684837434 27.772841182688403
786.7045434479277 2.6110834192420107 25.716353428126165
419.03056750408786 146.3229009795791 27.268316654800955
476.7330004348586 95.57293347682187 24.52410578958652
541.8728865840392 297.2738485246965 25.45095015324345
693.4369231455087 128.8176045666753 26.505901798919332
290.9841261483045 272.40834885639015 25.143717602262853
459.3825125206678 245.03094788549703 27.223742957517107
93.63062691380819 183.9904104746953 23.593258972669584
460.52020432714437 349.01926202761734 26.572025192244517
340.2509571073651 224.53277016580256 24.213472531877255
704.326964338963 22.44347135552558 28.25392515674769
42.09948134470143 168.72558995505176 25.335454921921517
28.672813160575352 198.2786958254986 24.9510705394946
728.6737513036675 272.4368182804854 25.00303399379566
880.7173854864299 174.72923460329488 26.44642646583728
627.8141696561293 287.8218082453761 27.251707093483194
219.42638965470917 95.29717617670607 23.834446925238687
76.6872150644693 387.9281929082807 24.541526416853834
440.8486271444374 379.38876127516266 25.86248614689912
113.31732898446145 143.50600367536944 27.87141215599278
972.9338349732325 170.69922246208677 24.862967409648764
660.173605465938 17.8608327285136 25.295430449372397
86.59218874443175 186.8478058707844 26.67345975345585
482.1803682658502 385.0973444244022 26.97454282021917
581.4713367126152 105.2922937230619 25.215107151552413
764.4122163074851 119.32007180469392 23.835873048343306
247.49914470048162 3.140957739648531 24.869121279575307
277.0365394367592 377.3659523663147 24.35319268012745
404.93229561351876 371.551047432091 23.61353623014323
478.53970388545963 379.26706459594567 26.806509087199544
774.1558327132135 332.16130546624106 23.76221733260637
839.0471915998265 196.45999157095852 25.696632676364892
418.8684382305513 170.40376701232813 23.5861999775278
164.13308276853377 249.09907619518984 26.2755820355451
399.0081427423851 339.28039614716556 23.641656986698408
770.7918087579926 395.7718997794253 24.570676962431534
28.641235650100015 241.7268267779757 27.12388578767993
250.47307317819622 220.2853226406893 25.91610279361685
584.2525939955841 228.2208621544448 25.404264217334806
972.8934458695206 173.56727651036152 28.119376796305364
885.0048945068343 0.7808697863070257 26.27562551140583
896.7401422829258 50.44100826506437 23.662187859422662
162.52532179835853 340.6421670242843 24.566307758604193
101.76084496812766 51.15348946730429 25.118042062572613
956.9497045332612 114.15098911352088 28.21645031616069
417.8415700201207 219.90572255526524 25.537448730300433
681.0033785778661 92.97793614931197 23.721061303796425
761.6494108268216 134.81784207849947 28.351313717809965
856.8921915438082 77.58083218970752 25.90892724548103
195.7625931636304 157.0950391100134 24.242926922314638
583.164744280179 257.64170421724367 24.267436601753943
178.81301463888755 286.7184586924365 23.978488915018456
371.3069768552383 394.4189613111942 26.660570137414243
92.2803893321419 116.5975477582022 24.827419356147928
304.8367788561983 275.79587881153003 27.087272217657766
508.83940531084284 69.36413915583356 23.580525233150475
326.6522634057507 177.22389264500524 24.65363384277525
141.57479086276481 227.1926225427834 28.342141800821874
22.295908766169493 256.45673530465837 26.795148472842854
300.3318444544806 155.27244830671182 24.959128989299916
315.94919706954914 206.40227513148636 25.89196185022006
532.7149418153415 147.66738839134862 27.804528967332534
170.0633459076504 271.7867512858498 25.22463755756955
978.9202162665308 207.84870920020424 25.478058114900758
425.63311132565417 278.5828444516981 24.971474502855365
592.1965702216164 376.51427006139437 24.0625701932296
944.6750794604001 301.00323604879964 26.948689035083163
525.1552094102175 241.48119935827634 26.80024648210957
935.3022419594931 63.75697048623423 27.636546208485704
645.6497099157708 357.2940466720231 27.26143496973188
828.0873068118983 305.41078237980213 27.859387846720615
798.1590161468209 358.30165606848414 27.281583574408614
14.747476998598795 264.0446306377218 26.233936727517268
275.53181029754256 304.6518964100992 27.568238157513147
700.5105213512139 234.6428235764532 27.153613203451314
203.97699833617077 336.0126048305948 28.033159292725518
713.1546832782477 28.272819806431528 26.91910281663655
598.0672165639942 346.6776684367165 26.60865304205862
367.3491707929571 269.27602628965485 28.486162350784447
623.394591050462 205.63671071190836 25.758512125806995
24.628439445633422 125.3815897646231 27.80663480414426
757.8884243012628 137.50416055206486 23.710676062509087
298.55593606740996 297.55906023326173 27.560696532482552
698.5539468501956 109.99619369708182 24.910892515133103
522.1944982897047 116.00089351467986 26.18722011835083
882.7803655913424 139.74071121478806 23.536203280483278
71.09298460014124 104.07573458582769 26.031402727335614
731.0257503764074 373.1834666734983 28.497782366622154
979.1956297434306 85.3697124991592 25.457958535267245
253.62421260088587 309.5423535326306 24.010175991483408
416.32508585351525 15.740254794401354 25.284554025160894
566.0612868664332 38.23748291362925 25.985887139540484
542.5033137749219 212.096904646046 23.531009247905143
426.0823254209668 137.8180268747033 25.62990853198578
904.0521204820043 205.6009106763808 28.45919138450949
928.5703454661226 144.6931810317131 28.22954324774399
386.2259851576929 146.09146694943766 24.19747027136464
490.7616048639966 309.28422526957326 25.253809504966338
143.52202732234798 297.5061465487635 24.949938857694434
735.9412529409033 319.6246523428661 28.158960788651715
357.60183868391647 55.31790328142541 26.22905159862087
577.537341595526 236.77389269867288 24.329061448432764
949.1471411055925 144.7655581805635 23.612501390567164
941.1389393780603 245.2557753431574 27.121947934034253
928.5223867982922 274.8607164910385 26.89951884410677
97.41557283194902 211.41335837364815 28.2219243158209
204.78033728707456 73.51609768251079 23.963686902575436
456.5878934146338 43.16518386850268 25.273739418850077
786.6404423610287 353.1098154615901 27.101047224813456
71.75661248669118 279.9830990550029 24.862180239271254
165.2899004462447 86.5821540159156 23.832828743461473
675.1667713324894 379.56546997149843 25.254278567567514
639.2744376102438 138.70723145681984 24.31754058049808
223.87829859123764 218.98155554164208 27.30483859715034
657.8051041304504 116.19618841987548 27.1802781663578
39.21201056909318 148.08985710871832 26.580779307599826
261.32839196255054 188.22321545185514 27.39763411799944
302.00260629772714 120.61397222749979 26.047571629239663
87.38694071253317 194.0247533227787 27.151173581295758
11.747767398287312 125.97246879846757 23.71561977401028
495.20476207139916 198.3581843053992 28.34451357368338
365.20423163558155 339.1317323961481 28.021452407334063
313.0116109058332 374.522777762192 26.878980912792688
676.2302216467587 226.46159695556477 23.645597325896514
806.195668741946 377.79503166156667 26.207846405085835
495.4659015502645 66.65052103751007 25.09541947161768
339.6367988169974 202.71735537737482 24.093341552553184
31.91433781742903 284.758398905234 24.028300410397616
111.09473423367456 72.65434719896339 26.625037216263557
599.1394548597176 15.778797215461005 25.701492978393322
370.754267560818 60.09999878883785 25.220551040618
861.5214806638479 116.72674118304668 25.524829152350186
930.7810779870317 145.83348866160884 27.614680801491502
630.057981320587 182.09141594470114 23.798118156715358
83.21409619274766 252.38494059754143 25.39253181522953
826.2067497916848 279.07276426771574 26.845322996687564
469.2832911501782 184.33819981123415 27.874502613093497
704.2389704267991 42.68603028942866 24.843116071438278
22.239711027504327 220.46869473666186 27.601452151366484
189.8951348244329 136.6461726869029 28.28473309245549
992.3402668106435 170.0438932169353 28.079239106154887
182.56401126248767 217.76322470050977 23.74556952689327
769.4349435102054 161.00467964229415 27.152181728907284
290.87576397319657 106.96812103434836 24.1209971628559
867.7327457756347 398.15174676251235 23.51082472456766
873.0158778044582 380.3745426923213 24.90757794747637
10.217608218503482 235.58433336691604 26.573566157026214
563.1141907390901 304.0438518161959 26.1862596439207
837.6676700529581 363.93277241334636 27.78391685368871
47.999143440721646 45.185359920624265 24.45216143198572
819.4967501608941 27.59487074068523 26.25203645979043
563.0624203409919 242.9713317775414 25.203998602821184
520.2551893272454 262.1813627712205 27.454203980781482
984.9657643387849 0.3031513748530834 24.562700641621333
395.5432073325632 173.4013194095342 27.247364892060038
79.81740977189 193.81019633996505 28.110903763804572
782.6257973313217 55.12776615949231 25.915105500853947
220.01226425340403 166.9243265632005 24.532147642247175
101.88675399570923 349.57907942904035 25.040412929438375
997.2984009347861 187.62849601874848 23.552070872791102
492.49322583002686 363.38714007355253 27.200386988228313
654.3107053443764 179.75633679315172 27.63684594579963
25.70501604672848 240.50126941586473 26.346508072016587
136.68412378571827 379.5978951729986 24.051560388115
237.97599325446396 320.85091029331153 26.11587792733772
72.180810423767 376.87468593615796 27.31014743895848
328.55260705374354 340.66291464251907 25.6056256194132
835.6712351077392 63.46095912186556 27.01758865684642
907.24900881338 8.254410848287552 25.52289365963804
517.3058737047435 370.8776289175078 25.295119782165155
451.4118382634299 263.7027731178285 28.331839292585197
518.1854874672769 108.64754081910455 27.74260101643503
540.1039720782395 341.48269767272154 24.58912563383569
330.04044467975245 343.90437488420486 23.5034829979382
740.9288633825156 35.161061371460356 25.16954451939558
973.9976034061682 155.77001175604485 25.90320158824006
602.7550174091251 139.50477912746035 28.409681170928163
473.9531783129678 267.28609081893194 25.199523154630036
287.33227231793467 238.59002979090712 28.262747758260204
502.2659467430503 358.18072328034583 27.75338919276844
795.2344152819668 133.15446109257297 24.581615517525556
73.69337156404909 392.30160306384226 24.863074413464563
706.913397589675 264.71198892729933 25.39625254471893
476.34874496755697 196.7276730819413 24.23677810604436
677.4804896636911 99.8042246613529 26.089712336643746
848.9652219195434 191.71324865658335 24.664770503905608
263.08125249184246 280.89797610613243 27.313864044452817
259.29848300539294 321.797919726673 25.619456755736795
795.7277768803165 120.30659951813472 27.229437178382632
360.83895833317825 52.46122623720115 23.909610738623876
99.8870265323255 293.31786264131625 24.658771779554588
740.2716939314433 291.1911370799248 25.964866610231798
605.0674346024347 153.40579501266686 25.254897131476348
686.823543231876 28.09805083736294 26.07149295731292
460.54641636309213 16.69136847428776 28.115059258596666
71.65770323266484 274.3188673779045 25.83555559732917
317.0536371038808 109.1501169713152 24.99530710905495
310.07056804810884 55.24769630344157 26.15171484068103
580.8704894439106 196.64711082355743 23.556828293136267
465.04999957723913 282.6783556405458 24.013893581086748
852.989522460588 176.6643559611408 26.832877594194542
645.7748883177934 221.57732139979225 24.048545324353057
483.6489915968738 347.2752426523966 28.33271638837296
151.25431337083083 263.50268534714354 23.784806244543038
354.0338610220867 322.9689270145458 25.178199864932182
734.2821431551354 343.47236976950893 27.422822868926723
154.9124090820899 371.5372314296036 25.228621793265685
825.3478866515582 57.94222160673037 26.41831760241415
188.52802048796758 228.3609433155633 24.916122643654784
205.60920048605624 69.80923972952331 25.186136005677277
556.6322752805539 224.7744252121986 27.160242122267128
82.37466508083946 177.08552528478324 23.928161914672277
104.94965687242441 60.200597804555315 27.22577454152969
664.0285137147239 373.922534659182 25.223494382710626
622.8017857005227 261.6352992032213 28.249571540868196
502.58127963111167 188.580923735655 24.96495727806208
105.65845372155658 10.774111708638623 23.702803378501397
154.063021542158 229.06732059929658 27.29149907622912
796.9717065030114 374.31936764884375 25.635788265859112
167.16933790229106 33.57301955242136 26.82840544702591
762.1061259457797 36.23279694586796 23.83006564999358
350.6829760276413 83.3797140447908 24.205874793931837
799.1991903203709 85.11362363212088 26.161005944680312
476.35969953780966 8.121886105830312 28.052712540017644
56.441420525613516 332.43593970071487 25.554916247041195
566.692254362727 58.542399818602945 26.448825288759828
159.00038759245717 398.77604627484635 27.955151001806158
201.13439478364748 245.22511305073863 24.832899363708453
417.44801881223293 169.85312601741285 27.036906904112563
589.2360338596862 392.0647164691297 27.187026506971986
618.2799334329554 250.3981406743806 23.921764093341263
728.342866834061 323.0169146012921 25.716897821880885
420.51175638347894 183.51004802481071 24.529124472637026
745.0578381257844 126.29012034749216 26.395173530916374
794.3435853265569 201.95723146008442 27.197818048242905
455.9289526545256 101.67079478993996 27.489306574004164
641.8206250132383 275.28972619159975 26.849555780296786
450.5789299707234 217.94694077799767 24.327848659455885
497.98329365299145 45.846961770669296 27.825679214420674
260.85537081439736 55.985900413551136 26.01740514311291
396.25957259828317 334.72922175360986 25.98578471132376
828.0681594803038 300.2614509818738 25.97407884880395
825.2560600783474 366.2526935291835 25.134130361682818
896.8731306734237 22.59021697914867 24.018501416202493
546.4693247400331 20.78027627390906 26.05699045590032
763.1160315126922 275.3554622553031 24.364304044746405
583.961596543899 89.31668992191621 26.67791235490753
82.60344018709121 220.14668829203913 28.2399174032552
247.29675988969612 70.8300617662014 24.131628693691688
41.321996861484855 347.85368180080513 26.678577564393958
776.956089487895 220.61593199913418 27.031529370468288
912.4696676491325 27.901726664047555 26.418889110200638
385.3716923712862 214.60673776025857 26.267343299310053
933.5491382087497 31.329327114893914 28.027672113730016
744.3224160213275 323.55382799989843 28.27310429828855
63.837719154277494 322.3685816732245 24.609389149205363
587.8031764479202 169.42225927546568 25.601568355109933
799.2956796741541 67.41944338427332 23.545367723094813
165.0496993470595 34.84476003013488 23.627856496612186
83.29341283021208 173.89116357870833 28.026352606915275
6.995970962478171 379.5334473785706 26.37694493861644
946.6784250787276 293.14467462825036 25.040546301523662
436.2583069545809 243.34899337852187 26.468315838133442
813.3052864721225 394.28699407147127 28.465014630458512
640.3457155512932 136.22989793226031 28.435093647541184
125.21819249548238 75.17123869544942 23.911823200935192
984.1389757378896 276.0933814364566 23.68967546779042
767.5922125287858 3.7212144815722326 23.60404643520842
714.0793083711252 76.58605774318139 25.95544274701266
634.0627533469371 0.4560573177888383 27.32529446490057
815.6573041191798 140.3912372311757 25.393723566498416
979.3352166803236 349.4166741583304 28.095900591664034
649.7643903523175 207.64235044521448 27.05273097822689
103.47807738278459 70.91898993243859 24.797580862517215
93.70838089395161 163.55342028030844 26.823584885133503
530.9429124852921 160.75799584735577 28.28625403641502
340.0201478050429 339.1087567152785 27.27746594634545
551.3840240446 295.4895337914308 27.311702650469584
710.7882161406361 251.76009019473807 23.59404155783563
627.4010774446743 64.80114802378934 26.68666432521214
886.7191152262208 331.51221297530515 25.08803143124132
329.4058867893317 306.0780385795563 25.922418912924577
747.3823880315676 257.2413764827276 27.458490468242424
697.3062443096062 213.15259856043247 23.950530087075247
600.4777089923442 78.0373048410277 25.98130500401312
54.35858361442003 244.72505067956342 26.48051803642634
331.1543146611261 397.99283242117167 27.14363621847882
596.504237518887 85.63573154036148 25.072174395947048
924.4907177898352 37.13788298704355 24.180557723021934
571.2756154908494 77.38523507360391 26.622145871996004
761.6487525010391 316.8300240988843 27.1668049273646
548.8245468731704 38.11500191981159 27.84234478424683
28.773109222564486 19.32544961056104 26.585073166044374
413.039886642997 285.505542218668 25.529612869785577
832.6092909069436 396.6644338835856 27.02830434711653
986.7217592490139 151.3016758572714 25.2506528843405
122.63025586567355 5.3681016259226055 28.085338340069434
109.36948242382105 369.7604818093695 26.174218202390403
70.14048863567201 166.46126443484442 23.742546113501014
951.7057855137421 214.31786708384658 24.52644909805592
53.685261623280354 34.462103917643375 25.34081999947478
54.35601362446274 371.0103086462255 23.79948617323558
109.82913204248578 37.41764805654113 27.33668208610518
180.2626085656307 41.24900458164235 23.854358832649616
501.0501809495683 249.766176572547 27.704257698166124
466.9491704633028 271.7512913940203 28.29480598260113
659.5710857155153 201.4779238310914 26.704299421976447
435.53782737797496 170.8677096519939 28.489180238288906
28.235645436199608 225.01683852249235 24.157065494659598
272.725764593304 287.0301347337299 26.844822771096936
437.23372243342686 304.3809104735011 27.054254026722433
48.37577012260896 139.16541195884622 26.02707043654114
438.1510722794656 319.7711557791489 23.8948511810879
497.9776342710505 86.99786990599262 26.819024917116103
133.41602497305195 273.0119993491525 25.141015659037436
3.376502818672189 141.2809644919863 25.965925855395906
268.0555997471523 222.15128749405855 25.57022344579983
998.5971425965893 113.98169472125784 27.28882801040142
829.4518743588942 31.911295803319952 24.502931601076277
246.45441030957016 13.868843193798996 26.407585554947403
876.577848142188 236.79372466332254 26.161973711894056
46.43526224449879 165.15619468084552 25.826053665099202
399.4346467700106 186.3668332459342 25.068611650861463
199.951522930635 270.90242164811696 25.817965663914826
407.9298256520244 62.03372139124821 24.995382027020884
464.7519254918209 107.5987079606573 25.347057093273833
242.42361564704785 279.6003130986588 24.719168421895517
749.679370323048 215.3611828497751 25.168459011958568
970.1991114605339 174.18399881701765 26.5878103049882
642.0737948922339 175.7165874389885 23.720854817042657
227.12634629395413 349.1307641755953 24.71534320266726
215.33368628439487 326.2035494192296 25.532908896928053
635.1100090833859 98.09458087449161 27.736911884155525
344.0880470755558 171.73730510406853
252.5966662364148 394.49333676653094
12.479742194275145 225.0865868973107
12.618425987289728 184.48056815839524
384.73563849645 142.36136385506214
192.00902950910853 88.45585466856943
378.98089010030367 48.15534466494871
282.737578408926 268.4856981534241
4.95968533961566 312.31345968825445
20.562963075541106 354.3982102642017
93.83577687065059 243.19682520613682
311.0602582896937 79.14953998308482
124.6592249114947 396.73323305761375
224.26782690341454 388.30712694358385
372.36532965109143 168.40419899922367
215.04735590049208 74.58989324827554
332.2493528661078 193.52240541880784
237.57731622909998 77.85825611005328
368.4392066451865 301.85680386356444
196.22826233626526 242.9002795243437
188.96608434697805 355.865597509446
11.39676803429066 341.81324688049676
67.6112712476836 47.500411172490686
277.70272024041043 144.73303590813757
312.7855335215413 236.74825422884047
53.282804983020156 262.11700203564965
126.27552040189998 285.78084746672187
142.74141026774538 383.73885721322046
299.7697640098314 275.784084684694
322.64787830961785 4.007597705602395
364.6550707674395 389.2434761481148
107.2975971030893 350.17522928079575
240.65199798535298 98.66462415956288
63.78219515225369 219.45143517287576
321.4366349212431 323.41088449122174
359.24244048445325 382.9964000197987
290.47349174644637 399.5433176238057
359.505529237767 329.21605161439135
177.86300475159166 153.25153993275848
97.136447039738 195.73721441464644
49.08475659536209 376.66673452810045
88.26143319498607 178.8931671053963
59.09605473433102 175.5516565683243
301.3495163940929 311.5034273315466
10.32342388265115 191.5652697987543
67.4662828568919 64.18438576597279
220.66268986373828 197.50291362695384
370.3421735858891 152.38097235370088
237.68151948082402 22.11602719562542
265.92574633463846 220.76213135342195
327.7964327214664 181.81852613304733
154.92037866358478 128.5766365635307
324.27434223675726 179.79014756868202
268.1311290854092 174.01823220092166
135.48686285949634 178.69006812744792
223.27651444213265 372.60275361271147
394.92370272610196 61.39732287649986
73.24810729085071 44.01275070690844
377.0496834468049 364.89769468859214
89.62900587608335 63.81824280862194
208.16788673241214 205.63978532481474
11.610315669225502 0.9354931372091091
369.02974458473454 110.38612438248312
239.27299023386914 188.6386929847288
316.01086433589995 224.78843202216092
261.53032886011425 166.39266679438583
140.24957472335538 292.618977718465
282.8547746524845 281.7277920614237
139.22328486823753 281.7934967002333
149.24058893154464 155.83133191280902
192.81592541750808 379.0238958244244
72.68227077916474 193.48282788692305
316.00770411250727 283.1422888250886
314.77657078910147 357.41392161882646
102.89683019086931 297.841031938166
313.88414605951243 29.126474838011962
381.8405810244867 257.77649211309546
126.6150151984931 342.6555816226719
69.08166784556764 17.68734290881917
103.2301168170188 304.71768415744316
138.3035290973907 292.38157556030166
27.87937516974921 304.1366178826411
16.136722044994478 256.1491511155023
128.42479187765167 65.39391932986192
368.71632686370106 93.36071661192902
196.92524879011276 315.6026876791236
161.9687662503575 237.7156215540548
360.6877690460561 11.157366718436235
258.3842054387608 345.8058581260077
205.11818565261217 309.7651564494672
255.60915689792415 121.36547250721765
373.43225907658694 175.51757436055362
177.27183713349453 139.77826001483885
54.61632108252683 169.11415747359925
394.03091323355454 218.1195615688427
119.85488878177316 202.30308655988551
182.91665926998752 34.2112119217818
278.9704488261507 225.05688106951226
25.611317355419636 18.871763785174522
302.249139715598 365.9544467069104
301.3938946424085 28.747223113572318
89.35392977965337 160.6935081990138
248.05252778266498 152.81067937565535
365.8549280428165 380.61122835239655
344.1458520930615 213.82234700496952
249.23505040267685 12.543330044010936
208.57270135789707 96.74466230210479
250.05674924913967 343.305452064774
318.48797295417864 369.31007868546095
260.3041896514473 266.5336681292882
114.18010786055555 155.64266840570494
129.74306913720767 256.5739616691619
189.6042098054734 82.03725338694099
342.4684289376662 143.56385342998675
259.8427649216032 334.7034292818035
79.63923277133871 275.80225746989555
251.84398574111066 252.48459585858026
390.7259967305149 69.9569833478733
382.36606867589995 23.26543571080486
94.42661751945853 326.61226170665583
267.1336514018926 160.9843038843187
191.7331018417662 28.111861025984865
147.79098052524847 110.87022787446439
197.46029291450117 237.60654662860014
28.314464448900267 363.7271817987482
82.87571092410988 382.6676123683195
80.1251292194181 55.79156260259186
70.89792838484641 33.78149149590066
105.22002363554788 188.89189499144922
136.65864242852018 277.4934955027542
339.21948697580086 126.34283268995641
140.05228012142666 135.92187207099835
31.30531030427859 303.20875694741903
53.224541491468315 398.81646659919926
55.60308911359857 335.2753413109538
144.77981037643724 111.28947109850125
88.64009363115612 119.27058703110012
43.81528979197369 199.798823066076
30.08814299880789 87.57991684042197
130.7179284135918 320.9179778976878
149.07901635735303 313.90316679070554
287.9882509365257 181.87868175222275
105.95824909564567 262.00427739306923
93.18342130601769 108.82703080721367
329.4210070621986 27.907728682220288
247.39992627349346 328.1855327110441
221.55212462416264 346.59880026313897
206.54444161221136 278.4675603373895
318.37038638073454 17.4880377723297
18.969484279934434 284.34354568774023
251.05523373483908 148.60306087329192
71.87870059241943 101.71112285685484
333.112274477422 327.6745509836034
10.234657956146576 181.97509340384704
241.31205742661788 98.98569806666573
315.73021313423925 5.695665791079296
363.31474764521926 358.05814589584327
119.7125478766822 300.21690951972045
352.47130281104086 271.9501104220081
372.7772579509659 382.8403038909218
60.37022319168717 91.14586492390457
105.07780447154352 260.5614973410395
310.27659719431165 339.71847784096616
385.2239320040345 269.3414372800875
129.68867843364967 153.65132483820875
121.97068844325649 150.336186288335
277.8152497020144 382.906556463016
51.72781668170461 137.46288918737673
183.8550011679009 81.03211525873411
116.24748587377707 70.13242537352981
354.53749776832524 176.80189910942389
158.67630455857352 346.9324685783709
114.46324731272325 255.58682714800588
52.485875274589986 300.4977434850513
10.358722866781589 273.8577496361622
226.6240774459749 100.75745975874848
140.44002858190186 288.4240855978213
261.55760690489615 383.2029269824822
62.65725844047139 302.71539750762366
204.70416236832753 250.7716021161844
390.6697194592652 315.61621303406883
90.08110055194649 312.3968712244024
303.98009261454 4.067261832681002
245.82516644408406 198.22595776489703
178.73395369471328 178.84994183786142
334.56641448561714 330.9616356687604
388.26918699654095 223.67332130169964
295.46714412843454 34.73627496328069
27.577780704912904 360.8867041596783
243.06514111733551 327.38020983337555
83.42075885101225 382.8433947043967
126.88853388364079 368.89924804891933
1.9151696565754772 246.14493878636162
367.13755988593124 328.42943928964104
297.9900244363864 246.69767687066374
155.55684125157492 383.8902847416515
6.186258437587 176.7170829085777
246.94986814119005 83.01069944329615
389.8540458336068 310.5181747851645
265.61535340249435 371.35516665782217
205.87877005323585 274.1335068544217
12.313585109337488 232.43069176953367
164.64500918132177 24.503386132945515
381.19851147067726 286.9081632224416
230.02634233998077 297.1860924193311
282.4800122961086 62.44502476211768
271.7665259830812 377.2388680071039
215.4084492683698 372.5491189328393
312.69597597705086 106.12387677075934
47.50197356161596 132.376885718434
5.805496997894766 258.19606485784135
129.7651428945022 391.3119460105462
31.277331787158367 3.5332628822156487
313.97547086339597 176.62353416549163
21.151871099372865 119.57198678953426
336.9426887703216 119.45711690079924
399.3861925752096 322.21525721814055
197.97371434019416 373.86285450345514
367.6390502112979 157.78223543513704
179.60421124281126 241.52052011105937
372.1948175160622 130.37233993235202
247.98606438520366 179.27271357288794
355.01718627811243 334.9197747994519
118.14792026827665 93.5313543142088
122.00141195301484 224.41738955851318
280.6742996778354 215.07545906995057
54.07205879329404 60.492114173819765
360.17677561348415 399.71141526712114
341.85144359830946 79.71713930536914
312.2588412099334 14.720110800637354
142.20189507316184 253.74923196842536
164.50434067160944 47.968292517960975
135.02320979149894 129.5827389270487
68.34728369063563 116.01478037385648
101.2647949769935 206.9148628612858
352.5091720617896 49.4951374168287
148.19010964536238 42.81991418233977
255.01786734602757 298.5217670163084
75.50904775519132 169.6335992996387
59.65045029905704 327.78920647872013
106.07223137124481 170.15110413813835
73.97030408266491 260.52782040548396
197.39904742986192 274.94631352374154
59.957147039500924 282.40199360526276
5.389675830949248 229.8222680065403
364.55649268344894 330.902176156045
89.14918081628022 127.10637797088839
296.30343120720255 172.7332356804673
325.9301401803227 202.70672090914977
255.50362939213053 311.15467902220826
147.77820683497316 271.5492528145324
149.28255884384248 67.18138152953905
316.5432392760775 107.21851442437153
109.14215616772695 243.00671568045144
321.4966830170597 67.327832069586
77.49207713751134 2.962990550154254
313.8741095726133 224.34793290775025
40.95116919418458 196.78724533307252
185.2398475839899 182.32616768273502
162.04248912395875 301.9136182226911
151.64878808154424 243.1315409748529
197.2336434998363 275.96659337250884
223.15859943105448 31.56397793999899
388.1021886551866 287.5825922239442
218.32378893117453 296.8692905518812
273.7340515685045 133.14040661553938
325.88086220628554 178.90449702549805
396.29093431814294 148.93426913336526
220.91248632768287 160.401215270709
258.0109076304994 192.77629527636196
10.356055280391141 222.47810484621291
136.73450202518484 395.96824400170283
12.800759237815118 178.75619379144135
78.37662180026746 76.03571813997733
170.0950263446848 384.1343684625039
158.59295483230432 252.5709567397017
143.36436056346523 397.4852532047783
342.21732985939235 222.9835019944212
263.6180104803451 323.2347762868673
367.87506539865717 31.911295746721624
287.200552554679 64.99201628680117
46.50499642496726 7.497614368152661
148.92309858595172 395.09890069882323
186.35133858408585 239.6926516776346
210.7865338163376 177.1725998456918
43.31450796598806 140.19155976951532
271.78768165896975 274.4163268628261
344.3781964202661 250.57382805276185
34.37707150506877 234.6777258853105
343.15807426941336 54.6620750989915
15.71544024486382 363.9368956424598
240.44576401147148 303.07152684988125
246.9539385774497 83.1092842798027
238.94955051041197 272.3744020439662
121.34133660881604 308.75184575708613
100.26183946221217 258.2566816726147
32.03958458720946 206.46404013881764
333.411114757501 241.49785086974106
383.1070984774601 236.4781557149318
68.18444764472171 267.5572642470271
162.1875534657604 344.13685270749545
52.73485048221893 245.00400196185598
331.01970256955326 43.65876305598108
63.81554004192358 194.98006631862813
19.96219897328917 1.7960304354655676
329.31171956798266 73.34012542300768
305.30540338741037 148.6911551537573
336.56832690558565 339.0638591841913
3.220118867535815 126.4431860787787
36.34038300057654 56.9903051505388
31.77173502175199 31.596725987295258
351.0207831036685 99.87659088289074
272.5058554972603 115.97024329110694
57.128423280262375 154.2367195478001
305.69005230341634 180.94339611262114
135.8676917070545 136.36893685443283
98.37435837333092 33.52592578557952
171.89847640190516 89.43368152441633
292.0110420348192 368.23420912989155
329.28394848382993 59.396867068918354
166.45274152327235 397.0043715828913
44.91168141172661 37.10678563063068
249.7257557334502 70.07407703019383
53.51137512224917 205.7255901395943
298.0537030322217 13.968319656108985
94.72110141845897 247.18984544702843
388.1846810470245 158.42748606582333
251.4817315679998 138.32752252206905
344.1533213702969 32.31933565411098
130.36743764077653 106.71197205504726
263.1872691621285 279.2794040733813
218.28836901199176 218.286652251849
110.54552140352013 77.0276283222131
136.3296754676165 33.247342599123456
20.654521792711655 40.012108506309694
360.3190023178016 293.6218350551756
271.98580249877807 43.23393224261318
89.04313014464674 95.44017367865503
95.69704016910391 225.81028637479966
314.8620583261558 50.341580039652676
333.13681070248936 16.035975730652563
187.797319467002 155.91742771900584
74.89111279181925 365.4069375950583
62.99926061975012 71.04273464965645
194.1280642813985 87.2719826874368
182.82625924153302 31.901656791137654
329.57528311384397 266.48265646328844
168.59679095673297 346.36569463836
378.5424771900435 339.6137659878329
183.40365360217405 268.8365626930435
127.97998881683301 41.03064692266489
176.20754788523323 284.61842059137854
81.642177507947 168.28192378926218
228.75540606843515 222.3377820706967
34.00259761585338 41.00016852818315
300.69710798793045 364.8820625875681
296.64601209133855 210.69552646706953
4.602087343397354 243.78131743938113
100.44056536855001 224.5307061927862
41.4058000004549 78.91039406571471
176.87136263244412 254.3689575537304
188.14375891912837 64.84220334938686
264.49502652221236 173.0895039952336
253.6593691026291 107.1357760163763
91.55271503509739 193.36828148651688
204.2996126521938 376.295843458098
253.35743836648726 279.82490812496354
110.44083534143408 374.0940284013154
133.14944934740214 3.639691272290735
76.01515618295957 296.3945511280446
7.6916874728815365 329.44806089674626
87.03593109751174 128.58077196747723
133.9554381915786 7.522489340314831
151.44906163465475 324.13179785828714
130.82427084810243 189.95535812782634
201.46472453432 293.8516620614346
149.82286430731025 397.759235158022
190.85262502284243 72.70662170243457
371.4548856765737 236.50427439522903
43.51179308012591 33.179158077524164
68.81280640570648 291.31534896785865
195.9539150682489 178.50077448646994
247.70013256637503 27.75498336708857
25.16767607147439 376.0781458374679
302.5850963373958 283.3208737654849
264.6594306936135 280.8810510389894
20.28265127278024 254.99032706172648
185.29376497229478 250.5130356730782
18.339922266058338 171.44672958093113
53.88557537539058 268.1392689784346
322.67832526830284 284.32654036671175
181.32350036819713 366.3988829877225
269.1236838311467 21.028141321367457
133.33257391587122 84.88254194548372
56.033900955511754 112.32740686115297
200.81211461639109 95.70879346004565
280.31161273412124 41.24752357313803
13.013166628646022 296.18611514962316
256.66774431826246 55.33410624207389
225.64750026825203 194.50045470861744
50.079655791252264 42.689506601948594
127.34884657389145 103.82153426804943
143.9659884204068 392.8234919830001
381.73476202981703 312.17394631241035
121.67813090708424 146.58052701977473
358.6458049631646 9.872401664762709
56.48674388367798 85.10710422909224
6.96685058306894 333.27363722322
285.31955466394896 116.02546172135479
182.76338911320656 23.050398580803176
84.08483138983907 185.68356416975283
370.2938866972384 297.14642677306296
267.49336953857767 379.5538447878919
19.787384099819462 3.0239554134759317
103.86946693997979 68.55677112210054
74.70354713089318 140.7689863208189
365.5198293702827 317.28816086199015
272.52068705297125 38.072138466924656
227.80749898696584 290.8323906139301
276.92514757613355 210.05642761438992
85.15563698130859 280.046721908896
235.6038729988235 51.37623960002693
369.7846669169433 10.905206691395541
156.66980308636042 384.96490888126476
139.06391145867246 311.69357020412
358.0781228421723 331.2615507272372
139.93731608313072 182.54976415515785
368.2192863377743 163.70070903188795
63.96082567835353 245.0479770473879
242.20308094033967 380.7018185390464
374.06713125500005 245.22685308860957
307.1759552253735 151.34821840384566
214.25158992881555 341.66606050926737
61.342026435270114 381.39894782441974
105.95143991513632 130.91827628307877
325.18633736105716 298.22940921382263
189.96814307634705 145.80683839067768
379.72697645881817 67.75031465143049
90.36142970992387 307.8024847061784
125.4508770850499 333.307213283716
256.8210632164307 122.89555262601456
256.9161798837875 306.01635017565064
84.60097751772904 281.0835186379723
271.8322567245537 337.9453731880927
16.178354296618114 352.796351832215
19.756437941540117 374.0008069964648
396.37835993492087 71.28574723392447
244.37489009804213 305.3372271719315
282.7833494539876 248.2071771751908
384.6628742915108 36.55616319484349
305.8235873468831 90.32691864510784
174.04806854444362 30.915949282351683
228.02449186078988 168.48922137801873
113.02854019949562 12.226811411088878
69.46370589016544 135.68212372323325
289.5251697209995 379.05870208303827
346.56929044577095 299.2433500667826
82.57643866703197 126.34235994610262
113.96856807411591 322.95093212123373
208.8115852827435 271.3973157822643
304.17508909525634 267.94623972841526
157.46637403036402 145.87369622492207
327.4796577669534 77.14047965066699
308.53367933972595 242.04777530951858
24.48903908868516 265.95843968226814
139.96926749572265 391.36420219095066
56.33443157160305 202.9768044496908
303.7014904293419 305.07131096580645
72.6498805901226 147.21712724091805
186.5212885050036 121.24865574057151
314.9986222253391 354.55702306824264
270.7575157219758 379.4793056372884
293.50397361438854 273.92586180960296
170.97039173462235 183.87240148166603
217.01906439622064 324.65483773927366
246.72408456129747 17.094727770591646
162.24805017887977 379.5539312660934
377.82771989022365 132.52310736877254
134.80956897663617 73.99183779268283
237.26191933762837 278.5824670122317
5.311256209709114 19.457754322701383
8.33644123839834 98.78782460885786
196.0822542550977 320.78716098660675
166.45234609222723 302.9611476000274
349.2889400120791 279.43688750874827
82.17041945320811 219.5476644102048
24.7369047700845 10.897897246440325
201.11558297767692 15.908829191502516
355.74071713049295 112.53707365310453
217.57526981750982 112.92269273933036
134.02083477241814 288.862934696695
382.47768520128056 122.1752387624977
399.66527138895367 374.41282984117464
72.76430366500848 198.47956825492753
279.7717764360208 290.16252020747675
197.99863120105923 227.4128747156454
349.4644010751283 327.56221140149904
331.38190020186914 357.01427126400466
181.55626080284236 175.0061657953494
26.17404225452553 34.739594049376166
