1000 400 500
30 80 0.1 0.05 40 200 0.1 0.05
679.1204286244217 81.21321609733761 25.289556852235798
220.85130283815724 271.6199805265608 25.040013040081643
13.14675871720572 256.0608552902044 28.10541485010959
144.56595903344638 249.85471087342256 25.448680479170722
198.79330606417324 391.8136911644082 25.010753091816603
692.9767672386085 172.03916138059608 23.650986700996626
679.4582319639484 212.07915590436096 27.36002457331962
205.64405946684673 387.89885092387493 24.808834834344168
602.3328694738397 130.33579642060488 24.723268489718176
184.34471863104162 144.88233478806984 25.04301402830272
167.53066143519635 250.46245788352417 27.954123496394807
272.6359436155298 0.9569358439880826 27.116406660060083
677.9601771855542 147.60469380783624 28.33524650897926
461.3471262841119 163.92343053099023 25.620187204933554
902.2651294835965 366.25344869892876 24.95148089513427
153.16814759236962 315.3350184735143 27.887460974706293
882.6140428657105 315.46070997290883 27.781635921908368
216.10462233403462 253.88393997316615 25.764225649077257
913.226658399432 156.79822278615435 27.638295246093357
504.64902142507964 11.4736292639396 26.06171842363264
417.28249289507215 155.30690537420645 28.077321365837427
198.01935672288917 50.82945992867711 24.607514897303982
176.6524491275383 127.36389068276601 24.472215703929916
475.0632473106976 35.86967119919393 25.212373267358668
372.4841043106556 245.94015287783586 27.252634419874095
653.1101223391472 58.362881884934396 26.02988511146257
211.18777816442892 270.71133126901816 26.662444677387462
710.2489912228891 283.5934605145096 23.957481003512722
310.32284535731645 219.2472988622383 24.543891389294938
693.6576225158136 214.54328063990823 28.20807978390933
257.1533141283452 291.1187218651919 27.515779472752993
606.533643819999 232.93167818216673 26.566415386663216
818.4871102679765 48.05102485547974 28.321963318099304
38.071036339680234 314.53797911617914 27.27440247958784
647.467821256642 132.80453665455653 27.09067641686681
739.3615188804636 387.51516009007935 27.904308088370673
209.25764122021096 313.5932983009707 28.19597822719781
97.01920805849306 351.59316485547185 24.962316854804794
225.4197909442608 49.6519166373544 26.452397439573133
669.0548834890035 142.61853688891512 23.600549904236804
643.0350447994412 210.8472070992513 23.52711253937107
636.7533635375552 143.9865773761688 25.531819213248305
880.303002690248 317.5893562530534 27.9170266388721
814.1076233597341 41.14677934895536 26.664344528507115
531.0926277006904 8.05129492655019 28.2290280604415
224.1804526962966 308.2041145883317 23.776185692983905
456.5002050423893 242.9358149981601 27.110620114251162
790.4183115807177 321.15206341659194 25.700971557948016
116.20566772858464 322.56359733399916 24.216860711175062
350.6293120262959 318.6600353525661 23.514240920639775
444.92049567140157 359.4714620407317 24.45197834639375
541.6276864949673 380.5521469225591 27.406828594803788
642.5037629904396 308.33556533580435 28.195771916619186
542.3845392541127 61.858759438219344 24.66857956703801
987.7651121185615 233.94853044848674 27.793508785353367
731.2330344770214 96.04992856956436 27.13948599936919
507.3375959443915 271.009388714245 23.652924516214057
895.9459882208256 147.97440012948456 26.82021449903021
818.4179149099185 314.20956935632256 24.424370602337515
231.4099081148442 232.08177579745342 26.070903560712203
238.1475597389443 134.84526379485996 26.933343525685903
324.60430654149695 85.40213834731945 28.013912330255394
817.826009738968 156.03384584748952 24.453572405140886
126.47937881637151 261.9503720125808 26.737620521412648
56.26649514951443 381.3881522370278 28.140477969714958
370.3060393666759 253.91380743551431 24.566017250088226
897.0572005373565 354.285601220084 23.747918322316426
450.716967855207 197.12595341190666 25.701145714368984
177.2841251255608 162.9869835572494 24.306378560517864
720.9143473039265 229.62808017988286 25.697852435826714
912.7905055849081 380.8909225847338 28.10067582596817
900.7070594147941 82.02795275707322 27.52493730982035
854.0462779796342 264.982122901426 23.82425914272331
577.854482659645 20.084018315920062 25.982828033906465
288.3169634021905 96.62338880895187 26.15156395262093
1.704405418513688 260.42730156397243 28.36127875777365
493.5572274435298 48.580174919807284 27.527810108670167
742.7658223511412 160.28436896738043 23.854173023920804
947.1976622072948 155.63139429104916 26.767138634892984
665.4723295480702 155.93742086683977 25.122016353535276
972.9986866052166 252.1382820718062 28.036985072960476
734.1650492614037 200.65374969237766 25.772748085692637
70.04678999395064 261.0935575418137 27.122877383756247
753.824815906623 332.8904997297667 27.48154345100415
542.774560553578 361.783209913792 25.069081573256067
406.25796176064324 85.43444143458663 28.10068556490527
56.97725682400456 257.34141780111423 25.604241989281544
157.60764584025966 15.223512015206309 24.82857747728953
435.93543141375346 182.9936750198863 25.336791600131463
421.9201947856998 75.12104649167894 27.266640702349406
919.067336799026 158.24202322136105 23.863724938911066
15.111453939339881 39.82650329240456 23.745189589932348
503.5326031852571 252.9773783793016 26.421494121678126
530.4998403495305 209.11302020515885 28.44222821239726
131.77660901148823 213.58598734999714 24.93436288647576
26.91750293827999 207.13407462522738 23.64721172342851
864.3963756424515 29.377511399179525 24.620418979017266
918.4780672877564 234.842546521866 23.676758726767535
761.5600029126435 204.67963145745367 24.20742397401118
375.9347545894751 165.56885193261272 23.869561745865113
695.5290283768277 374.0464235262523 27.2204086507886
937.1561524435738 247.21318294282693 27.258674525026542
423.9990650010205 337.29326055036364 27.332955542733316
531.8943352961323 327.77394081460073 24.723186964198923
895.7475128763625 121.3274846466732 24.948859224928796
266.42066628790207 187.26275762723895 23.987128329248307
347.5899138521783 364.57039164054146 23.696604338504052
208.82602794852212 265.3995874361131 27.887244849744835
430.40727609867525 278.48906564276257 25.49402024402616
47.271042523290284 41.5423572534924 25.045933747849162
501.89745615487413 124.45613954770063 26.064596446033978
952.0482083037198 165.53719227566725 27.93080106351114
708.982756273142 51.65789680832829 23.972187572225256
708.1765956207363 63.78112975535659 26.274657529591877
402.10599794572323 315.6559191563477 26.27099312176922
257.961604385707 255.72219437462627 26.78274019251817
359.97638591209414 23.802047548404826 26.048424157783735
121.46321758702638 7.984822070623165 24.827910882744163
824.0665830798982 263.0888588804994 28.447313689285473
775.44399491817 15.755205490081758 26.586748326220242
249.0728021416888 232.01698007977143 24.090292994645637
355.8121891554523 217.19431266860795 27.50393918861336
254.76168707539782 38.25343280223126 25.264343002977967
1.901530852322031 293.41912761907247 23.590140047722436
536.6500098044355 199.57117727525713 26.250692243877154
639.5867330869249 254.70805931786336 27.40739419970584
462.67827392178185 1.8758502648361652 23.969419197431957
970.0398866924817 327.4980111794669 26.520968567875713
989.7053773084981 173.87105818317562 27.736229609362702
217.0850752802941 194.6510749695534 25.08871635382984
100.90040312893744 25.664959839450407 27.659722231172022
723.1762070528068 155.3314206080915 27.30726861942484
650.9486184738655 304.7079164753795 27.72167821206999
565.9505516179237 106.35064683983649 25.873840169250418
752.8030608469012 126.95056728495283 28.233061288501688
897.4207788972118 143.46652822533974 24.985448529044845
324.2602148553668 67.85288820775533 24.41890566439452
948.8534749090298 272.05748676910207 26.76297823521682
296.0491756745236 14.435074780120516 25.80238539854466
468.3150990873917 228.79785190372309 25.231760464543285
160.9082773123468 297.26889168998275 24.700270527765582
496.19106504998155 270.12903937529444 24.036023952137416
895.1618220893587 295.24162663601123 25.048717858477545
677.5206543015046 293.91305496777795 28.13144306726155
924.8626280780268 334.91179921278075 28.411830552925494
958.9353212541621 35.86967775395138 26.55465763875661
336.2643957502064 32.894880967500264 27.019443070946906
331.9110460476361 324.1911669376012 25.574542714326626
278.23999790950995 240.2960230102932 26.09081205662685
931.8912827807087 379.8008123345326 24.69752456980781
789.651426119529 372.8239101576034 25.254847816291544
62.927244538861004 205.52761685913433 27.03558626048776
659.3595413394071 322.70308444959466 27.224636218895945
727.5108314008825 198.21193689512887 25.90489615927341
426.6732971520404 66.42955210770225 27.84554999739575
748.3139469923907 220.38893082716822 28.45619086566561
26.083316997508433 267.114560838648 24.4554049159587
179.0401987957627 353.42184330521064 24.943013003497914
626.9881648959765 326.71197536349524 27.086919978492762
131.36308617336724 86.22761000668034 23.50535937085131
906.0615272921366 220.6541532329445 27.24409529731005
469.16217834223494 331.2573612459329 25.225847401483968
790.5551328593795 337.90703254286984 25.803829776342592
724.547515148867 354.1163452524888 24.641627335485918
833.1977584822375 389.52668653680394 26.46281923483168
616.4263307868293 100.83495538455031 26.853312755213075
15.812439062352524 118.53339188409606 24.170038875282117
354.9366452725521 346.7882948770017 28.14438665936421
356.0947612980497 367.1449082588082 24.18135023020587
506.6443032914325 106.80887073506105 27.439986430656624
121.30540701345593 301.70535349483106 27.94125536520265
198.04310283318205 364.09878706733696 27.618630872513958
379.43628496642566 172.33813754323245 25.555724767069496
330.0590259709383 216.82748236088872 28.317200336209154
672.5986385133305 348.51944391433 28.45938418151888
854.7571284136936 220.25158863672524 24.408025441591732
643.2066436849833 222.23995870715632 27.212076633059844
977.4803157661095 127.01770997648833 26.293894492461867
829.6274653638138 149.77610148439516 26.567703497168083
952.7840082635811 100.96121388050375 25.87562523735585
657.3439101222395 397.6552594266442 23.847963649297046
359.71150450918907 395.89530666464964 24.857916147488403
951.7141654789256 98.25071773573883 26.70268519879624
899.5067060838081 40.05066569891582 23.629721412229074
390.8686951948255 179.40997697451985 26.946296456420963
744.4753051936214 132.17734042861787 28.489487389671673
988.2945587295643 328.18154681924955 23.897902876093326
777.4542901124446 213.8123641542374 28.484217443101482
464.72579438575144 142.3901570540035 26.51358432850581
53.67898929947867 4.550797329155776 24.642352808175804
742.9708208449391 120.59510083222662 25.248946841420455
956.5643698971686 137.78794906017296 27.248595889326335
516.5205731206489 289.6799434852562 23.614560529509756
631.2425405233955 71.5299005486791 24.925656592543696
126.82680904990195 262.54279252192106 23.545493058635337
799.1856723336385 324.45086427320945 28.341952142001844
793.028256101228 392.411314557722 28.179353349458413
277.84609420698183 147.11227338714997 25.09089083748897
514.0128212338401 25.275583518289267 24.27764724853936
854.2743672796272 221.6037963617421 23.71873559633668
882.7989401467606 71.64151888104287 28.107220389166848
353.8353675053818 23.02291971794359 27.59329135878888
278.42612551562473 390.83671683142944 28.068415421806364
176.49624473634807 100.13095257396323 23.680753009225157
826.3764915963665 216.77718640705513 27.082465436171123
475.1570802772963 260.91230967485666 25.75585027353665
524.8849581364657 208.50556543284208 23.772625151635353
863.9536511104216 396.0736450538364 23.83065204251032
635.5951451482108 80.76729697818625 24.753506708459184
769.5790855944135 247.95371094300808 24.916651573257834
931.5133885973877 101.97891169778713 28.01485174676442
585.0150857343369 235.82532915912827 24.69651811902179
516.1128013948916 25.490370667200636 24.00517060670579
821.582488894332 376.86256709386356 28.3865260112435
492.12463762763514 175.12892370703725 24.81487611380022
760.2319212700922 284.5708699325358 24.42538071002729
818.7849338735307 11.464204614366524 25.977133297006105
314.19610668894614 366.4389641959424 24.584059024451115
788.211463552493 278.6303397390253 24.16893252480431
179.5859539482274 56.922457036396736 28.405339754521638
945.6790787947292 134.20973860113693 24.24803536549577
974.6763351225607 281.31255072939007 26.348777268028346
229.7216025286971 201.70253025802296 26.018476030777336
168.3176599544901 15.03302504125994 26.73168774169097
105.47449894452943 205.3037451499931 25.215146483277827
748.3183572890175 339.6470220229642 24.1608759711719
482.11753421150337 42.66506407174533 25.945430628133085
966.3443762554215 153.29608268675054 26.081815311217852
950.6872611606265 159.35807507328863 27.153558835852866
160.81721373351309 115.13979012059016 26.81713862425758
44.28912770417115 188.95866277166772 26.183851047441408
756.7844455086541 130.06887519802635 26.806853555264322
735.6063776695645 338.8664441329905 25.736737398065365
584.4806211626694 44.73035034374173 26.027741137864915
657.7090711351184 201.736651295353 25.132661818093368
768.3614950320919 155.6841794124141 23.884920592177263
709.0215374123381 67.06274994143601 23.941861435673353
597.2273446939489 246.0089911128378 25.407421072696987
911.7903934979578 52.08474350646108 25.492611795413644
84.4709689922818 382.3437609905033 26.811501935087712
999.7688589036027 364.6381074654554 24.248736485086663
815.6887170504501 328.39574269539867 24.43702927249818
63.72647045718494 395.38070634910304 25.43280821770626
218.448577498772 265.3150964701814 23.52691174524956
265.8159599031815 199.36688846922132 25.870164835574613
494.8630968800994 349.7375731213712 24.167774361032606
713.1636268305975 97.25800843392238 23.818172483839838
160.08840493122244 276.18076508494636 27.098942425185317
859.0529066403872 78.39524760077099 24.424508391227317
816.6559328257532 125.04967845612308 23.730506081912086
562.8768786699602 239.0910352139836 24.498886183944286
462.71592989358487 47.71815012314793 26.090726358004538
208.1515000392412 101.14853412357809 25.977782180837906
138.27103914715155 136.705299188552 25.09617529914086
56.19018434963419 332.8725378674971 25.976371296166096
23.129342777677643 316.3152385921894 25.34949714494929
540.7999560962219 186.51739837821353 26.742967940738094
538.8017671028067 325.45634648036435 28.011144492227857
210.2021726122688 64.8068911983351 26.41757541441127
508.48003742824943 101.65639491301235 28.35135163705012
954.3158158544164 71.18532245338436 23.928338024193962
788.5027818468901 259.2451474234477 27.602314991559055
460.94889148307914 163.89618254993144 24.990312364169387
904.6714462458004 224.74011063329505 25.23027787720494
200.0849103456558 246.66353395272122 27.2744327009315
370.106749887355 381.84600203979636 23.81207326692888
802.4557067742243 156.2489468106135 23.83712822789511
400.1124566840713 314.1188857917843 27.206628734597295
372.4700167607503 260.8022041171504 24.71093438037657
405.1829037918274 35.95328915830147 24.581850449147513
936.2004914130673 17.794849133657962 25.69364819351626
776.6701737052474 86.57951302594502 28.310884363481513
986.7774324982565 155.25038693266646 24.300033849528013
280.9166854566919 135.41081385439347 23.555624936035436
550.830566211155 277.541318808206 25.189578647438086
656.4244229640859 112.31006510693456 24.07296163321236
693.5657309421372 243.53960760605503 28.211985590483437
433.8233544186061 328.8554446001194 28.02099141697897
224.04624052601807 150.4616939253451 27.24651979462185
348.3336895464727 85.92827734462696 24.215491332672414
108.0257646192081 355.16992588678534 27.901402378563212
126.79060315414648 252.12609262521596 23.84545321216949
779.3841383460815 193.55725564315387 23.706469592091246
653.1808855230757 223.57370130788198 27.351399912392946
933.356499840527 79.27966019641066 27.919436209148206
154.47821636707337 9.36719818987668 26.29939029388516
240.20396046400938 380.5887096907689 24.38837514396892
818.1743220520596 192.5946842838534 25.241793968563766
726.0066675718233 37.18366514358369 23.90735037060255
229.48582633990722 352.8341144776646 23.884687554735226
801.501913316742 380.4259847669295 26.177316725663406
884.3376426189863 354.1888434946152 27.319563398126316
288.347155380011 396.267896420892 28.271084192781
337.8324640969701 148.98575008359725 26.609303708269206
487.24565038890375 200.91811432024426 23.501883415923572
940.3299137547156 60.68410304373955 27.927279230656385
780.7851243888362 308.43113558971436 24.834265388003477
607.1740205001927 23.52814760473745 25.56309412668942
376.7445885390286 224.63814722095412 25.650027752918987
285.59532656036623 97.97548987747757 24.054878354342478
220.52491380526286 314.46798020540825 26.40872684288393
204.81868571502082 170.6506114620025 27.158995078476842
468.14028995889936 14.811267549586038 25.812163933826753
213.748965330812 299.9608738450865 25.293293218047747
78.12776642901753 201.4902340941296 26.706936407119958
474.98180212000494 391.7742144038981 28.006212034473165
400.4224972793443 309.18736763895265 23.522496419340413
53.86417146367717 85.64712730499271 25.244592882144538
195.71593863726932 133.6869623481526 25.349847349603422
935.8553663814648 296.7107588260032 25.078346759588094
377.4453927366608 346.5723189008119 26.29554970183687
252.83329898970243 380.92606831306324 24.747372996627536
232.1136127719118 297.4267296005546 26.896532206662634
886.9500896964429 55.208015602922565 25.62943368579704
728.2404757828452 285.18552119828263 27.724588775563472
646.2330531247767 85.84802768338994 26.9880410739701
290.4112183815335 209.90845345633016 26.83856248151684
225.80033539036515 329.4357460440319 27.194650099094062
597.4914248164436 373.9643219782548 28.122102119369764
648.1319859455087 134.54857918429838 27.874309912856493
302.3858660404013 36.27058093020912 24.36244755011878
640.5054134193599 48.04454568810179 24.989996851999713
288.3575836308483 327.3890161684499 24.939742415464593
892.0366964655178 68.81250910865533 26.946624892417702
131.9053252271669 343.27142177172874 28.387549229562296
630.7135340862804 100.00820288175683 27.096542711125455
776.902566432979 31.35524180171405 23.70609804346295
875.6802713821905 307.5869445985929 24.596416427913752
215.8887052811874 88.35649036870291 24.934739300791065
814.5372680387981 231.53793639875872 26.979858722535262
883.2048887319185 272.07385326951055 26.06539531768589
401.6148007300907 343.58377633363364 25.446981346488357
886.5920419330884 101.13193937622098 25.27266845516465
702.5224608424757 221.9353648115537 28.154061403456417
518.7977152726955 31.931289308857647 24.688706136186532
63.57736815845727 134.43962367073325 25.43346189360762
312.9325583225694 59.96623184997456 25.52386821914119
562.1752097337196 394.32895925379427 27.152420469631682
333.4055155530775 235.6966940618346 25.36146466430074
705.3568214298533 179.72986131539224 26.392805015310213
261.26034118335775 199.64541037465997 24.492005771905273
157.684278899906 284.81695852414737 28.41277928463921
956.0152465029475 257.41517362127814 24.427071762529582
674.3965918930168 386.46097661177305 26.842748298006555
607.431846393677 306.71022251468355 27.394468096709698
29.359356818372984 248.61776261723966 28.226069444179267
866.1403244578405 212.77961911366154 24.98609275069353
806.6261219583779 24.494132433992675 26.09079375286683
732.2347120584427 367.3068757473915 23.951047524524046
575.9381444578225 124.40711476189077 24.529996863850712
740.7057188124702 263.72674494943175 27.81403016985218
412.02199924936144 59.68059754991999 25.869793525600745
601.1587653809237 328.0858555942986 24.88985831157417
520.2981217606896 208.09925340690376 25.057510091341555
900.3032046906867 251.4560376458057 27.867881291678913
82.15721152371769 126.31784246393201 24.34618699049774
467.20339986083417 13.886776477999874 26.385710269208985
375.2417631669773 304.907647797254 28.17095421794314
225.63567640028282 151.0234905808793 24.502664867398998
911.5048008949145 161.86352452153096 26.59009155807628
741.8569102413228 316.6500902203827 27.244020528294453
280.90682689846216 133.59871385425447 23.62785081870621
630.7897437554396 105.11514627787788 28.113829561553565
713.5200877934221 75.67227627660009 28.433364731462042
654.578412380776 128.1997189845626 23.78494411490638
58.98571006453513 49.43036423529401 24.533034522567636
864.5469373719347 146.5584432537924 27.859931719275572
20.53370350315209 159.84870954168238 27.072417793811642
865.0586422245581 135.24380716962133 27.367757229182057
521.3212771968626 132.34510812310575 26.834415633041523
64.26277143942616 158.5826638160519 24.40219830640513
83.24487190808594 274.1379653747825 26.796976542575052
205.23103020388 128.1438002937337 24.324626355203034
981.5792156278642 154.5657374834459 23.915926655162504
108.91464514018622 148.79293157758852 28.223566153670884
731.1127577473293 348.1033000469083 26.844148725913968
209.44971485080833 95.70541720339767 27.745751048955885
548.5793389360234 396.81957084758596 26.13125034892613
408.7388765070179 327.2750221497881 28.05951549967067
819.2012236455365 42.668431889890535 25.589069494025487
41.44659219000435 286.44787903362123 25.074465936777976
128.50160118682595 124.99557778485139 23.505716309857963
328.44798900127927 181.20178842707202 25.28649307040484
70.04038236668974 299.4302844928123 26.089064790204173
845.6249614386728 12.511222071763717 24.831243754461397
130.5652756750726 369.1165949818363 24.311290657948646
969.3394166661615 127.76484450567067 23.77094509695843
420.8256573362197 379.9760990161869 27.39768200545032
437.9420925594888 55.564388427798406 24.98963716837915
656.9123883689008 64.08714442715863 27.79087396538855
532.6773994751156 4.208354584743734 25.682958451459115
506.78356593687647 58.766943130551 24.058104021093595
608.0790295167695 304.78004762316664 24.57505425129734
462.3094955005764 16.755431883539895 25.973161749986165
952.5497696542177 18.194959671113196 27.12323519640127
650.7907471229883 281.9776487185205 27.772375641365795
129.7907406957387 315.14516975361386 23.948860422354656
192.91455638941358 356.4061720706997 27.278108438259878
920.9719234148181 233.6869024983547 28.10059953710795
687.3406258527849 41.01160608094929 25.423537003141842
870.2755104279405 220.07959842583097 27.975652335611684
355.73851305984215 105.87914651792497 28.46557867515625
831.330681322842 206.97859568145773 24.429466425279468
125.71016918030043 33.236567995968656 26.40216998863938
152.0969381438616 65.5377644948306 24.850650281603723
131.56424753267893 278.08636807657314 26.426055293583474
538.3304876164448 214.46998730160325 24.492675142757786
552.6866975189259 93.81624615697812 24.557030644479788
752.638635724151 353.47212784796176 26.787009621820545
523.967907046907 57.77893905200639 27.352314567501125
173.425495821127 28.223201258781394 26.53481811402129
789.4729063843581 181.34014367627393 26.05135232382511
626.2653396266111 190.73977180174612 27.029448325183495
435.72082094162204 370.9928617192351 27.96476791450383
564.2908527918821 397.2980906848458 27.214672867353528
150.39537050844453 286.28239365219457 23.96206988153003
603.3109259139164 335.2368342596504 25.770944923305223
81.23287547598834 74.6810535361873 26.69070707383874
85.20680338177577 282.31536266223435 24.55257080589189
202.80076421486893 205.14865000370523 23.608628581404506
957.7081305601758 214.24866478533997 25.503359627079362
679.8310095471131 316.6170638164616 27.018981135930705
12.300033690909707 267.6492167555664 28.159512123504243
698.0303541132183 84.4978379609985 24.341205698025497
841.5207619946723 260.7064789559843 24.13068197781549
629.5494301805429 320.7340011720424 25.66667089115027
673.4064025682361 240.1044102696031 26.72956515942346
832.6227096444777 187.8540336987162 23.855086175915446
159.8339271207466 71.24466331790384 26.815213178860066
334.7408194842506 145.64051600894942 24.70311535525954
866.8898158721106 174.88586806035036 27.21556253415383
706.9009839269534 274.8516956355043 25.02859935006947
503.40367511385097 135.65584806073093 25.012340482671533
553.2005870035498 44.13340396224301 24.379185750110427
177.07241796136785 309.12211996504476 26.890334562551388
774.8598912239062 105.78565299739697 27.806435971322237
269.16218547524096 220.54405984693304 28.47866259126337
539.6292621029559 319.10514351893596 27.105989647435663
936.0012268650049 310.1568373906904 23.62169621616749
224.77508680525204 96.06528292279175 24.768330025397745
80.12072129405124 110.67937817639542 28.21107777269912
392.1407346781959 26.322040210066653 27.81722756186558
672.0971348674451 260.27604106781035 26.159131031221637
594.2149340752352 243.9006644316211 23.73500331730986
66.40677209627732 319.7605988749668 25.29104754620388
857.1569842254107 317.1275114817293 26.83321406947213
945.8018380922421 181.49147898271784 25.04359167026732
506.1433958241806 140.87630384199298 24.068935642321662
488.118340063097 377.995624664435 27.468599386528638
415.41244200703306 244.20261522140373 28.32211307149449
500.6594441801333 213.4540197896755 25.90906286627402
214.55962877168756 348.89642014278786 25.2269358556376
568.3726935334879 387.11233343424607 27.02473447766429
757.9245200570515 271.09442417372406 25.525228079902146
655.3390921925549 34.52379638552192 25.445509995609104
668.6286377005401 88.31382462753564 26.61465532036433
261.3727584505623 104.11590722259038 24.99875879717175
765.6690726032975 331.3006986057894 28.07822495294564
827.92545152766 80.47723239894312 26.137562933561508
43.514198034413035 30.882418826113067 26.88009760645301
5.509376790939324 73.31152046585751 28.25865468053449
830.3328355228763 275.27760730170974 27.01895537003456
18.374344226595895 167.28390630002258 24.081760142605322
144.1337301645278 27.501667787518656 28.463842594769453
305.4631380258852 71.81478482102706 27.127964440747643
795.8971613286584 123.81537239099916 24.425087800644697
978.3513152011731 63.83952655661895 24.717406450892152
764.8125060937954 224.54940853671667 24.498118416058997
249.96459554029926 166.9749873729288 27.361758661135994
961.940910787525 113.80469644798792 27.07104221875791
669.7403718221063 187.4944630223352 24.182073214481157
983.3221595939286 233.92750288844678 25.015017050078264
803.3171895413203 204.83975128865973 26.187111227281726
469.4323016706956 77.49507605121866 27.033762213336445
453.93178503911855 109.67020916892221 24.222496140925358
482.0464318986831 20.77296689750563 27.88606533305551
908.9825450782291 156.9925405982406 27.890106902899962
988.4133074023679 238.92427481634004 26.81065015204926
263.56678197021324 360.80937927617487 26.155103984031854
322.0249689499418 359.11534778157096 26.971024450782423
112.47267054388932 48.79768738229493 25.041758728015118
944.3620735112801 241.276136038915 27.240527090078533
786.7383204991186 313.358082201965 24.277635086472294
147.3835549542276 79.58921356451336 25.60320838436277
548.4898259815108 175.29083955512402 26.909312843451154
556.1521156607748 136.50232344427545 28.33976998168039
440.7168369391093 98.43243104847126 26.384279226286278
568.1674486755273 294.63883784832944 27.781773454030258
743.6989003015128 381.65557089855844 26.897270876214915
713.4101405087672 173.6214927425101 26.080817967250773
628.0904612578552 376.27412408296664 23.631504663044517
458.85159103856876 335.48007883735835 27.278345716172854
761.7135024700607 143.4303514654922 26.00406050899313
194.70641486931794 314.6875796673257 27.14902655141439
452.7793745082713 332.5533653348029 23.94021025123396
117.80993824463282 271.4128786324751 26.296017455025193
760.821908573159 227.29297172054538 24.265638966141662
920.3949347864667 287.4971094797496 23.81639065968053
726.7043360210233 312.0301979210921 27.402066730260522
659.7836446226639 205.90561935771007 25.343158969461573
19.069637564436405 246.47272400713987
278.91295751581765 338.0214479057337
251.68338455776907 301.3554532066574
287.9839019085606 228.03871395886506
22.711147926342434 263.5582936662548
255.20100665382705 88.21209419702467
76.63872347032341 45.5437707742822
298.4564226486787 289.74271299152775
9.923650954675844 119.89426960192944
279.2647603709887 300.71150901759364
215.4887425877237 369.60704735438094
14.02092697294579 63.125427293453114
285.75937315374745 157.5562300671784
165.17011387557775 135.93838897658972
338.5635002223896 224.85073344180472
340.0853349391588 378.81513204813916
222.7911188034624 148.52026147536202
399.27622576307795 303.3591285425697
115.78859230585921 372.1646566090303
311.8804547814663 332.9789011624764
242.04073399393081 68.9049372615378
295.21789046974686 89.52011243207414
122.77226291825549 104.17760124573778
36.51512468811973 264.24409889237916
108.67798902814 136.61669600954718
318.7365733559203 232.68646325875665
353.06925416423655 28.471545678271283
358.7862489666829 337.38253883578335
50.30256026508005 232.71095663172835
15.172497801214524 89.39975247572343
294.433958003589 82.1678594381443
133.55614256577462 229.06981907072495
105.62145421935499 126.78163174334225
272.43047916759497 38.26710664781836
226.87528512312886 48.198194092310274
87.50987359390608 311.03236158772427
11.334456642007629 26.69143960348128
352.2317787834127 166.2943213946386
300.3258164383029 343.5723376218051
353.1048777335728 25.89470949767536
35.04010139043401 272.9554820494519
222.46469366600158 383.07538225846207
49.737697014637796 149.95569125567621
57.52552525046512 51.03939260751105
61.974631543523095 298.0907182742822
23.446205799887608 8.150924371601187
305.4178230962678 56.86883842236523
249.45501880408733 145.7921443227255
343.3964684315234 271.24371544761175
200.9072666172863 176.84818812967254
356.414707525884 87.82159948478903
346.4772461352346 277.24463443764614
214.42872362164889 148.40925536566658
338.51428189675175 109.91483287205929
124.76971431425028 79.69427139916934
385.92093305406456 320.0276110411281
389.17215926033344 148.5521870712728
22.73914324877131 392.25928796557827
8.444949295964488 285.6783356952623
261.95875358676676 125.3464998695065
140.90119439802234 375.9451970168112
372.89045187043854 106.11001223332512
350.74045292612783 172.08930113548354
31.773757605729045 254.59242884028623
375.15542528228855 209.0348181657255
169.11835524380572 363.9061593305421
194.01318183016025 279.36406875870875
273.60572213725453 172.84075292049357
103.53913505563898 176.1483227833958
211.2055083495977 86.23225544782996
275.5101718416837 117.55542904183281
379.4898850193927 397.5499248736484
326.041293626354 338.3538828978671
40.95667841855093 370.1092707144904
123.1285330534857 366.6360699441705
365.50055087488187 397.77295095205403
229.6886334173178 99.78658655683171
60.99948989090001 292.9546817416239
8.914660675787633 151.92467278522736
282.31205489385513 139.19411316559032
311.34414380887466 65.75276836716198
182.80878986325556 297.52393349986
218.11520791870146 264.94661479183895
208.88966677850794 70.30337898787388
332.46363256554565 268.9251262143343
236.7671336736277 203.14585922832546
191.5923447640151 100.04166155011146
312.1228279571787 45.02092681123053
113.6227894498393 383.94121079802704
277.073933488717 188.56458279878404
199.41572069320372 177.03134403186428
155.21330740027364 177.08450901480015
76.62723640021905 50.71772709867935
214.31573080120683 391.7003221606394
303.44375954493586 220.25828124148515
137.63067808618413 321.51186340026544
142.01810378458836 326.79307645898405
308.51007311630315 71.64164511282416
266.70662410270006 64.31016997498946
49.44778587636183 178.45092764207897
89.78561412612498 189.0108615171646
155.43557792477665 178.18168245500146
167.40351732884142 356.74079512439295
222.86847277678527 114.7301896962031
191.1031323465535 104.85657703998545
299.06055397316055 74.21079313969021
375.3266965886523 128.10062406688098
63.76030085078912 98.42177086192736
218.89430399460377 393.7601939911832
302.8828612760234 56.2781596556492
48.52476347267749 399.5894846032636
46.0045536616509 241.7296608675124
245.04563023615185 198.6770476379004
12.993269612376457 218.63481124436476
208.0177039085437 298.64375587474854
151.4762108459581 147.5156927335304
332.0770802121644 188.25955523664186
45.67507741740644 306.0706574881042
348.37618454605933 252.77074159575875
238.46624720195683 354.77567380441656
327.08321769093 209.93221284435486
32.35230147554034 100.85788384000125
41.97761288944966 131.94249707951883
321.35883566484745 78.37826964279921
265.75729658931897 14.18247726242332
54.69896388768682 389.1133601799762
294.75145225931294 309.86177045343936
44.375909861356355 338.378994592247
394.31093640000483 70.37990219290688
2.722111563975016 251.89243482858288
311.22630203839367 114.41254709797666
332.2016864771758 74.22198616926927
317.10172779126185 394.4361733578349
88.63087119741672 126.32673828049592
226.69120746166928 237.60763418858093
300.29945113775614 139.14190218904864
77.78139431743192 208.6183490760074
249.30418391050978 182.11840187228358
64.2837839106516 175.34578331510446
207.73333618602857 170.07861480550858
81.77693501248244 153.8280613167081
270.1696864429824 58.70318153573009
74.8175275852006 267.29094005012894
135.3073910773109 228.41693606206726
67.91731121987029 74.65890921897378
163.30617743667108 108.3951094083055
117.16095413716428 7.186055855706064
171.83462907149112 6.864224967382171
237.01809349043668 297.54476135280686
32.5822638357177 390.8250174206675
236.98091627751614 393.9139409313766
391.34836584390126 97.77803618663063
145.23665872363992 22.31132686096209
358.64359913598946 163.98554669209685
301.66277472385934 193.61767385923466
204.06850687288733 318.25658585682595
270.0103563640808 147.4435895681708
136.56129956121003 317.1950971223426
249.21974071741317 83.1931688384219
363.9351916126875 187.3042870039117
56.390224887933016 349.38149797899047
398.9539588404017 91.29320286079418
209.00403169379794 345.4662047683309
215.5222993177784 350.38510324804577
351.582686331928 336.1565678360185
357.3957910397152 331.37986254726115
252.03223880300337 286.36658551824354
63.14338247961202 246.6760358596921
235.51173751463125 95.68170373292308
294.9234264313752 17.411348748296795
28.737532961694967 44.41187571359841
244.96245823609692 214.33329317737298
355.2142057735745 59.00694115751479
242.45387495165605 117.96490329382574
251.96098594372307 362.8131757405893
194.92217901126145 329.08368096711706
170.88044779706397 198.85339459768488
371.9260183178441 112.48491744381664
82.99483882801226 394.51547864695226
75.30190513265364 371.45368822864936
221.35307427539277 383.73815182845345
338.97832118980256 227.32303637231493
178.48984231785226 110.48511138366268
62.71812021764407 217.9487682853412
216.89622498165568 8.00240299318613
107.97519695190023 130.8847481555579
56.039504230999924 381.5567106781998
70.37978062152787 51.495298603661425
267.04778925226316 218.05538664491294
92.19438769514335 133.19485204800355
136.25346106181317 304.1523283713003
389.4110248374316 286.4577519617016
251.3671769436248 155.14673640380033
141.98810093919155 235.1944526597299
119.13275825087841 240.18506584391014
232.05374175372114 3.54354751135606
40.89107357811672 334.9795451560407
213.7302239310777 73.08181819462418
252.55923520172624 341.4597399790566
59.56256969029625 389.9081292548905
178.10971621046207 384.4768168769447
52.362164345217856 103.00972850119243
150.71178477893605 28.883227644625364
77.60473869273304 179.77271365838953
323.27618035205217 56.01373327209465
120.34983193662634 71.45179116632478
320.22178763535265 396.796773584812
181.9773131044989 190.86720325886878
74.86117574131761 139.42822352517626
105.86428314983168 116.55013980735767
51.88037487365822 12.742941488786608
337.4543035206134 152.01087190031544
71.96580255465798 392.12233289168995
242.9984329668161 345.75712690321865
235.70990581675804 282.97956166968225
72.57620216274772 317.14319030545664
186.50491187741972 107.56695889342858
376.832478185996 35.083470023479045
157.21221604455832 254.05337002360818
273.1943422337944 61.11734695457094
112.97335811665677 242.52241210990374
206.16037979115345 95.26525219961131
232.60609697740168 20.745551630882275
157.58266807445506 152.56898496998716
163.60787360189929 123.28721236929958
236.6900515825679 150.1625184193386
340.86658302536364 10.70201777963442
15.92940906707665 299.17262355085023
176.7568679568258 251.28780085255266
277.52959974902683 72.70168123374275
310.37845095926366 316.0606267937441
397.0210980779045 60.598299557960104
146.27075433807755 28.321569972442127
13.772269493660838 323.67443871499853
18.01654030514821 342.38806717666995
124.93150784925335 124.48082924792149
279.7253107601361 121.76559053783085
287.9924761748365 338.70562339042544
258.4652129913643 345.23874160312096
28.527913350209523 240.71437774825503
293.29052065019255 90.0638344358303
223.46547872738807 308.70252147795173
41.58971900229061 124.64828384339314
166.60733992410118 209.3846379250435
251.05745151587854 388.8050905478637
221.92324269866015 199.09805422659116
75.67168792017983 247.87406801394542
31.475077091362323 17.651207887099396
156.63556520583987 377.70423802194836
168.65881522629456 353.2005365207298
294.32148628708956 70.69537502159461
113.77814466811876 120.89272805843324
4.833188519258957 48.799369660164025
277.79195300732937 124.96224063905048
184.87974113462533 127.58557261467062
111.40614305096545 163.42715546651934
101.23329028503262 96.17718218435272
110.50832260531126 286.47954291176814
376.1207010681329 161.06888748177596
365.27194485038075 134.1197391583706
357.4774277771611 247.5392483285382
199.08482639035782 255.53686030537946
43.06977995654569 160.57422415915582
4.7847997941627085 52.191214462834566
170.07016057889962 277.921536857162
9.513632739076039 88.50720534254725
386.74792183196973 281.09858832569626
185.8283369054229 378.5386816634582
190.51641627273415 225.8798222797152
75.53721046953265 83.92152764330336
146.65520059555507 11.9925543453963
104.05588984514335 247.88166593870793
194.60439515125896 32.45335334109494
236.90713389281504 142.0196079103149
3.8061411418904623 266.180313774705
366.3157873761399 317.0458986396988
158.64654898996693 123.21942503849668
14.678931634286263 325.59486039902754
32.12938113449448 160.12680131898188
3.0189424512394147 324.69727801919987
150.4909677572889 153.7511546988299
56.35561149562371 167.44558021754855
56.04399017140382 354.86437833106066
304.261408704604 357.83851073905004
343.11580169009284 38.79118137327424
83.69227458165986 369.7450958052121
72.02514007923666 128.3915852373341
362.51422890831174 120.38099657788086
158.61925824600357 285.45363974691213
75.97441818055928 240.64347916374632
391.9714758572866 249.75645788550125
104.69324715336121 199.1043414372229
50.41750035729802 350.7669639072814
321.58233764111895 313.4130864353534
66.18673497864557 225.13695794241548
296.4212659416202 222.3161355736973
331.46314345004436 243.86999435930528
70.65414626945538 93.45057246092648
243.78820000825857 186.2309259094386
301.29507987697144 106.52436725420901
356.29670447533147 293.1739346897478
221.65997548070925 178.44791715338292
28.354296806560562 191.26810986397135
77.96990125262724 286.4350700188239
264.74359014766367 98.80260444656113
374.69975203851016 97.04478843448827
86.62406930997935 208.95678280269453
197.87367047984463 123.58766017498084
395.06905214317254 190.6235256955754
284.33717720270874 111.27494944338876
168.06082229532825 155.6774331498499
166.36378751664077 188.94044051819935
374.4037292352764 12.182328562918254
244.78225991463455 128.11904966638724
393.09256477170857 256.2360025630748
230.1385992894306 214.71883121106242
394.2521057727749 350.85295660120084
240.23502586015616 165.47639742758747
267.84166759646854 98.48921222453342
353.71645642778424 210.83880083540288
78.89652137917058 34.516243714592946
193.202882689787 117.86812789574847
283.1563888204626 52.154436848696896
147.79448059013163 341.2179661622731
54.50919538865531 15.079233212231191
143.604057600089 267.18439086906295
255.75648068359905 22.116694416604908
32.29984675991449 55.28687835811037
226.7847608266384 59.14790311228222
91.46971570560427 83.78790990832496
269.3057433624087 206.54516020401408
16.94583801907079 270.0130625193418
74.90578039095178 166.16564740447905
136.0571962671927 163.28654006043354
173.22368872667383 230.13175821210336
182.10535498882945 97.75019414338936
369.65376606369784 134.33009096671782
44.18687685834084 244.28724428803807
97.0490570173292 322.76437863905767
242.81429539700966 115.22498836901707
223.4782612366109 394.60077559816426
280.6151710806625 352.44399961821534
138.1674957340536 313.9470450233175
78.7173160885652 268.9743018230372
280.3363907508412 133.11007730750316
233.2561728903884 216.11223492015034
280.71615258546 313.2797912933046
12.7684436025151 212.5449007167957
153.1153811096186 22.290014508302303
266.06440248311634 198.92205204450667
103.47732787753073 247.31053361139197
121.4991141773436 370.76846953526086
316.4506857425882 181.0273579240723
332.3912413044268 294.58308555419785
334.5740425013333 323.071491610905
359.66606460452664 126.42421561446974
362.7520298256437 84.15954390268512
381.627430667364 229.23314251065327
10.779795045649587 188.61274491737677
182.09164585157126 24.601843625717823
29.249994633889777 41.623930092718496
291.94425432694163 216.64340303948399
299.25508703395633 260.84530967960677
45.50895405213495 190.07701386343453
303.87560792340287 367.5728564383709
361.9458361170864 11.592475131486069
139.5232073683423 391.00631802151565
73.22441932995298 53.012186505116254
17.785485813616255 59.76703554435163
294.04503888972835 6.721992015687928
163.4977625926014 338.05872984382637
65.41019639019234 178.29501640420798
232.34488239740568 109.55975622901826
302.3756074579389 218.18606046153928
251.3745066419638 220.33816286679783
337.8390301275152 293.8270426319959
28.381332621616995 262.7844094160029
78.05275866076337 305.407215564395
181.19985834404045 15.759243520951971
171.8739312437739 113.07500124217569
205.52130128952427 151.85784700469083
244.5950966899962 270.25130063998347
129.92875272564234 80.89407351771523
358.5252486978854 47.19741904742407
299.42226444775486 219.41204412677388
236.32004189538404 380.93377579016845
283.7841935284244 359.2352355685425
19.387673656366733 202.05876621768954
24.712889328910983 353.7665724490087
232.52540980969326 165.9700317180034
115.7311023240675 48.95587049956731
387.26952632873315 155.44398344183924
351.4536646066171 256.55442943521047
80.26968325776429 23.48204844161352
387.87688825636064 0.47935949893842533
329.32706003180067 109.78553927285608
322.9305666679537 62.81367460319673
238.56332520846166 291.1741036348909
236.61128909741316 214.17102751482992
95.51602359850038 115.71578869473869
222.59419412627616 233.8573372234441
276.78379742316383 322.28987322477025
198.29802387441683 108.46443432383963
275.1731717717648 161.7569584045369
197.95698310146926 243.2342342498023
160.12668322364988 212.86346506029804
133.33057231584044 128.73477955635542
244.540170335117 25.461407658153014
349.2608550243669 76.09302881857718
54.90543936211232 325.57692199835657
306.3648925746102 167.23180640443763
88.04230249845912 281.31448123264494
390.72791247261824 262.26215916563194
86.51230942660324 255.53668455730954
380.5412166434576 364.3848048046038
76.13468257089781 360.7126659385386
292.2066212214657 263.3580487640868
382.85282541697933 183.28145709623027
383.507731939754 361.79222101058514
282.5282314472579 59.32935233372403
209.02604335276797 334.2341828287841
236.06645078627895 60.33405409771362
203.05846430871787 377.20827467288063
223.60811099942467 187.1808385666373
107.87051490224933 79.08345900986662
115.34592569304722 172.60967945263084
270.1979295235006 371.8392184901653
102.85701197008237 156.70501807121772
396.48737759179267 222.50638252047415
363.6676323211958 326.99314677948536
187.4450443647395 80.26156704357254
143.0958583495379 4.165289693677643
165.04020283024045 215.85759994764211
111.24568704429238 206.39755030114273
160.18876601042155 373.2750163056405
189.3543019715719 39.69208727009237
146.92004302371555 399.18317807863326
38.52211603388626 338.61687941043044
188.90807896863052 124.00232977099645
265.1837342217787 221.27471326622592
6.827121556835758 339.0613335882755
321.5056631364563 24.285083467148727
80.06861052939112 47.54886203661983
65.22506640481672 248.0157632300076
63.935648477678384 262.65883216490613
392.2717743732186 269.2540710172925
233.50861615770424 284.5341358496728
266.84397288147534 267.9608167273791
57.95402721648863 208.31581954490787
47.43615589553536 266.7031767991141
64.12665454700699 198.80794377518038
243.64594090917896 195.81579774098293
65.89314831168495 12.971443104351632
337.4145242559698 74.29253602334383
215.68355964469941 159.66361401896566
63.683776593351695 135.86450436871164
377.3551457417486 156.74275527659836
369.2809190056369 231.67294399568306
24.531139637565147 378.86075360581395
355.16996154721056 105.3989104771473
36.155171765633874 384.9694809617933
256.03723522091434 363.6646256677233
191.08016550524502 372.77008758664545
122.50636363603138 153.97455735274414
256.088723822597 328.0371074145487
145.10628934575155 114.41748424371067
316.82008807028564 319.95293695255344
295.44389011855054 73.80374827437804
218.6568856789827 39.29076254669277
158.86112065612417 257.8652862118642
264.7030252912987 84.48766484695965
94.18447629295432 396.59884914895275
60.5621743251755 71.35242655811447
180.00285067356887 329.7862535800022
0.7045034312344711 175.35575594326556
193.23797709849276 72.17833958834592
358.7873279881663 11.153963694208668
114.59969256575233 26.78266671556586
274.3734908670745 212.1999211641289
366.8464352464406 324.14802187751366
321.0696224548103 93.99851010225429
165.5995967737835 117.4918442616657
196.1841157857473 167.76685982718908
198.7882426674944 277.9699755876235
189.58323882585978 216.9626241189584
349.62909212166767 311.34113631179423
269.5016989197699 157.34697900617144
339.37467182955993 56.73166826426623
265.6420463784292 371.95176774405525
189.8906030115869 30.159306255527962
334.9755670732277 245.52375285614212
292.4512788118582 339.9277354388119
263.23546968835586 218.72165974264303
17.97109104293293 127.95688681391333
385.17103123231743 240.5451617627587
15.21674707650389 280.56705198944866
399.2098424331328 18.17787541605167
217.37416158786172 104.18798402452371
307.25319468662684 346.6296288236195
313.6715277921041 175.9173726616222
