1000 400 500
30 80 0.1 0.05 40 200 0.1 0.05
929.7314716397029 263.4186820797746 26.778012909836917
688.7276820037324 339.54765733334796 25.771037280628438
569.7682497279889 39.53490610900437 24.201237097848775
659.2630419932697 393.8638485299699 24.746696420178026
997.0629089049978 346.0831529987343 28.246270401680484
464.62270033726804 93.05804932719349 28.28240375167264
269.56084995544694 366.5886983857104 25.99094534932813
305.2863685771807 58.42875578305908 25.34032719684903
478.6344346723108 290.79244262366484 27.069370335524127
510.40412447731177 362.87035170386974 23.93766192978279
359.5986761556285 228.10844514233622 24.601671816722764
6.319826825444186 49.581832706189964 28.493598014474
813.2149816342493 22.22150048239291 26.447059217185632
85.20837527943526 59.40864642239356 24.609221716644882
399.67253701387705 113.95685908352533 25.61547169397321
165.96288321704378 384.3544351246405 27.976029327289694
102.1808080903226 397.4376581536819 28.170684812007302
472.7641642743621 157.73925251375937 27.664433518189803
844.5522610206765 17.092418589089675 26.794434885557507
503.8658941070203 201.77905286494558 27.100983375266104
812.7549229010705 384.1128219665106 28.381249919601053
836.7318544133127 14.22077073542547 28.43112086896062
485.5059150350373 18.069162714945808 25.79357481025768
837.8372624859563 14.041907216225846 24.309113797150108
69.06561897092556 53.895731179762585 25.84458066522729
697.6369962679245 302.81535661829423 25.131208019250757
386.3611789366537 51.43847030531199 24.98181910290684
484.2337422819317 247.60331190911873 28.301743095600013
54.675173577492075 3.041381063369064 28.23051543713181
553.3407422883581 161.38126928637706 23.811587095363663
348.0137868086627 196.81398427864644 24.10459120360468
226.79888288144102 149.95704991411336 23.52723716297708
562.925226194277 345.59782217612155 24.212125907400896
576.1215115049511 5.844405986932699 24.497657170633584
57.35859742371729 164.31402135860256 25.647451548884128
949.6220965898739 249.0285089575846 27.941612513805786
712.8906342674728 245.15388457587127 26.373829624799175
449.3261424335052 325.2251013758575 24.585008206221026
167.4387282229791 258.54901858130313 24.229989509722863
394.1489006132521 251.03896044292733 24.67652304305884
298.9286601993614 59.35430689542387 26.933857872673386
255.18064568569122 213.0742594480429 26.36851194031269
615.1787526955172 7.274584323844113 25.17263681124661
83.18037053041193 148.99194758524175 27.553439171056272
160.75615693908196 167.09194274414676 25.14689256153637
892.7345881088041 220.95118800609313 27.585618975179525
511.3884462240695 30.283841389353185 23.536298146549147
256.55810014439453 187.76551664446552 27.282246216849945
348.6821473418944 231.4898131232586 26.956787760348128
791.0445623290577 337.1536471907227 26.921952866571225
934.7932995099442 1.0660264953282095 28.435672065803086
683.7382347164371 393.1224524084113 25.675651284036334
715.06896469673 22.488958246369116 24.017143870691775
687.5862155468687 298.988503524441 25.592328720431514
927.669177194533 318.2111721397779 28.271861927016715
457.71663626749427 220.77847807351998 24.297703763384476
888.2902398063691 381.0611722849313 25.58910258278107
965.5167719072075 39.44995282108703 26.36911570618923
925.2278487055024 155.49416250330523 25.71835132079631
332.7740749565602 317.996855739008 26.64539779501836
379.3994076070197 52.76864302017841 28.06108353891609
485.79219504523854 49.249840455034246 27.782398231998556
754.2213243578775 299.0242134825302 26.82664890042064
845.2694832210825 214.0056596068115 24.23673978697274
834.4174972902665 151.5959744741134 27.914284374758694
11.27691942882969 2.7233473954350718 23.6626828553243
208.3025501656912 6.799266929362036 26.493878910252786
352.2157078988114 366.86225658846325 26.846826631458313
176.5945540018554 135.68286414023422 24.88061823692015
199.86610792611347 351.21076342089225 26.736935997312358
48.50080638348386 240.45768283592804 27.754325281512806
236.63113985473606 393.2176878794349 25.595395512509608
583.1944021828461 184.78906529559978 27.8063636340782
742.2737233561866 130.09492320790642 24.622525885317266
86.74022505119217 220.9729261516775 24.92041025375662
861.6676203629748 293.7616107645695 24.64497140213176
910.2973620707115 365.02624133570947 26.345152877850165
537.5221431635404 155.75128146987396 27.291181684341858
788.6499954236142 349.4899201683345 25.505816568601862
407.27354590866616 60.95680466961326 27.9181493242858
316.811253290865 149.59456878358296 27.05802822850594
835.3021038092047 106.24629778641754 26.896372302885652
578.9859273939899 111.45485279711403 28.11443881280009
493.6581081445062 17.000140768962613 26.4857146892931
445.32616213369545 334.96495598444034 27.79614485797358
29.254481319541114 284.6976802010008 23.772546052234745
748.8018881206564 246.64366036535213 28.073575056722746
485.08103408818437 378.7752603287124 25.114219908987693
592.643786888863 350.15093274000407 24.38330313695801
258.8581543050149 156.788070633819 26.42346116913227
548.0818188728337 219.6469658021368 24.52824811798427
575.5001259319454 282.8900974163203 27.892296263979404
846.7574551776273 202.4173878826376 23.600840976192586
169.99126858048598 34.00212347079821 28.41937625455071
700.8614548713037 64.8229587039836 26.99577084132308
184.36560989696005 227.72078223894047 27.87939785908789
179.75429249810736 235.97646452533277 26.30652363843647
95.36561500662843 341.7348386064115 26.31915960649746
201.9408270822325 6.682457807183528 26.005647014911528
836.3598425189638 0.711293337651675 24.338836060322702
967.5562439567096 300.92395916060303 24.191914588837243
545.9171089509462 366.4973260052667 25.023414475708922
845.1076395225081 271.1236700383541 26.419626332266528
563.1369427030457 258.00659881080634 28.32887699741412
357.61203922705874 37.872874507960354 28.199317130300543
252.8677774006297 19.024072000490122 25.348506504463053
492.3629487626529 4.887209510888901 28.340207934365765
948.1262733687015 9.824996913169803 28.231340273245042
324.5974163300712 179.44372117708792 25.979723406037163
67.55775306781031 380.1640765703702 28.088919648037987
621.9600367422917 210.0551639335422 24.17311304998099
237.22032274868155 338.803524864387 26.196551039869014
141.8764746036464 252.97433990804268 24.977315109072098
812.2784113223489 14.016458891392736 24.4066540002733
190.13822709765415 277.37104323090415 26.41022622286345
458.6760666679203 339.87858593549487 24.476657844949877
352.9219277511819 39.51526939876051 26.77390448029532
680.2207105262246 237.84879679759382 24.051420227303762
307.2537713943179 266.61058396491717 24.044227706066643
234.81654289475918 119.09165745181997 27.20624890599792
152.08752582227692 202.3795734594231 27.218312469758647
6.285532489683332 130.9152254317441 25.67417360427438
663.5795567404741 334.1864703407071 26.214619109825584
926.1269415884991 125.03863597541623 28.36985872206917
378.0717421656753 44.21937010557464 25.601027501368105
172.88562064233116 244.36891233722739 27.349067364321375
43.36655500524711 247.62331255790184 24.717068985147762
925.097518604504 110.50907173601306 25.470372543490996
86.1059661469643 184.80438280338052 24.713593086442803
76.00172812390305 342.0418757405996 25.365198626471983
637.8297107542495 153.49215958847466 27.383983427787857
312.673743135088 233.18970268004495 25.780500888109557
896.3470323634169 272.38082730409565 27.055022612799043
956.6379818844973 256.9433793882356 25.389556115250684
208.5413765985482 279.8470062099731 27.06393132247822
704.4311057683539 3.1351822120446737 28.021409570488263
16.148332855697944 249.69226762271052 25.71414080452534
501.45486626919046 90.90585610994894 27.23636742697558
462.2858548870945 56.15895680111458 25.99103136970421
946.6007538574793 371.0364819162823 26.86825468458334
2.829502183810284 191.44712568141867 26.56710442300389
933.7402909648458 114.88590187855885 27.705585555550574
276.74882533553347 223.19678796401163 27.74263631177358
373.829280051882 225.1460963013705 25.831787544753197
971.2597543482073 313.22049572640134 26.38345491912947
352.0129138398276 245.00568550794566 25.27454074880382
663.4856080900909 82.25566211790265 23.73462157436885
611.0640107396739 126.04682454638865 25.808354889987665
57.0155774893335 222.48137500150298 24.23190809097834
828.4338416454896 274.498340297016 25.841824136339664
570.4328375134181 97.5891139666587 28.298319043608124
391.213085214678 57.27955705996797 26.927539816650697
521.068390491278 40.63919615271567 26.218687444661256
752.8363984341404 334.2990839274141 25.231258587042184
810.7982052720607 17.852273067301418 25.821605680828725
568.2372898959431 306.1730006660516 25.25734672308478
925.9032761522374 70.70692786378565 26.07655822820349
600.5655546262507 335.1018444704191 26.76635058934533
558.4832320618184 121.81769534476601 25.218889375550354
432.08825331171397 113.04700170609428 28.451250929834988
325.6655367277747 218.38097904628108 26.451822926414422
713.4527381330121 211.2794230020461 25.921906984353786
972.2645753300136 120.57802778139153 26.12070820160505
577.4158426619927 238.28882420218838 25.539598065038945
394.3763475072046 195.04133629681206 27.909388396718406
813.132976809553 42.14313678126649 23.84953876809828
601.7792815729059 262.90309654172523 27.64338539712235
942.2251649954302 295.63008534951365 25.779750148225872
866.4549395613295 239.3785339502659 24.692617689432478
814.5456539471085 168.59626587718597 27.457562926296433
287.93019592294297 292.37192983940236 24.41265996735455
215.67116573191626 386.2800893252936 24.785042166964864
582.7295585701269 90.05699824512163 28.13503049207165
74.84169464940216 253.31354070450055 25.703354608139072
298.6476755560535 94.35350161535614 25.672439873067617
615.9371347864541 42.399414184823094 28.05202304758274
822.8148598527943 25.02774309133318 25.325018418699763
499.05382207540515 50.15721048902289 24.827486124571948
438.01424745522144 347.86306221268273 26.81080042233875
59.65092618194956 149.7258550677622 27.498624366788995
461.1788143333456 353.8061147186427 27.17259205189148
928.7686053539445 253.6181483761427 24.42403519576868
832.5789664899954 261.7740043984703 28.480076071195892
983.5503542550607 167.99274514353274 25.712808520908975
809.4172883571807 7.233835804255184 26.418778716760677
963.67228611296 391.648800258857 26.500226718477634
33.25902459481722 126.81836286190209 26.6763729348868
537.1176146043559 4.108002780907416 25.291917193737287
801.2000713939008 14.947383168640371 27.363641412085904
808.2249106689093 305.33274293391725 26.03111734579853
974.5457883081132 154.26218522492388 27.676053795542522
541.6596195423183 116.89026811754415 26.92735080072003
439.04729114364426 93.97801040528893 25.167991632940655
896.8504063909129 326.4138147039229 23.961317198398223
204.80325445245185 299.0952022413767 24.602725682758184
506.8197119163267 43.48662368373009 24.757376304016603
153.54027773971913 292.61192566995004 23.506717969101327
930.9125675840693 18.785884243837224 27.145784821015326
642.2671688578689 80.02715428857239 27.617983111445103
109.76345183451019 136.42452279167384 25.972774927742005
925.7667328650429 241.8420407204979 25.118258039614012
559.3803061709101 292.62249833541165 24.355517842378426
920.9230934824059 10.536438241543866 27.292642612867024
875.2891889363881 286.5787654442874 23.71570292985489
692.7447375345371 62.44602946538396 25.405087656515562
252.4679489313132 29.903669444736593 28.201504164266403
168.76226322289878 344.6698690414277 25.622424608871025
346.8723125366833 381.16230691766066 27.96155508280945
693.2660782259408 158.92849325368056 24.69420836540443
953.6692118973266 77.67529962537955 24.651584081373127
807.9844894839956 18.24526200238923 26.40301893517228
809.1589082263582 207.17796689673088 28.31678413062737
18.044200781717645 2.268100104380988 25.064461155164167
850.4865003705313 170.45475275842335 24.72991577993644
682.5372557540834 130.56199808562678 26.274196112037412
611.6837378257507 259.59620257311093 25.502542535148645
703.2477224034724 161.61383676174427 27.789097970545154
77.78974408702976 35.774442974839445 26.99752407838706
502.9508521277821 63.67748926722343 24.681102036664043
351.5938590500587 249.85210685462968 24.724677608568108
250.44553281537486 90.77738983062389 27.427395280352066
360.1220200720373 216.93297804512937 24.514950869020605
251.74961451487664 375.76094525041776 25.283102483735775
599.9181315819013 234.0831577040897 24.155025119759546
468.68500525534427 108.57212088613278 28.428192817467885
510.4017423245719 214.6020991798161 26.18431676249314
814.7895172198594 131.9886911758842 27.96651648482823
501.429981211336 191.8570885108479 25.36711122295408
15.86991169947316 32.75195807510789 24.781094134026826
332.3544593504362 204.0152830577373 24.6581413388527
694.692857391342 150.89851790526257 24.587309810760278
442.4089296200364 384.96763922621915 24.781284140265882
966.8003526188149 235.50667548138398 27.767666653170053
822.6394648757208 227.0423312962834 26.38605692656074
222.12095557886158 146.07376850281221 27.883290765517295
63.61412864298721 112.20385260203822 25.979965120101184
154.18187949209417 284.17344161054643 26.22533057722426
636.0199376138852 188.53223185469332 23.848093626969515
208.94605082508156 132.48071908980984 26.652580358081636
197.54088167056537 149.82685756786998 27.153118486531138
916.6064536657697 214.02723608829226 27.940726393682347
563.0577538377936 3.884643985641567 25.59449826298239
484.4543533000709 343.7363364169862 26.296105653955113
829.5391147736635 228.8161722826788 25.92720583074837
243.9534860281838 250.71606440150643 24.837205541985277
274.69666871798495 249.88881346345946 26.377092554341587
221.53153569563267 71.03614453160607 27.166588423325532
921.6303204934741 148.7755640291458 25.41780577496468
135.85407407992122 58.11019455202731 23.512685176299673
811.7312373077028 63.446346024206065 27.415961728541127
394.353521731844 286.4255267493983 23.854982571608776
895.8675768088553 364.71684507623644 25.526740214916373
282.80699273900024 333.0373365561743 26.41946525376696
239.54060384695387 12.87287815557594 25.697806333716052
112.4246766274245 52.55055651949725 26.577535751624673
750.8409634093211 306.76790593908413 27.278967134319085
942.2306151869323 201.57925804316324 27.5567027873827
549.59991361702 34.051449750239236 26.148578138303204
947.8764584649343 147.97770895550522 26.202630449298052
180.43826567691002 304.17958881700497 25.362659239116578
113.17986107151701 192.30811977341932 24.969093697282247
269.1645401653876 278.7887868403106 26.563059407095388
713.7595092274794 251.62507696057054 27.176284742505274
678.2292422909463 183.8338797277941 24.99780630171962
813.6525941203935 170.04417077848498 25.61191050995436
339.1551518620628 265.3034870052328 27.307834652105385
460.63286783721736 31.800501319990904 27.668669933562974
443.8486850407004 399.7843851001873 23.814339205226243
433.35584320328826 109.41938650153466 26.252899688986027
637.6545078138382 250.8537552065576 26.04164367930415
737.0738505609514 374.7954911223172 23.671228667670718
959.5125508373533 324.1878043110774 27.570190583049538
772.4962967154868 170.7349277309063 27.035640061645534
62.559803955599016 264.0897477860192 27.01839222812934
406.80291010033164 364.9367553854408 23.52495416446551
375.3076488729894 291.31353841075025 25.282869633594593
483.6061752875127 11.30324589419427 27.12681793805172
341.81693862235494 339.7944234164802 24.953136125519087
530.9377399201098 92.45022657738878 26.455117243101824
331.15472554851686 335.14644133098653 24.685043038580538
208.61012839055505 23.66897667305725 24.511475716124114
713.296112250885 191.25446719580032 24.940145010983905
8.46127168390498 117.4458881324965 28.126204179534763
551.3517331501761 97.42613186374531 27.84527731959404
747.2840278221314 37.80571577185001 24.485641186629028
308.7507643913469 235.58105847475304 27.514690396735446
821.3089316560491 257.7844124258926 28.013056513566134
474.36182884761223 306.79410418359794 24.319514453800412
105.95249002531271 357.58897195432684 23.724847602180862
487.4351601186968 154.8785414164764 26.646488319005883
852.5499970672316 95.54009886171211 27.510177985767157
326.0191688107259 141.0482460742868 25.317012972213387
256.7165784561433 222.54880473341063 23.979904785630872
494.8377618493954 31.23700650363377 28.242774014576423
336.95919537002493 11.22759225329455 24.170902324278295
408.58251351651074 283.33237343675614 27.07640374852214
887.698815854629 294.10851377104115 26.46788523635344
670.6217506937477 136.1030330496951 27.622764968854273
62.844137441168904 256.9129317314145 26.281592211207858
961.075069576583 169.41652374221724 24.953172598863354
343.738092794974 161.21927931829788 24.88663882243624
997.2452399833139 284.6608109884161 26.402816730508928
472.31512288195785 168.7826300093268 28.133264512411657
748.106565882265 197.05191852137537 26.619295719502468
344.6616674418429 343.5033499028272 26.68525051260783
66.8682749066336 283.4342700664216 27.302858800029902
804.2537833299879 96.69780136806057 24.85401519176033
554.8815194321261 329.71259250103145 28.26891918817448
924.7079091315029 40.72175486952836 23.77071105665505
549.0346774227224 204.39855163861722 24.54974056053837
390.05738353751696 192.71313490669283 26.510343142112855
5.3551544117868 375.8638257421021 26.81088503042464
361.86748349763866 135.58566738994045 25.222667528577862
965.2514763694451 211.46780765314577 27.8119039825554
146.80626068446355 52.49385607665702 24.373949324416085
578.506659228125 261.225699138206 23.709575327588773
659.8570032372276 102.63348201768419 25.8234747745134
18.96993618786047 45.30385271200701 23.952340609471477
215.82173239055447 143.01708459588193 27.782812686373624
374.456954847144 35.32802487812354 27.409954264139124
408.13393176250537 309.0988706583327 25.2898699247453
890.6057859898935 39.96886943989648 28.333078411653847
566.6522587816175 376.89666791775176 27.901322771897387
77.66612584190791 364.98130913531776 26.15085547402188
576.8069620849451 114.39844657479395 24.015443737671124
787.1191288694823 300.02309458520443 25.94448373129986
227.34619711004157 308.1241425881232 24.90397484611236
678.7034624718468 66.11630084666031 26.432476627397577
3.4914552682278055 383.07027985214563 26.899682929796665
634.3068880129322 9.24670131095282 27.266451002006956
611.4395874860109 25.971431142481727 27.67060831265198
849.0907970966781 211.77290244557594 24.459704602842343
998.1049755822054 121.69820542193675 27.449711578032527
117.34357928504147 372.24332212143406 24.496095592656555
190.40751718027994 113.25394089097483 24.98839885279895
415.4776253876442 127.84735454994332 23.532310042639793
629.2927282284355 133.55948860711248 24.79495926117027
311.23958524548965 7.760421500867087 25.597849807073608
507.3984737690304 212.10594069523202 24.506788415364266
149.91460565312443 349.53465687227407 24.59621549247048
862.6188465502671 255.43696591099732 26.552834573359707
897.7677078108514 317.64036871800624 26.54690374469178
243.89097067089327 4.873184436679789 25.28626580990321
82.24923605207046 160.2314321607664 25.00695258376944
795.8539491497822 99.23956766527762 25.625088420962474
439.0432451836882 47.893731631347336 26.145722154407046
735.481938578876 169.68096969051606 26.720385114233014
748.676084503623 270.9924257994889 26.98709006599192
780.6354417632984 266.77843567251284 23.989896235583515
370.3237061175213 138.4646329597004 27.8959053704221
986.3373550493708 109.68873203872582 25.892638564456472
217.23102869174915 122.46205551275642 27.283827666859015
232.47158955623615 139.24892807032333 26.383796859826038
285.7290512603563 25.836194581137526 24.603953461681257
853.9050671001428 381.9955947352286 27.055773875938613
376.5273849304295 202.5305556071527 28.15111499817859
412.5066364366178 363.6719414093439 26.440472758380277
720.464616441518 17.70208934549391 23.689530181372803
666.3106389144771 366.61442403000586 25.890874818846726
838.2891657108534 271.79228046325403 26.992567872385656
414.6583694558593 266.75106908693095 27.369958735294105
981.7624377897534 1.5083574177068293 24.548614546007407
94.42715307995985 217.88482276221202 27.516999922791335
887.2447052296429 75.2120001857743 27.80712092086697
10.686301638584084 222.30528694369679 23.622219283278337
648.1396130649267 178.74796107411765 23.80146418758826
628.9302373878138 130.14898715171995 25.879400541041424
213.70187444521537 392.2330427170353 26.97876599620268
893.442249305912 81.63992623580376 24.183135444967828
142.70458265003194 334.4683388561517 24.82660576763147
509.7199565648769 226.4671367916299 28.145315122649443
684.6335655885367 338.8892808631672 23.944892864636294
215.00220075042031 346.92188187978417 27.198792417330935
291.12537680774375 356.53063933611315 24.64710626769335
420.91146529475355 143.60256332899573 26.0810657419479
148.35999933787048 84.3111103659683 23.864661870572412
141.5720978469509 25.828131014512223 24.515563027701788
998.5069546785406 311.7373829915406 23.994167038283
699.1664655073909 238.45941859421615 27.07265566098496
225.9229344732614 180.34373425729888 24.589500710942705
441.0064711084481 51.43961412988407 28.45883183009308
121.8068908181964 166.02322047346115 25.22562382187429
206.45832203770343 280.6094044988576 25.484298299748218
219.00311912781868 326.82403275959655 24.012234707305197
881.473937320464 184.5559006760221 26.75230661905369
275.5521714223076 3.4818885015113654 27.723221923507463
390.4333484322385 122.49678520662344 25.425277897880893
659.7419920918045 6.390623189710309 26.23951986310253
451.24846009546906 36.30899468585187 24.90271692173239
688.5020327531628 154.0803259207254 26.432578056104475
396.3517078075064 153.36418177885855 23.715276596066705
642.0850760841769 221.5297211908006 25.994167827949447
109.801358385489 57.15781897111718 23.641298707199514
327.53536538448094 182.48928095490083 26.34352602409205
404.1611533452236 144.89474660899089 26.901771694015054
907.2728731875387 352.8875203910645 25.209608488841976
949.3136588709966 34.04805682454155 27.123817627468433
322.42307556734806 220.5375435062274 23.936086558841108
642.5774858062562 186.01944220130758 23.590338692716692
707.8628127466643 131.70807783361988 23.92815706044668
283.4239838970134 20.72518748355914 25.54498309504254
261.2795304759039 43.37545498017015 25.93858581700774
779.1159690659247 381.29130794169026 28.099670135783335
745.1737335217864 280.5835609948996 24.357912399623075
286.4726296669452 96.89151130710138 23.620959708760118
181.3693155410977 194.5111043632486 26.159491595102768
600.8377210953324 51.6816642816385 23.54784676497507
964.3018640156938 125.53219218832953 27.28002866136804
381.69755150986316 110.10137833743255 24.035280457900708
53.57878604228195 157.46104962127657 27.663319295817534
85.14625398976372 328.60640270974426 26.91487423581246
698.8654003443485 18.74696461044718 23.928765446832326
620.7833345623517 199.9916487012962 27.428821324008645
251.24443895440572 251.83525621929667 25.16350479663882
113.2889221460669 271.4434903493371 25.408726494535
584.3926161198486 335.1866257789816 23.991138601939767
809.8596507330693 237.64769803228089 27.843595875131633
905.1631717371481 199.2542746940594 26.201425820319415
201.28854101020355 365.7562416088574 27.588110831209832
804.7756308354578 317.50842595082554 26.491153110027597
118.49099263173568 133.60851124844794 24.70298081941364
176.49216803416212 159.57479532158797 24.470794624191168
713.8512043027112 73.88955412741822 24.164898983245404
600.4710006789833 342.67022389223496 25.03551896521541
358.39455773855053 76.2172080866431 24.427586497506873
327.87878395121606 280.47759021380904 24.530434019429457
86.36583536526044 11.560049848288223 27.222643336134777
550.1345442919088 269.85778374816397 27.20340980228591
37.56898513938201 157.72684030530715 26.646334209130526
40.544281869936974 33.55036379816356 24.125986647259875
608.4320000694437 313.5134844691014 27.744824779028907
939.1371914983457 3.2210615294199663 24.762242510291287
683.2111662961973 128.7741463560455 26.66640842484314
711.1769788270348 27.575870280351822 28.412396982465896
319.42252589780963 28.276655414981143 24.847454129832236
548.9151849856012 264.23155799127034 26.884617456088932
783.2446600026705 192.53724131617727 27.413600236457206
467.37453057360415 194.81384656280395 24.534045736835115
532.4078554514743 346.48347691558615 25.955378357397738
440.36644169853525 217.3008878548535 27.62847319983267
21.477554996742974 8.096260595609861 25.44616076943757
364.0064600201156 38.64352932502291 25.278202875034395
437.3392614154219 319.20849354138613 25.35011544274562
762.5128038189895 28.628744355775115 26.623175132477815
275.35369675776775 218.21912897001664 26.88063450268319
665.252247805459 211.01154310850117 26.870007497044995
137.7085854624971 262.19405868705974 24.049271867648397
294.40517433127764 262.07672697630034 28.17867087833361
107.95610717812187 49.99773091588659 25.147246911137245
278.20186447673655 55.70808415355013 28.423469730387623
346.97208202578656 68.81044511790097 26.85357091186392
323.7566741446419 227.1925005658444 23.903006956143958
217.36684599790158 257.46294516178756 28.41526679278602
283.78945561361377 108.57252280346033 24.103029260527574
811.8470076535821 369.0414715533934 27.61724734397128
580.0469334724095 393.3369486766487 27.37542039332245
506.68288017889176 83.51003740555609 25.295370733325658
109.46279104946377 288.3076088275951 23.68399489939226
339.1588473515234 273.7411428577063 26.3610424699986
272.84808202747155 170.1950748143784 26.477877932922734
106.93286097972732 14.169108104649863 28.03638550604689
205.37505064248862 41.65960955650569 27.927728383258547
81.2383405112449 332.8601640862085 26.75425496121031
837.8810630728942 128.7794997152491 24.637352341107547
822.8349093664228 81.45836314287394 27.887886690816273
122.01677346188755 24.299743573607113 27.008724221939094
481.9373632591517 113.29405864679867 24.743285596962117
763.8185223836741 298.3636437633419 26.47428796984192
77.78114479536225 341.7612001134296 27.597983879563802
642.0902456367926 3.8206637460686643 28.145776636273844
1.152805954748759 66.45793992829012 23.698837317819752
862.108608800552 323.60964210053953 26.189624872458424
509.62931492678246 314.8710110590241 26.15722280278744
93.06022439999862 163.8395150861745 27.598214047885502
420.31859918330514 307.6460446300127 28.39240748558481
550.1015252080999 202.4843715081226 28.453408848567456
912.8281915759184 14.55101631873239 25.884888895249016
159.19831140442852 68.2774791296469 27.2907202554109
184.64542592282785 168.68722675994024 24.39493870411059
144.5186454294526 49.38480848613644 26.58243586323241
235.0977851053111 334.6593205671275 26.78309501196698
423.0708447911218 12.463739683122377 27.52655128212471
859.9588537885758 312.3607576948927 26.116470144713745
807.8119868619046 239.22238981012143 26.412537638894936
818.3312184642396 175.592710630999 27.756891171820776
496.3030986385212 142.78992388489235 24.53899358969108
372.8064256200216 211.48999173662241 25.675355799307948
654.2190854253993 187.04397175596213 26.4830330599497
23.580460347011 204.00558924216008 23.815232263970927
948.0854579926067 369.2192458179167 25.014702532961344
262.07450691923805 297.5843985053949 26.099095860603708
605.3268851176185 104.09503184309364 25.9565315638998
798.9330295697713 134.4638608894329 27.727994385443086
307.2697051369676 325.03270608409423 24.200094829132823
698.6764345784806 73.35377105772092 26.016051922008657
886.7155661652239 145.0591776936061 26.096691319062437
636.7826802670318 304.89650036668905 23.818329891188036
200.0369194133852 245.77264270313825 24.773259810814846
526.9432975356219 160.37141826469878 23.99829335080656
577.7609325585154 222.53587372606614 24.119695232944366
289.37667796311314 288.41066865347136
169.40023442444615 76.00034651978262
244.42245533809265 146.3115279640677
18.86786685497439 17.61634838146451
44.8440396199564 146.372973674167
213.6465156119709 105.77015174828426
363.69539649620265 142.2395586474497
360.0760911521794 44.49747252439478
252.4389639377866 126.60414460164971
277.3343092151862 318.577549853302
80.69792050983895 245.97238602921388
319.9871694080909 165.48703192885955
168.47552990621955 40.294969540350145
372.77333584586074 250.865376107495
276.33238468233054 140.2432761814248
65.3398137066068 114.05655868653413
149.09030759572644 13.107611606818859
165.97429206745602 39.745227060856216
1.2098847272602242 269.0000557792963
387.20762822938275 163.65850671365885
187.06680262358623 322.2472022914113
372.4882296020138 334.75774797633557
116.9301632608494 248.56120000829898
31.958039462562795 133.2976163515638
159.5241013862838 286.78053480710247
256.688149901019 283.5832086814812
14.632203579454295 204.67524839769405
164.5598847491644 102.2087254733138
44.28234374150688 81.51431367655198
17.305691475428063 187.01468438883418
318.6276354713691 355.79601749760167
197.0520902925306 78.95349936634521
62.71735925025217 244.745465982376
142.03497824700034 318.50651119533194
182.9297905975194 262.8861523324037
114.98602617845376 370.248690241763
6.917144326141278 150.19605099801558
314.01654505914195 303.61035367508345
288.4907100239444 66.06146468596302
134.65398442254485 94.83822280646646
308.9526087896562 13.445199118352091
153.01352483845682 354.6115453350744
348.9586642790524 128.38866273633639
223.91625734186107 187.72182105690248
310.0749443290818 303.17066747140825
174.09273638361623 155.6780721307191
32.76868223364326 7.1488098268712275
119.43939636781509 140.05252935502543
87.65244569721608 127.51241034772968
246.62321788084233 93.83478530501237
309.3785865918066 172.87917351577426
173.15807197496716 220.01570883481162
297.65893150961176 265.8707846113412
136.40456796101893 31.075276333074918
327.4630531523138 396.50586527592003
260.7730522578459 220.00195458710928
190.5264792443535 216.4517673672459
13.737725824459712 112.92399129514834
232.87814692512973 24.87980383700168
85.09789070363651 275.38648188861475
58.174952114910816 329.8717732668079
110.25056118904408 208.7609608354212
34.20889100568068 265.02849492899026
307.06662313592983 200.2274179820598
70.03075525447477 199.1345530341141
7.290962212163432 279.2218511797284
323.7123540740597 297.43616339923784
37.2152282901423 285.19559833734996
355.8473018635498 176.29263244467012
138.69968187359487 65.98559614044758
361.46868427182 338.6646261540628
320.4491370946404 203.04824727632513
93.13982047430369 186.10582400347377
190.77565779183553 199.26224703629467
330.55273923630904 73.6275938889949
146.9093692844775 366.9591627525078
257.04686775439177 107.00936890148486
382.24616430867854 118.29358953786735
271.0386655393895 177.8307095922507
21.749907267090407 187.01778814874325
390.43111541887896 89.70402394058175
107.05436578318373 300.17886932364837
300.64997300237144 349.8899432402735
226.63851929829772 170.20976406200705
252.0318978624986 83.68086260251158
122.776764040275 392.3382441026594
29.86768065141834 174.6407847803591
205.7939250100107 109.19143532548227
100.48198477274401 341.9930721693708
167.48299268606073 143.92644991985546
379.30891587247964 37.15079819479059
9.37144084219268 105.17076020580328
272.00119348601686 374.58729255370497
387.85054958277186 131.5091473086073
307.18854054977993 207.9479399984829
27.009798744917113 70.20721921508999
9.579147395019882 320.5070797492193
261.346857610538 174.31445606798812
254.6762602527227 319.7772556285087
144.3516541925557 254.24310789079234
1.4598756358890075 9.280947172991771
395.29122414727 234.37217105130065
216.96183495872293 356.19833621588134
355.35012222830926 242.17886164691666
386.74065871091597 281.8074098578694
285.60921754385595 296.8532482098328
47.840623859408595 372.33616409912656
163.17405725667305 366.3046987019907
85.89757387654471 41.04966059964275
18.091867113165748 225.92187744457522
105.63231817605198 268.0977087083937
202.52440040088837 379.40135137685945
214.05039231176923 202.85230599791186
394.9722972972703 291.4128298575522
48.245097511903225 234.16689223894215
16.174146230198573 333.8221389851152
34.77914182570072 217.19265142432172
69.63222339299682 361.6464645008424
85.19776266383067 191.0903552880929
18.54449407277312 311.86902445926734
12.305002020592193 130.17907312567604
372.25082711302633 257.69396598588213
294.41242314764855 241.7665554477485
179.12958968773785 152.7751016505492
219.84790825396644 57.10893967351418
209.20851982892557 264.4052248732179
111.59024169558745 257.6506618091249
58.58245529472921 21.60607497920055
61.97342104754227 236.8986537502169
319.05809091169374 93.51194114599836
199.9825308582262 18.987805193888406
130.27446307046353 365.3931038673137
168.74137735751967 138.1981900564906
267.87572815459015 294.1184550745719
208.37005265651297 229.3871023648578
20.14102461654477 301.80968389967575
219.4687939271846 387.5027748361001
66.80443451591404 205.8927039813119
25.062646542955 25.049058733948605
197.6258783300911 385.7048745598191
153.9194705910524 189.57410366432742
394.6023311467348 250.26993736302404
235.73202171644522 298.9587290775006
150.53648922909653 198.8055603878718
328.7329753479988 210.48359696464516
308.00832027729484 54.981585899824516
392.8899195160748 260.3572497173617
176.62313091873787 107.90011799229929
276.90524151564506 193.59030149657187
222.7376545514974 7.221848262501807
204.8243716698074 349.8041783022825
24.69407782380855 236.81601184935394
228.1335213683232 278.76581508967666
47.91986552157459 330.76448363445127
51.80647171985267 330.1431086166141
118.07939690721967 197.50386119556205
47.83807260226598 295.1787266376413
56.79160683304523 282.3422278288142
137.38006055530087 273.6831962264246
393.25593091252233 25.540480085440052
352.6730985129318 197.951285393592
176.4568618318255 162.60153251340063
82.54704437731317 265.9088865563242
286.44585208179876 65.36327496745997
260.33944041763027 119.00046077482935
279.5270025782606 136.9448755507895
70.66061787744174 346.0306153175638
301.00144693221864 50.54867768415803
331.5115342676605 202.37619314490436
160.4533139127132 361.5733389859531
350.83906625089145 304.6886328097844
88.3883769321561 124.44695950638751
161.69112104243345 94.40916665440642
379.36432352609745 210.04185468064387
7.7125171729614195 259.12287400882514
75.58023957293791 246.486065364591
180.8002318104853 58.98063936774087
56.220506976510755 95.63964425365259
5.31525377560067 226.1209395362308
171.676659775957 129.45679898593121
118.32589830683501 188.22691507700458
198.09899172741444 284.90837551569814
12.935998495335488 213.05703491706325
386.5575364556612 353.0920070408528
291.82916653600546 278.9907863942102
42.420480461344255 397.61049947318065
220.73871624462535 47.33417462046763
294.3859215374283 199.25223307882948
376.63080762574793 245.33261398923955
398.9311876178388 188.46027518839676
252.96644512556963 264.5422330489281
374.7720579031717 254.03025987898621
14.486360065203652 237.41348183336962
73.25210775723083 305.9300031948619
186.54056306710643 275.6442771206516
364.4110088602064 322.08712722440845
119.06284688859192 137.0628578774033
354.80813849785596 223.4439538937127
382.868198280185 133.50374770985187
252.00646819109477 98.53210035024031
236.029834720715 200.34339969981053
251.9496359085287 238.27245500542068
140.66997435510083 319.064975253321
49.29312675558997 143.65905388486246
215.5771931465295 317.4252898504266
57.07883867710475 133.43877649463627
77.64093200592504 67.49947459853888
170.97027112913187 5.851844881915058
155.17212297341084 260.08265399837893
124.5936823125677 397.9510594854397
48.75681530598457 54.630572947049274
356.3589276641351 37.97109505897267
270.36795191927564 187.1245270760601
244.46143076076154 0.6720795766621102
109.03848395305529 163.9489083555518
365.5952125573642 352.53494689994056
51.47719774984716 378.07293542897855
294.2348165644458 13.139117896644104
128.58673775588753 354.5311648938083
183.1722281317254 61.00621075674666
163.9213526947454 65.40050949935785
152.32291727223378 76.64656043385692
167.700210572598 350.1746981508701
361.6431986983233 42.49854211320403
250.0699755924211 135.64015631029585
155.32954565382587 8.903716539707052
219.88875996346317 370.0604261294203
38.298135543165614 187.21400356174206
290.3814830087392 169.6793701911281
282.27144997144006 145.58025362253204
30.594833954945997 21.256600476720024
257.62670354273814 159.92455230821713
81.65826452224958 392.55154113756976
348.48890218929176 112.0519266837384
199.43539316933442 173.37584203264836
332.3797071028184 28.810055114775857
290.22849851978907 3.03684818797616
392.0611760070495 220.65892520928392
273.776789250554 335.69801690030613
276.04168017012034 4.9651897018162305
237.86726091289881 253.3852790034634
135.53943597470482 188.78947732443706
41.45520466262291 157.0714711301244
39.52713808205335 237.88776597367806
78.26937166404196 349.4741275948825
105.80945314805072 373.10107842849715
330.4550696924733 168.90499458692264
384.91297302395503 112.26107940884748
321.8865149086932 341.71266337623183
294.89676688986816 15.191981237178132
123.35795742547747 191.56320196409573
329.01941078816674 191.34261838281924
166.94109246344638 77.00625494216054
344.52667549346125 294.03534127142825
94.37457220096431 324.47769257367753
189.6522162403358 52.27179438881322
194.42938524923062 182.09269241309568
137.2516305301585 80.48858021458317
376.7721564823628 340.2865070032227
167.31842511639692 158.60904374657872
284.9264019535117 348.56298280494894
176.95853978693958 389.1904297219658
68.50995847134564 203.314441943815
95.22826273352818 15.418942942394454
115.00503416405098 289.87923411694914
41.568395743499174 23.158179361811904
83.8951837482767 132.7066846557302
90.3956971117708 152.20971301258606
91.0819837248352 40.70216783522604
90.74084472349901 206.39759425186682
259.0719868415983 330.5282181074701
338.6500874140482 379.0417163706507
278.5028937921174 368.8406222259514
111.39609876815774 99.83810057633752
119.15589918637278 195.14163408839696
346.37150335125983 61.11736023333019
183.6792596097755 170.13566062146816
283.8667606634476 395.9055585161671
14.826365603671698 140.17564737837688
91.76217347995332 257.16497130270216
347.089636908664 216.59178714412985
351.4919969516012 287.045313164514
236.1897052947564 39.39708238511197
8.466545652050783 66.92909460265066
4.957536194533008 328.06764863293336
176.4666263779653 3.5079353476033415
211.72511285733086 17.798509103511726
34.35248012900956 33.07977814655318
377.4186489791785 337.8389129722987
164.7575913864598 15.710095563556248
0.12617327011894552 209.21436239266225
58.26609736291304 342.8532277892032
40.989755476376956 122.34558635902144
142.90025196469279 96.48320647678284
382.8503782030614 200.77775420729657
197.5727681743166 74.73649824793482
143.15198663935868 65.43654613348649
169.48715124615495 338.5222265165966
365.189132500545 184.53066674794565
239.29668786307414 235.50857186341398
116.86073343696219 227.42351296814968
64.16162958566933 322.3471497490428
193.67080674030186 336.4999716050211
77.67161436916963 232.95036293507474
252.79489710684732 189.25721221728548
136.9287845236741 330.0897086810498
97.60926213051273 243.5517631854474
280.9152388418692 329.53627040280134
387.157853749181 42.137992924491655
100.59633514968094 200.41776450194746
262.6103887465923 298.33646043779294
20.039712109805706 322.41951570637667
62.84272269104547 292.87358574660647
49.15792106304235 319.909914401694
43.84919363878335 282.63730523543194
92.51073282543443 395.024112111716
21.774326886142738 155.2964441242323
284.9312066867383 146.19273980690707
126.92980993879863 59.43465480927452
73.56786680785122 185.55559206681497
186.24044968120742 198.05307279592324
77.26340159858616 158.15331756124058
244.14111548848342 193.998556518682
328.0183811678903 217.7433478171254
187.02486264043668 219.07804130596963
335.61668386464294 28.539367227254118
353.92028145478827 24.322190106734666
115.31736108715651 339.12678038863146
196.15459464889722 117.06496441331642
79.84597312642876 314.259659516549
91.33686494821904 1.2086269854508558
320.7462825663172 312.19799593928116
322.07394380831016 30.24710234806447
290.4815970511538 259.6970143218348
197.40990617996968 18.323369507603093
245.50288352011313 203.71339061842534
125.05777089151407 112.80005057772252
21.829342600062375 8.346641507685515
135.07052198538224 352.52525984164447
388.51456911929205 317.48668710121814
310.6765252050588 19.178954472705545
160.70040890198433 18.092030744128795
199.58251287335295 334.7881886238368
52.78794639764772 115.97593381086764
359.1255744087862 266.7027930390533
313.58370848372556 175.43114055959396
131.2334962909536 372.02608273550084
309.1070727115399 75.97694356895603
348.2312384779003 146.6983071787802
5.07306046647642 3.9652270078133878
338.10902067801044 240.1338139759696
149.89275378987372 123.73565586462831
127.94612021801109 154.5158871679471
270.36180294614155 262.46288033103707
336.762170020678 268.5563261849973
166.03550874446836 394.792009751461
304.14615338027846 208.73014084424733
224.61721021446093 327.8117798873913
318.5912595101295 136.69863152590258
179.51465996831547 163.8676476500374
389.5419756883019 229.83743633257018
92.0473940306688 258.1706075747563
249.7379263793758 102.48912547504334
164.6160848253859 90.11019501734876
379.5169733180773 148.76309013638718
277.4730239366141 131.63369856433383
212.31833871385817 383.40870135566195
290.5610602373968 223.00637357617182
110.70466076707808 115.49056892923058
163.21639383324316 155.72081891233336
194.79981736812923 110.29822423029341
18.358728130498967 314.27664240159334
60.117763515408114 178.12531328923092
14.120482735754525 343.00475317107464
39.335513317995385 174.25678836536184
284.6947827205353 281.06375270781837
142.64159886974238 2.705572572610526
273.51028956605006 248.188939576091
353.86960545367606 386.94329126006704
105.66867812194785 365.7276930754799
364.70419093834386 104.07287407026007
232.90914056374038 161.94793427819673
96.8254793491834 274.5938706427091
233.19204964618314 237.5597119660424
91.93561081974417 158.11450670259805
158.3222819568844 56.84298690058509
242.18939671696265 126.06760927656629
196.86070389908622 381.72766478563454
388.6291955103307 65.69062153521546
255.90044753302266 280.62536285854065
232.8022561539124 215.23312848428046
364.1128203791848 20.765309760026618
386.8168594518288 338.5583621530595
359.7957465342401 92.23981095089027
29.671731370406018 218.00838284566532
351.485716706122 313.91817241211777
342.77128633437235 77.605576511711
325.0224870110116 235.84076695729289
265.11753950027884 144.36644089066468
19.783763556726264 79.65820653276113
138.74734322613818 113.70663953256641
8.135306880656001 248.13374241443972
307.5621584659557 205.61944205285533
185.96996535075016 186.6799876653488
87.77522152317508 181.51278010817018
218.5372904100289 94.35439691806695
145.77953440019544 337.2934223180217
284.59362289052905 58.69081302636437
199.3178762682842 296.48954013217286
123.23036190200978 228.1978057087281
100.41436333929599 197.9065296389747
311.56667446286224 238.30729189048165
163.60521170817003 205.5137323980703
287.82062536471693 271.0104655917127
70.5843063950701 163.96290133839727
83.10114054806297 255.37081526357758
12.457522052841474 81.34254584282456
236.59110585577864 205.55741683860748
123.3777554029896 341.4750613371321
142.62021798053314 344.99453953618627
314.4106919308947 131.26718584114846
314.4542721980671 79.6771284290148
334.0596185224014 314.3269335959907
348.4554934092929 60.65426400006526
61.95562080117374 90.26356987656703
133.59707988128636 315.136551102015
284.7975669525111 49.790350470126164
275.14278315979993 127.63576837506076
108.70450396442651 68.95261828688288
387.6307916562987 16.998863386365358
329.7213105877012 81.50727455357062
61.12916173269025 382.15111241846273
114.29622283896367 326.6825859043527
116.05822224938156 378.81645514993795
34.127430202614704 390.250383235096
35.70351020707232 341.4363713768379
254.85365297764025 40.04603091261343
1.870852457930372 378.961480122293
95.6421104731529 302.7744520999541
357.96335838049447 250.14330637230066
256.80507394482515 37.143750511609184
385.0883547466707 63.406816973881774
155.1545070598433 229.07107016959674
0.6301701190522202 148.3374822262272
11.88248655044668 167.90838402068573
375.05296666519945 10.269499204643129
205.33300563299073 158.33919761973715
111.52594409741891 206.4153467135349
131.10907222372785 80.80003387272842
144.29126910707825 71.42949812896889
204.5370732835139 333.9839887002618
85.5233121848201 72.2527390470486
95.58846591324803 276.18645909813125
186.7558206324609 186.53613676675764
203.9370764279367 27.956500765946135
379.7818377834985 275.8973505257727
161.90827697150473 6.720349703781681
223.25922573610376 164.714682161289
195.65460769912858 34.746649556605824
205.08293181403644 37.117626008216
79.97035953737499 295.02619780282976
136.9130256978631 229.28571281848568
189.73584792310757 205.3420763391216
326.07590685991636 321.12062020389146
181.06034734092034 39.00918151322661
221.38402268008392 220.8095793104158
327.7704013653712 241.4652423464851
103.24764379009763 287.75128254297783
93.96895742416697 75.0986519866065
124.78042868921597 253.7686292434063
140.96815716915972 70.40140718560694
9.428406273152978 179.48571143935322
46.9775210778927 169.7387200517688
371.98048284861585 122.19962490221366
160.50665391213576 220.729904996699
153.64631624476158 193.53082488489943
213.52032099385826 9.438321237844738
48.21587197545889 49.58878933227675
387.9614674213301 319.27121708366263
245.1428737502566 183.34299713098318
59.33611842670832 159.69347321835795
326.72255320523635 278.3421684517012
233.6320659902831 329.56243659246195
130.36223986005052 334.87813521710245
148.92150002892816 263.0940120540656
23.271489490462784 294.1435393189765
230.5757336045021 52.173471965069716
135.7265200482552 262.8857242409798
169.09845497517173 246.9274229281246
260.3917685670831 180.51265049573982
332.161930813358 107.17661156805454
149.00979951487497 72.55923466381908
227.50872561261133 10.59226930842252
224.09852382800563 298.8760931759276
100.95973855802542 119.08191841291939
72.12318274305099 231.8555963787106
183.8473750361799 363.13363655505896
95.9383512146684 389.46332974042514
196.77074565289243 324.55089557309356
378.1236215542895 399.7960344882365
