1000 400 500
30 80 0.1 0.05 40 200 0.1 0.05
716.2582633086245 1.6784375383215533 27.25654912647385
202.90454968050253 58.16794130154612 25.885131273102445
445.3352367361586 275.0824269977086 24.244666784317168
405.02551023819444 242.26380113452467 25.96813709974222
297.5124791919235 31.2110066029728 28.2751128053216
481.3261093658653 101.39484927541993 27.345996317620152
547.2419467083108 151.24528112899864 26.139484766700797
326.92782417864197 233.32880812323947 26.73408209480997
437.9299972443603 274.49487793849084 27.37393283869908
704.1810141418364 233.0920397432737 27.664233460104338
996.5742185948072 330.05706676776936 24.341458928459357
585.9900365860007 375.0630876533884 28.40219796562296
681.1075270384706 322.14905195296285 23.89808714836412
672.4135576969027 294.1705376095591 24.86575966912002
611.7200392607891 222.99299643438655 25.502145411555098
553.5836223168932 330.2496127974772 24.868252132855154
951.3206263932664 236.3937748291652 24.11826726155694
427.5525711835415 312.9137043923493 26.854599241248962
21.65195473110215 55.16681012386169 24.34719753603923
640.0331031839729 172.29973244218365 27.90478489687673
678.3891212413802 382.67580464475304 23.809715737740646
638.0900029199314 109.45493806153799 24.638089970334615
13.218599947128373 203.00557768666008 26.530527517872635
374.9894469708034 188.39976272729194 23.542760557559667
530.1677855747425 189.55180623984793 28.430217787497348
281.312409218877 253.22962233133683 26.509106145719485
968.4676381665934 105.63554389669703 25.736614418129975
750.1604020790346 354.9616343200452 27.08532998478811
60.4924308762329 384.47389059797035 24.28932671261372
653.2699658720793 14.893202751993817 25.37752856636521
850.7102563662119 134.53699796707576 28.122847681250335
800.9295065229165 68.47102545416388 26.047985725138595
124.3584284380016 298.82457334313585 24.086358321157903
931.9499524801982 234.2749915293378 26.545730800527927
851.3568814526759 245.47959763514027 26.476021351946983
830.1535462509875 38.65424504939106 25.34380464608481
924.8021509914989 168.75129147083285 25.023786844717268
429.85470995831696 293.51588645011105 24.41914114389492
431.6247398921706 363.7023548158571 28.083069575805773
322.93627171127247 362.21351651579596 27.650637805640415
37.40287567541068 379.0540055350459 27.37552863556505
302.0669906974005 239.6158196248885 23.93297591736703
84.03762812563198 67.7557694279106 24.28586308728231
465.43364694038604 94.2080887466168 24.109019190808823
708.516662825482 105.58241425642443 25.906203343831653
824.5178596821941 343.1953899715048 25.86003151024378
698.2091621309605 39.376826006990754 26.00335998104366
263.7538453298506 120.48715510239019 26.305233207763408
142.2999340991584 7.302414616668207 25.89780911028477
424.5561581335291 210.35381249705299 24.64196127276075
943.7205071432439 136.2204639937522 28.161632355687196
560.7731139652227 8.408338206251287 24.893389162575314
379.2751341531355 302.39462911935476 24.74435390726847
432.0500899528267 382.0837660303631 27.957750558364157
579.9744774308476 21.224442177875467 26.973267377835718
769.1963997371531 374.4037974868678 28.203520826705127
725.6368483974048 333.45090825336626 24.1228358841515
24.135354758664352 360.78156820260364 23.90814494575519
68.72751225974616 46.83753735976852 27.352365672857015
878.4492354859502 355.78402699831105 25.769638333649212
517.6912787380678 185.0378552638665 26.640564702545767
60.35662982350465 195.9695621455472 24.453572577290082
299.57225368479357 144.29424753671785 28.439839603601506
250.9955534194842 210.49777684544213 26.89232821864895
299.76800012296945 262.59952271045984 24.594171874238175
447.3317656731237 141.42535823339279 27.595645044826
641.9627132072392 7.572163795899822 28.24593777472387
900.4335593396585 292.39423927012996 28.124906169733435
256.63776581124455 174.8746211424911 27.054754873473627
333.20143235069935 63.491019062597466 25.73860475318733
909.445340946219 88.62137963743355 23.79290042816546
339.2300251389687 60.86225770998772 25.94029753775154
972.9157953557485 182.70658536605123 24.916454570280557
812.0094366395373 35.413172928788406 23.70713068418856
162.57878378278522 234.90846535661674 25.860375228597697
698.2105057430592 382.54897234146074 26.797728492058877
292.1247526825448 85.32813409283038 26.812366551025548
916.7915530631624 295.14329035064713 27.030700716666292
586.5961354130428 2.2705232158901634 27.499703514781558
652.9317274855149 369.18887438840954 26.38397900395909
217.0378120541112 110.90487859641848 26.91203721105876
497.53406928542233 74.10546498912058 24.332249125678597
958.1831058633728 165.52816307339776 27.8904059795269
743.8192111333545 369.4019633601759 27.953361200579636
430.61643454913315 161.3258900196949 23.568898474927888
116.29562598280141 322.01706422106895 26.98014550887338
462.8164529845705 326.25918861098063 27.863183143513204
947.4618544295993 293.64819570490687 26.433750955205237
123.30376029517231 31.93205294976078 25.583845183271674
346.6686883620077 257.9260146052726 24.577561608932818
839.9270928869385 381.58792160372155 25.50846421837935
845.7123086181292 0.35319000852549465 25.302914407506197
387.629315574802 385.07627774390534 25.49276276613634
838.3903149631482 370.2061310373347 26.372082039712126
17.722359768841066 369.79845155852996 24.728018634090706
447.2506255061788 7.548577783534771 27.1700357796875
485.0259911430651 302.11277477698314 26.771162424015014
200.2940755889312 168.3306153910315 26.270951917563604
552.8227078884704 248.0327983719861 26.36937094534643
643.0252350214024 318.1983573889064 26.521766435198252
802.456028249019 171.61562816871688 24.17818269536139
165.92817480169063 56.82142359429307 27.843646000927734
311.93805570139057 84.28856017803965 25.708733968849323
422.49472551434707 258.7107058281469 24.210279403417797
297.88747242356226 92.3301307411124 23.635070449709644
636.0476597234644 356.8507930368435 25.48348031581606
923.629558859062 360.38335873949296 26.51790600183929
341.85003076730567 128.96298273143478 27.972726778536114
683.8583082422903 277.563386402592 25.04985124858201
40.82092655175307 343.5489574072882 23.78377971718823
587.7724790280101 384.5068522251781 25.764048472536192
318.4058862962026 148.49558629768254 26.57716411303158
517.3107659784919 343.42386080076676 28.360256096442438
31.97455621821288 197.15040786343388 24.16164939934603
858.6568668919033 201.4338831400695 24.148493099320042
627.1072300391018 57.358613569695606 27.08941573490611
751.5730337229566 46.522710957900415 24.771068297456665
801.2318273593546 183.68927855559397 25.833692754712708
14.73218392007125 265.42568943347726 26.191699714312918
995.6045228196764 191.42330533104155 25.24852317136206
162.81203643700402 207.4527364532459 26.709908098621913
326.28470687626543 186.03225484627183 27.413051551627987
593.8233397057942 305.299242619629 24.41621477287704
933.6096807951387 300.79847810257564 28.025330584229863
388.4749289014554 14.564079816608988 26.41707569128317
569.1707592711233 98.61580757756884 25.65593831771655
607.2145389546063 263.09761657979624 25.367955941605334
890.2521159979449 216.3200793821651 25.119425180371927
109.18348451610527 48.258778022185346 24.320420192785697
94.30955209742086 379.3325391114303 24.238366524035264
849.3194471758399 327.24787169647385 25.74837651565986
509.91200383816715 292.9103626687579 27.424066059425634
168.23983331658488 399.22947272320937 24.425309158750593
734.5861569229473 219.5896362980571 27.890074183546815
591.7247167713323 308.0455325632836 24.806036715182792
152.51620231611363 169.93117319976966 25.35689802730638
154.34825723925837 174.77072016254257 24.872620687197525
813.7521786738845 348.64041497962796 25.752677601755742
791.2153475287507 117.75841200040831 24.355839815950894
958.5394038597402 187.48392862505023 28.416159250502112
173.35215898154166 95.49445021574057 27.584284510742574
32.0468844653824 30.868282314498828 27.46287627545499
750.9605151882236 119.59517351959778 25.35766237062677
71.9615360379251 383.9371187251525 24.377761150970795
203.73145905346124 180.48418988997605 26.526246593852793
439.3248898191242 144.78029072530055 26.18907558139065
952.3582828295755 199.23747050862883 24.89334115506791
186.18968321715877 173.7901771283895 27.198025378821136
568.3003251455657 102.12587458885692 24.572838932333234
956.1086361209109 350.0458894769335 24.671075374766776
522.1085173407249 389.5875134659512 24.63194795808608
348.46126171143544 366.31075341810464 26.93003369156988
660.9909511551556 262.55620598294314 24.254380587149708
657.867477286606 253.99429872397747 28.227519432181477
514.9034300247637 143.83599729111637 26.468017097656315
947.5021341117777 134.21047974872008 27.798455963087115
142.80397905347232 201.87250687306434 27.811444594464778
511.45770995875216 181.56235226626848 27.70458309699226
876.6953405535677 303.90852256965206 27.955863291306805
17.222027824864373 77.95259205061824 27.008388341345704
364.95189828150455 393.9513657169157 26.964571083766366
445.0402987242895 232.76248712343244 25.441920743297203
606.8217206945873 250.80180704976823 24.445353463888203
415.98698856278105 255.11263605331158 26.888146074370006
789.916680700199 218.92621012291283 27.637313399044103
543.9267814363853 379.3189388327332 23.528178788476115
259.33801050150305 250.27383787176234 26.45047650872068
86.51633543917647 155.54197001215599 26.584119837808945
662.5885640128749 122.07737844298761 24.543351957114325
794.6857902988934 207.19817145490168 25.908424219141047
514.7285189222662 21.8057523442273 24.751777262263605
465.7094967260147 101.91151616062947 26.737720078304193
133.84782270974526 77.09111528779098 25.0650128819152
148.4757423603167 154.33775648843877 24.28962350538412
112.73686019062623 260.7057656969195 27.047199685589174
196.7164028258872 41.54161223708353 26.380095271844638
457.8972169855163 267.34725534585937 26.210883112231574
741.952301668973 322.9559993396068 27.267848382129543
965.3767076857307 232.67901616423336 23.623111272429057
597.3218137630837 169.25184179152333 25.6797253557377
772.3475005885335 182.0982922034787 27.644309964029215
900.2317028240359 163.40279236827286 27.67217165129138
766.2548785578972 37.14023316581776 25.518255799884955
859.2229814976853 282.2928780434008 26.171157424913734
326.5040886445276 295.10584171556434 27.822428769761643
51.273726878627414 131.590247173147 24.785259229190927
878.1582892462058 299.9990168402928 26.998108578351623
692.0370861852684 17.250410496106205 26.68006105304132
848.4982609447626 151.50345781180636 24.176963283074134
904.6817805692347 14.6198104681726 25.859447962537608
715.4273031013033 108.60108121930625 24.845586000689924
83.88286076797813 155.13945818289682 28.340447599826756
35.85158183442982 34.35806365279941 27.003392561466235
190.2988704049431 399.30072610929426 25.19964372089758
240.95783387270907 340.9614555373686 25.006286158952374
27.138984932692843 4.735498378256198 25.87431198665145
916.7570927464947 15.60516579891309 25.304182174243326
913.1126635695241 125.8327036645543 24.0306591137633
569.7450460621432 168.3792182229357 27.50241487991677
453.48896561353115 285.5168131348818 24.672117259412715
60.80719984865801 116.73643547130932 26.2546293034033
460.86443171292314 324.00396225713706 25.406651416383987
11.701874926069555 224.97603210594153 28.249277630505272
236.6207706394944 130.42080858099033 24.17445717449478
318.0919840908182 112.82100081875454 28.226469940414013
999.3901903031136 371.83381736229023 25.554108862137873
196.05583052826248 339.65425007833 26.471694223502155
953.9567626245661 14.944965030847701 27.61089907263178
934.5385069940008 9.145333827637847 25.41475109635466
408.10491425165907 46.667049274731774 26.267374597484974
197.94777090607317 15.42324926655212 23.824921453937716
150.54741401690976 392.9514236930445 26.301418387750104
529.0560742807011 2.9593079190889604 25.06757197635935
544.1732836909754 56.30570926455945 27.296984400818776
834.9268569477201 17.995858550936816 26.075641490015297
118.77051373803916 180.86209019452082 28.469003217934983
524.4976887710482 213.51954013821143 26.116146464795186
878.7937967309122 42.841668399968704 28.086134114911538
516.8559462208264 300.0098696451926 25.293305558155467
696.7345513312232 380.759454185223 27.848922107150113
199.64393974871354 21.82390583078515 25.6442465735297
522.6555055187017 244.43186489219616 24.71938392048689
217.31242193629996 239.182695732379 24.940594424152646
296.2935768262034 69.23645613931542 26.31080943166065
573.3601179620218 107.13450665012085 27.121432009379866
350.0092055566324 280.3358439750506 25.550240517588
287.88903873252514 208.16049033914192 27.03398644341465
298.33831199855166 302.6666175194333 27.234139718484908
844.7731404817821 0.5893117574496287 26.653576846611394
341.9284853621883 392.1138005633077 27.670553980819772
958.8706600456327 20.776033564406138 24.671399505925635
98.53595756004884 200.89415298788356 27.49582374326186
94.76001043931248 196.9059222313719 25.677054650941336
399.2180909884583 128.96087884134238 26.174699150831035
460.5820223009145 213.88280251084652 24.69360054936678
450.94929908451365 170.1714907029186 25.64057661204823
404.2349172856442 173.3839948715573 25.53954306126168
724.0603045708383 107.73221949216509 24.05530449282676
759.2729272328929 25.88594528336405 24.059551358928353
339.9732445645002 312.50016613600394 27.11036729316361
463.6672566111327 61.11600046441681 26.27076397822723
436.8726450866248 108.29095123425434 27.544827927677545
929.7267951257204 122.54386657898802 24.6730879262034
412.78484168714334 342.35878119919556 24.308679006748676
135.958202173867 196.51910568781275 23.550574064998514
380.9832308894526 182.38950072629413 24.788570621712687
183.84948260877354 197.5671951273056 24.89930495356433
25.010631473864287 393.1302431057361 24.76846777691886
291.2491903204405 152.00405716803994 24.42967251659952
72.61262873519469 259.3729874281561 24.899755900248415
540.3150115366968 339.9951880612942 26.853746552319812
191.57310546490058 344.3682010159013 24.77962644416506
557.430049909135 302.80022534201714 23.749796616356175
477.2842195486261 324.5711955214668 24.70609138559805
54.915531097084916 112.28268171000128 26.735976946308355
192.68555440738055 337.37114015310175 23.512420352668595
424.0609415292914 132.65880291164197 24.445623243660723
736.167502271234 26.324139769138498 26.849772564800862
434.58307271566497 222.48377264639024 26.011335958567027
261.72284501201136 170.36037530779328 23.947778810521065
400.11672003689847 314.35963261011517 25.989700755491775
126.99198780894861 335.16396286536514 25.34917124227725
730.1209930100413 100.87163226559875 24.120655941972846
677.2029986506534 275.8865793856984 26.79348829480471
657.4080675495468 121.64993850862214 26.16458295134011
424.05185564349335 233.7545111677116 28.27049591559772
643.502927339316 205.78689488529923 23.617448539764435
695.3726004098274 381.91734945347827 27.027247582744728
791.7289570233414 337.44658799221367 27.112940868170444
420.4543842626349 358.76745483684454 26.791496339240837
795.1682196347717 85.46024117634623 26.195540068964345
92.89693600759385 144.38667182874428 24.7632113111751
2.7253550212557043 118.83649395406314 27.226780296117006
693.1482039935702 245.95259576017065 25.666827430359973
75.06221764754461 112.0079647159122 27.977368070358974
640.912935391924 212.8151587266704 27.788058629219
131.17522845118336 262.6130641509054 25.89099062356716
727.3998971307868 347.23760437319334 26.925971756396187
948.2407749659569 380.75221522779725 24.684120648671275
602.2119391580717 351.93801500543816 27.355790949912958
598.815539553702 185.7894123666844 28.39430769570795
272.2706222313687 293.7708294514425 26.549664572881156
301.67805522543455 132.4711040215158 26.903633618638796
332.57573551846195 191.10595001474823 26.667376447653353
371.0468041613998 93.73259786239068 28.462370282972987
272.2769558046836 171.39891255905115 27.87954981483784
103.48776345045407 8.13662396092063 27.610431429302718
275.2984568376434 309.55221748990095 27.892020528941913
606.7915893612765 54.2658998665376 25.852903939490865
912.8031876402889 255.14892568416926 25.618337095671833
799.0875224194091 285.15170716810474 28.374528115617007
64.68387322489022 289.4472240135383 23.611258549040045
672.4781904252172 29.289510975564514 26.28216631073018
227.96487731988668 316.86316118729366 25.474017979023106
990.9068164282285 171.05069339923523 27.321580339927127
99.81555030539968 79.99019906949694 27.185230094573235
678.5663072597431 136.17301612632087 25.624639837489774
349.50672643570124 275.2123812061444 26.791738361512234
539.0592060274091 245.08079143666248 25.876708990682356
814.1556381201245 314.6155770825031 23.752407225169023
647.2268690896929 119.37624408290364 24.844560555138052
823.9499853516843 399.89206127880954 23.90071467481774
779.9697924523581 240.03499218434143 27.63778528394038
949.53510390752 109.71980737831379 24.37971410301706
838.7331283230599 8.45808911266257 26.478221130237166
492.58800467549145 311.88362154483383 26.381118227551514
88.26913485509425 346.1603725521187 26.38120217904221
444.85697862895813 147.14256781367325 25.279389904609527
651.8160569469094 221.8361785483066 27.690088744389605
215.06108869678764 39.24134377774844 24.027142705607336
504.3351460880414 95.91843084101464 26.204129400343046
70.34085571716209 103.96426951183683 27.002110133302516
869.6817260052924 146.36327080294146 23.97363176664843
222.12465828055716 192.94342428083704 23.947508450061328
615.6851521064466 252.82754307518013 25.151975236674048
677.3958564962929 342.0101381624504 25.10279477583877
848.5841446974537 280.989407473659 26.459346496603395
106.85748175135623 319.9238537731147 25.00344721058181
314.99007414963563 379.5707109598653 24.368257647332438
892.216253607691 205.77896286018276 23.95619904489071
539.792236972552 378.48198726723314 24.52783285255967
405.93987590417055 270.4800093627516 23.636746818206227
460.8032655641271 300.0046348901232 27.83631060704046
257.9520955240733 101.34309200409737 24.17379142956261
998.484627615757 252.3791024504109 24.00486217922865
383.76375080781213 184.82894882725992 25.086729374757592
839.1669825715229 296.6596599198909 28.158231142417673
225.81495212645564 140.0939968478394 26.44159351011799
264.55188881285574 237.05452539514246 24.638238924200138
12.020643498149465 58.66327064252164 25.03507108669714
165.07964144951504 199.77300348383028 26.53619667518195
9.736750387027037 130.0361771931007 25.56056480078337
200.48034375015666 296.9758323698101 23.82285470512944
236.04479454967853 190.13602800281885 23.851162872097863
172.37725621196432 325.8508525005772 25.184759884217527
152.2073818314108 83.66011663936695 28.026784477936705
40.43772911012478 76.94045303269962 26.650687035515066
436.57310982933404 340.78178523300966 23.8382506665769
118.90256722874204 313.2080387665752 27.809955828050295
700.6745631626148 385.2531875624873 24.638091827383683
42.375600797260326 368.2773589485562 25.316595637878834
531.7149774884549 160.4593878605134 24.20188168084516
280.90679282934974 78.88726196979663 23.542030401908022
164.397467228112 321.83545328156083 26.357014920529565
741.4091431926757 336.7052787218535 23.708621095921128
418.80893394837847 331.4799824796738 23.877223455966764
226.4472520425289 385.81269873102895 26.803327640984474
910.9032279474854 30.735675643762626 26.99672877050528
877.9301192421811 15.741560286510792 25.653093507304277
429.47514509672925 179.66201446241553 23.86060979145237
842.116544300325 60.98618404484979 25.031349590778852
369.20311123389916 53.15054491479763 25.227448519366725
117.8540751092575 15.258836211249571 27.770206835651592
163.55627072189782 380.1329690771739 28.2932093835544
240.7579017848449 344.9872094430101 27.95922726600871
333.6835303847358 206.8587372480372 25.925078725250327
195.09841015712593 127.98971207023828 25.224820564631962
478.7711139077353 53.275892103053394 27.24099939731691
799.8919228221769 179.99104816291353 26.28182161514177
808.0941274260211 202.58921014847667 27.002102232499833
87.83261679124455 337.48299960638724 25.830098605927596
542.789352287532 1.2966335215995883 23.905266370271672
671.4007049179984 257.9724571383336 24.005395316462405
193.31361308770101 327.3713364994861 27.57260685720241
290.23843329352184 39.21790588899672 24.97819864892555
703.0675665012308 78.46620832506824 24.881647455404668
162.5850229741136 352.71569026402045 27.592277013634504
205.58146896851846 4.522748897226236 26.60901237406601
160.46158938139743 82.28605637553459 25.732575514528065
497.17013527845 318.1703744373001 24.06325979765498
417.031100616155 248.70442087629036 26.169161745080128
713.6415604444406 313.7587129279789 28.147473899123007
713.1332507177087 322.2538730199739 25.120565101972204
412.4310764046142 57.477038922038524 23.854760298959448
820.793211906016 256.9184541635557 25.56867375663689
703.7515770356464 16.234959385587942 24.592102216473346
81.28414676625084 346.5214603085527 24.212765608050233
8.696008929757637 105.01003722599056 26.529213013728704
525.2195390195961 72.0173056345621 24.818538110133492
820.7698741636101 78.16436603411492 23.755055257056092
197.6693651631899 91.69688884125988 25.9673355895759
741.5158724541911 390.49591334680576 23.81843212881813
412.31786716594587 177.3436271720553 26.881187714462182
391.5393325482065 322.97542575622276 27.950219665906832
39.467898632670305 218.2081932973444 26.05267794836617
265.5471605732057 314.428597292208 24.180007692477457
731.8792616539077 143.6327749600527 25.978860614994296
513.5454295488585 65.80913807187581 24.732614658321914
43.01552540469533 140.57815437933604 27.941084058605625
159.04619430537525 383.87490681279417 24.630509412460146
511.6470752053042 194.26787208228438 26.715211727246633
687.3336352062455 395.4787169811962 23.743814474489422
26.675411722281716 132.4905504222775 24.488759618186588
890.2274073681444 75.52195673584015 27.57440370116313
682.6397828051903 324.3728327918463 25.424200662663672
585.4290724583072 367.84479211446626 27.585601590530608
160.14594859737085 133.97917815772882 23.984257768092757
444.8890945058976 209.64562672410435 27.692008097645633
671.3059583142187 262.9889555453541 26.740482337075143
883.5092351955201 360.8868352823286 26.6997231299552
187.45081757231597 183.7745265493512 24.257697838513522
352.0922174349914 48.75750899485776 24.677345838689263
988.5101139955394 57.033828076580704 28.292762516658925
631.338156363608 15.579728338076304 23.88104127783215
248.5512874009298 183.04569492452356 23.897245649321412
880.8111141377143 252.26565925560354 24.438052726791593
92.41859948824694 232.69438429190666 23.67255281447255
411.47855097854347 348.012486214827 28.29453025287013
250.9663332625074 367.47860402129334 24.917186132791215
935.3576770850954 323.5628532301326 24.284527509050594
518.1750621726013 354.3590930494266 28.425485890136926
523.0560379041027 167.01423856936884 26.70348513968177
817.9814929977572 22.834546077721818 26.363520876185227
651.0130376189727 78.53394206645521 26.644306109826815
951.8248231970388 153.14741909336732 25.750830906499004
635.85729971329 267.8807321376019 26.046976095120414
383.9723116978796 224.83616435084022 28.328371256016744
883.6843135777779 144.55222054827485 25.94017887933491
579.2687257138385 236.54772158351528 27.87707353893354
786.8022997371614 196.62284368376132 26.528991260648258
20.06413279280239 317.4311447928728 25.673573628327404
698.5360121106978 166.61264386947246 24.466858827939408
663.0962262391406 117.62800937394945 25.707400795395746
236.33766625978947 90.4864015489264 27.99987759134664
54.7947248046049 264.18723707265366 25.436701798023655
592.4290905141797 52.328110083428214 25.39104947455629
890.968824333115 316.7369835798456 28.298661717650848
566.5572496936443 199.32121224797027 24.622603896878413
504.64193392463807 315.77482848244136 26.40935436954397
533.6331402620087 30.092900610680616 24.383546816175805
598.7946495983601 190.5660319416767 25.0508459441333
485.86259144853136 378.7048309120007 23.622032147261752
748.2237334216751 32.19703217954306 23.73789663206335
969.6599248829498 324.7955867653635 25.869553168568796
500.2553834932072 332.8958370970283 27.141352270620004
106.73460660059342 319.55510664622193 28.314799275318116
765.6732827388773 181.6298735831865 25.6009469394753
740.2000627065261 73.04203368495715 25.454665738511487
51.31726941903403 268.30449297816614 25.739295484305174
983.6952855505206 140.29343959906666 23.610573739946528
621.1371206056973 208.438644454134 28.0657511749181
337.0259162075324 104.92678349829289 26.74904436849977
44.17798310655652 324.5671325405612 27.879825446217307
937.7961080446165 216.44893554986976 23.76236816416639
691.5395780131953 21.139359071955298 28.1171880930286
176.35849748274978 211.96978769676497 23.57105140918071
459.6716991812967 221.43007973566887 26.566908848315208
651.9774507653534 358.9216460332946 27.324248912185762
438.70235389026334 196.7775579158178 23.588501082533703
491.57736113860864 100.91314600448106 27.364194432285892
10.47480055522687 52.89589610519015 24.70525209460264
198.40171947007013 75.95137983144697 28.049203252973896
284.6029073148261 131.3996626468634 27.301954685454383
115.2862006370029 0.6508823860691404 24.60749434058612
179.5250651268534 367.10855716833834 27.838019103380354
54.36984928058308 65.16653923035061 27.828082422203327
381.0009861619822 386.99543704178654 26.15046183169342
799.6293325373163 244.6427872233722 25.039436855980895
898.8876205594778 162.38128380981522 28.38672362955266
777.6893214465346 280.91557839569543 23.73245962294102
764.858056038492 293.49291008471846 24.11783547279577
822.3873375334633 293.7415801412262 23.649457932345847
323.8708866006104 19.862637345033953 24.153154941956423
345.3694234250582 308.41195985024666 25.779899944594845
559.9191681452012 360.09063926689385 26.345662731386906
443.76230779693617 194.44062959122473 27.61845023316518
435.5164517078526 282.7896320615156 26.250419271274694
211.2773235316906 150.0513618902252 25.189557798690128
522.5226239794388 33.41492031284483 24.308907347276254
314.89698990019866 185.12775147356658 23.71106819553446
451.6571198616398 369.2296469973936 26.38115772554207
408.8961946875705 290.58830661371894 24.63917844063285
336.14807901505486 10.69298012462867 24.960194447695248
194.053826614343 268.00866334895466 27.03764741136752
242.5571398672274 169.66618714745775 25.47572831757435
514.5845658518278 256.6871071950803 27.37149755030852
634.4085511843778 274.3361783026554 24.34433375965571
300.0134379584408 256.9417435045719 23.61234441491668
131.71966641540632 32.736600188856315 25.141613797238946
994.7441108705948 22.69073113443243 25.92869148198454
776.137846965193 260.03029580253457 23.669989144639338
324.63486412458906 91.50394257876515 26.736639736070337
615.7664005966833 81.88291872963282 25.157547221033127
387.0603980325524 138.27860230620183 23.8179521977069
908.9194761355203 103.63334554057487 28.15450503636158
537.6519799169154 75.1858408042891 25.93363935103537
659.3646075631877 132.63021305485734 24.371820657944546
911.4892842172915 365.01314728985 24.52941824611886
838.8490419213067 132.884206324377 26.13074997787971
546.6646239384341 350.6917991091087 26.948645216990773
311.99740001332754 294.6599967609569 23.833969629350964
470.9195275699194 107.6025392155473 27.039610505755803
674.5171460541189 78.1287060732093 27.92143920024177
123.91415914646254 367.8995789283981 27.21525760264172
452.94314584564944 244.79919043827948 24.802505396163387
584.4495588135582 212.03551850650436 25.23918641042241
132.14503655532062 271.9727045986606 25.84675258274102
78.8176083595431 330.11164862928297 28.163809246438614
499.1500454636039 146.49840544302154 25.42858771364682
597.97478804488 376.57203930401823 25.623236481038223
310.600351078243 390.97517411142286
394.81288226739133 176.54641982322227
21.808559921660596 25.617661486566547
363.1052295480207 268.3264793226911
393.3211620085311 214.915620507591
282.90198915342637 366.04127895362507
131.46776585956837 263.1969358027797
396.41858207712005 90.55062342498314
26.193152275270126 64.67253337523702
108.3517683688095 318.4611395335758
344.5299873416191 83.264779953877
3.611766265077865 13.193195279353676
198.7774673609454 323.6243178146299
182.2223765154581 308.8877550172271
133.39213444329485 370.2518870738339
293.8721306059813 164.10891723511853
217.17547446410777 242.34463225068134
278.42736812295163 204.25071914762384
232.42075176939179 45.18978340170805
305.0464673603174 36.01004582299301
120.2599202734885 394.63151451519104
151.36257264532387 144.24062649726733
71.52937112848244 149.340005858731
275.5300757786956 70.95615495471267
145.05159125517073 306.3148434457966
307.75858039684726 328.20367741932404
250.30764448548751 198.25794925217477
24.285801622846435 10.981675477891795
349.05398169150624 377.1545840571123
265.5693847612786 153.33019669911775
210.5146499272815 176.60368885538728
321.8054043680995 110.17360747663551
397.35850004244196 116.1424148412665
32.709640092185396 249.44969761820013
164.74905692912856 44.012455152304184
34.82581357791119 203.51192452643363
22.332608599352 10.519110747517502
238.45301409348005 255.74476104507738
39.10849299292454 322.3371111993152
327.6127778264878 127.78517272058711
363.7035432310968 48.820265496995454
50.304281852413894 84.69646557301687
287.65068767644885 234.57525276837927
102.62441103566418 289.89378069646295
96.85004097495961 18.26287877409434
109.15741679673907 118.57370686435308
336.46882847180126 365.7933502696088
163.36707701720536 77.8535387753445
357.1144987547651 396.7851922750025
215.55242409595388 283.77896638801496
115.19376117664012 116.36047215094645
82.2561915924973 309.8118200685862
167.94822045671114 360.0523925420937
399.8432343632179 48.363067385252556
233.73537682919786 317.8040475161736
256.2944039424198 16.388915237104218
180.70214882312885 323.7406331100103
109.08928694879418 288.0213143375136
62.07577314720631 281.60027024375194
133.37965609309808 351.65716402550464
233.87557548193044 141.4118597817089
343.4832011478756 65.88362231678903
270.92668453355145 251.2114980396076
92.05563285427303 128.07018075207606
339.6354073661239 178.29196010564056
75.12709010784629 271.4110652749312
91.06367620159217 327.6832457261282
157.5170623729682 370.65487773757206
5.418402374885334 181.26472981303502
381.9700439078226 163.71139898831828
49.14956370040664 239.11328415279053
36.68245412499975 185.77859875517254
98.42892570847752 165.39418622715627
229.719196524608 164.58602049692126
237.85962789870712 24.305274157451162
255.1466659616648 339.8039800578155
360.84471423431125 37.287652858156406
334.5369240195325 346.620827366948
278.12107776699094 200.91944398348588
278.8258959748524 242.9440149780588
183.54316157341918 375.61223162213287
39.336752573084645 161.6335786870368
31.279220748074408 88.4329273364414
3.1075295409309867 133.62981150667946
346.1605784820833 89.07701835267167
236.4902942239238 254.79020026554733
219.00299869160253 256.2220588888963
292.31736280085045 358.70353374633083
331.29699784229973 372.1936989051089
269.75789920777345 109.70250182847133
208.7421733089796 367.07933084392903
352.3167730077287 144.74903154762538
320.67895201373136 79.12793218574095
48.2553695748734 169.8198410727096
322.5488221045447 186.47738783216087
219.04218116565778 355.87270584837694
281.09281272245585 135.95409482133886
305.269390198938 381.4272649591152
127.07559265221131 27.892558116747157
345.79943997587685 33.24702759663487
247.9010586542851 311.6257610186418
34.73398907374201 3.562594554708287
262.5631824582992 204.5005099777735
372.1256147035695 211.72924883754752
13.954123512839978 167.9746204791718
238.18075155562374 30.16489142126213
268.6296561925503 357.55646866555344
57.03065587098042 208.86786391560207
131.71021653224543 109.05009765045324
14.975049784079353 69.7669536538327
164.67387381296277 31.772454644297543
259.43141052848483 81.60920141997008
236.375646015109 150.11239008013786
328.65098511664644 28.04420506062586
42.70585892338627 368.0041483888889
348.59055147557575 246.01673760706046
397.8781839170276 126.5912636599266
82.15741507884489 238.53256300289712
30.416276581386327 83.5598096736796
127.37285032177562 155.31562815706585
109.48590966108553 363.32320033626695
34.82766431770923 186.82771097115474
282.29775154765593 210.4437463474501
51.131430383851615 31.57490296722529
20.884032460570225 324.3793463433095
193.885311921305 73.5783465152005
356.6303839491128 161.84687080204006
25.036255436102863 146.33983573974967
23.52233000892823 63.79679991069018
13.29865161253192 361.58587530776236
236.14411288069138 197.19685402995287
362.6576363414777 245.5271089008352
196.04545545591193 197.5256835213893
32.79626188309064 152.323035532518
150.1702282935539 256.08028136799146
188.61703244191634 213.89503228897135
17.61885483706882 216.90460225711163
89.85621999103715 137.1839621192829
56.09472043775013 31.349418169892562
268.11778966476146 374.4015702594186
156.96264522318617 263.97685284016734
137.48147139360913 368.77823164157513
137.9258715151777 51.72609977360856
146.1682144131529 317.76252206979797
44.90601992314236 388.9599878895306
200.5737484678325 397.58132289352284
179.7885552934547 44.215076844606884
379.30959837515974 57.52236879485619
138.27462935444092 210.18120430818436
103.71875572661642 219.25401309970226
172.15788477490318 146.6395122550025
342.66151285329573 205.95040879694665
282.9235426578971 396.79102620897646
103.19484550960856 177.94325504346568
208.64452167941204 240.61104700662779
195.09713378055008 366.0744416805491
83.72812244169681 294.567837722832
56.0179460600013 70.87695671968133
231.1443265783959 375.24690784043787
85.36081171645206 235.16478667014283
89.34546839524504 115.1257390767777
58.83502855143856 199.56527138232275
281.1646783397802 151.9465604670907
181.9406152067466 14.980951964167133
299.55886646615227 208.8381412147088
389.47878258901414 12.920733166095344
15.140168543318966 240.54052113201539
9.50822571297194 24.093434040464466
203.01772350707367 41.78984354948847
283.9958731752458 87.60995046066506
341.5499369412991 97.12364269517586
74.73869493856391 307.5933121531116
253.1854985915559 397.06975679956884
381.9613622382818 90.94915347365769
137.64933872277564 53.88555052372217
64.32264839380166 339.50198884604714
390.30820925326975 20.717048281278807
172.89170645624327 271.65622769472395
303.62831992498485 51.250577160289666
397.98325827158914 213.19357781062956
117.21585993501051 32.63309512738588
276.5690009016929 123.77173533286316
312.009135125668 182.63982636165514
19.310751270552686 15.142632639239428
336.7694394471864 322.7717396810144
290.0887222878257 369.0612613963086
110.0956794518229 322.16774825306555
207.2266701293217 177.30939891721133
58.76589134658845 252.92035472504867
234.4436979647851 103.2118100045861
333.28723295138997 205.5858770545729
290.8905740422016 103.47534579008672
384.1136116479627 84.38428134144532
133.45666471629173 251.13465614738905
287.0688625413 234.78602669795708
50.86160831659527 64.841442570535
274.0909403640569 51.887012950132984
357.8739855526806 176.68703575317554
55.49113354700994 176.1756226126593
89.3274883714673 260.20151034872424
312.5001983064281 103.99877474865792
267.4329868981978 392.1253862460506
393.9515339992631 223.23761699115315
352.2133075755805 236.00337941115853
368.5296432554852 230.4058452801634
383.71539794191676 12.602487671284068
164.09017727646525 193.58743633429305
285.98279449107076 361.6101615701366
368.1360548843616 196.33327829155905
226.59950654196996 101.02104073432652
368.6122965270049 330.83951289519507
211.9443843176054 355.0742758216505
281.76023015789116 4.4333984315577
47.12333761875427 148.55622554876743
343.84995638899534 81.5958577628872
0.8747330829231625 354.7366526629358
336.1880300459435 104.45260080044902
389.571566774469 236.15966120904218
167.8754984219982 117.8692897891612
30.77207811802083 131.9635915747188
158.36941126423372 70.98902161638394
315.5985078571999 322.3573546868152
241.9793216019084 175.25363206848294
310.55201077790684 140.33386687260992
59.00802725745153 169.653499741446
23.199723294135268 202.6540621470775
303.324380183109 177.15354679880542
152.49807984734852 196.5885355710629
163.73372186923146 331.94635758926444
93.3448194295448 185.8566005189389
226.58988405001915 215.3864066598778
76.27985417741021 88.65588451204145
399.67065190565296 359.16250162371546
97.0838356211921 232.6286426857451
272.4168669842068 257.4687513473718
127.35078252593834 106.06411047272641
45.21334117516744 75.63735606930537
195.93978039011537 201.5893642562626
140.467926175021 150.89981978661783
92.53852385127476 388.0541973264962
50.823268101189356 251.6461091811572
268.39980384371745 348.2686928385158
284.91375369643373 194.7546261980027
395.64008305212127 84.70546774245693
238.65845936348626 16.268776754496006
395.31745535897073 122.23130426059963
250.15891526988946 248.89915100409175
155.83437473888964 226.38637184541744
388.8486052378703 180.53357712271745
237.03867965845177 207.68223884957573
84.61941060911728 251.14004620518426
191.72466029805202 296.84289793438705
320.22813034730666 391.15116702741744
135.06382443230981 52.866368639509446
190.3644617260076 312.62145303545714
53.82336460576931 205.23727795008404
173.33986960439205 135.15215214319687
71.05835734236558 33.574329339550516
266.4350605132755 261.7813821903526
268.2917802371893 252.44926848140454
203.5216191455463 115.74041269992384
316.0247115928262 296.06740721332085
103.65180244928393 207.18015012923647
274.7471267846724 186.95274854668065
291.888334226391 219.67483381896727
102.44771650500061 24.733866550524787
288.7244453535482 189.51340817071846
240.94954167667927 145.5799298408389
282.0222289774976 396.49171576541727
352.22620811420313 179.7892168227422
175.4757587813153 293.1222012602477
237.18144328848751 374.4857925343024
350.1834278004575 69.88063552697147
193.20326728553306 50.332932026410134
180.9920880845778 287.3126676331815
353.1317145864853 325.6252062275199
316.8536647022667 201.52607366452156
297.1075641376604 68.07410640379273
364.513225550006 367.79771194481174
240.09735969369848 224.05526272023027
107.4253614631293 227.72732452538048
171.7183486585062 227.03856798564064
146.8739977399967 268.5733614382113
261.31496538924097 301.37529510050757
69.84888193912795 189.10932264903212
240.06660504496438 354.56993712657254
128.31012866476783 114.54207513650725
133.23463483050756 190.61707703014022
357.05017120534313 73.73668589939193
39.48475765871158 178.93713061525494
262.44088029889724 85.19571861067617
240.54869868870736 277.89773931626564
281.93143676995544 93.94364689647858
373.3176398453467 38.860759787392276
344.24090192024755 59.67057265713147
107.78786204586046 106.14787678418986
252.76737560790346 117.19227758961432
148.1069376752039 380.2710871363778
69.81389409280436 113.48688280017427
210.29728595895313 226.2273378378283
196.8093270830336 171.27153847413803
329.06188839842287 285.60980209498626
25.780480028350674 37.285541470995256
207.4049312335934 390.7412442285039
79.91003134101624 44.14965564141258
346.6285857435355 180.98834306783527
266.09285140548576 147.8742816283125
380.5949106721397 285.8686350708752
229.981328538481 98.7923303420215
386.970364888232 366.5150889728733
34.08872145182586 161.89597665256593
359.4981147537665 296.51638693485853
72.09736822205323 323.25919782520003
299.1718785117696 315.10405498442225
287.59694077140693 202.43150574502283
118.51281230795716 300.1107951116196
383.0558698587686 336.3912100076341
351.97929801466944 185.07748428137455
384.9074368731126 108.84966939512233
326.8675656446929 184.33932781158498
273.2098518397031 369.40126038700834
372.8890993233191 91.87493771051645
389.41794315074003 120.2167005741492
34.939075276092524 284.15510826578486
203.38235505713547 143.68068701041778
302.39805511975766 384.1812701883468
150.76984746474955 102.57782939647346
179.63738011950934 33.356591784994414
44.676778052637985 265.13402257697146
96.22678860613334 269.7860927711303
20.285980723945762 190.42343796574986
291.67094189010214 26.054900360787016
88.995042872493 55.354648346329284
208.3295315057352 236.48718968282458
158.52251170436338 212.65223632522438
287.5041140786941 383.3413980920214
218.07642022432017 239.9536821894809
387.50242650892835 213.35031935738238
292.74771187919373 173.34408861674015
128.81954508456212 20.467949159252807
138.8693373794387 214.35479619652682
220.40307349030635 317.63804461877123
282.15986676561675 157.65482798039065
232.29784602573233 309.85236712478275
93.04858316257057 107.36723159289406
153.79358519958464 332.7199286680119
348.6570707402849 133.14570420057424
12.527260551055752 335.2215002610707
348.49069540940405 362.84972724037146
228.81988453510297 162.2767449808096
330.97116096769855 216.8598592548107
40.855658235942684 232.20467924217454
280.51969787434865 59.77772186159718
260.1395716873377 6.111070567635224
219.97848268973462 78.45841218619572
202.99743689418648 10.689629174236526
350.73595110737585 91.02638235160954
92.71093530898389 302.8768779172748
332.9999173542712 249.7285454756227
338.2077477749534 154.25380773802888
391.24044819504763 221.1819762674031
269.0556058722447 385.04053381872404
384.90259463003537 210.77626672184687
342.8367034831767 391.98323267655496
102.06715597185622 343.69404847190157
339.8073627850116 91.38577567896272
13.815943303035771 223.21613945785703
21.075884244766208 337.9916799344515
169.63584882603396 357.680893201199
150.35950103937336 282.3750824721822
219.27446931915134 380.67064797093394
265.70976361185336 193.95244383217323
114.03793139782712 384.70090968146707
336.42342095598195 303.6800675624133
70.59977589732323 46.89160022345269
51.684497379469676 209.95537666893208
272.96784332577363 345.8021865330007
361.3107842128352 143.19324198978697
343.33436000930175 151.8161294336797
225.3066461449291 99.00158093153944
230.11233670295348 19.163001435463656
127.75183713712836 326.83377844260593
241.5396614073743 115.86972523571255
371.88419481504303 100.44832547174391
95.81041311384739 398.635596192967
97.06236067779184 298.459657288016
263.7708835948669 72.82888179990321
344.622537840102 287.71660949316026
347.7961602498243 73.5057557207337
148.47174372923746 129.19885170554429
370.5410360987543 361.55576105035743
137.58780242044907 15.57399637433079
39.837158744836465 49.78071500475525
311.4247077692737 101.5118707114159
311.08676214265427 356.91750306433556
285.55004435412894 302.30505474228033
86.08084526072145 133.31795533874939
203.66911689683462 13.298272414433798
267.2484577039547 10.202525165734366
273.51887652606825 42.08207948705321
28.92142795788475 95.10719037240492
107.9424995801462 147.35966000642767
72.27706425918252 369.3464507381721
138.78394847821426 242.84844503275465
398.199773163317 139.01829699031896
320.0696357347052 351.53157315249746
162.3801753118121 249.28006589426883
148.27278639713847 185.02718904977985
69.54886235195067 92.32747665445302
301.28379669867485 174.79684986893403
318.819895631037 322.71188840223147
334.03855202944885 296.36727727141636
129.69715182657637 39.33433368416917
67.58413775645242 304.6929460598484
358.374977066644 1.6577678679619456
169.69019111849724 238.240061172768
256.5425504413806 18.382141205512916
348.94167878616776 51.3256358085481
229.97963112549434 180.03007475170674
370.57741364366825 398.69843579959917
121.80932689269927 102.59404382868156
151.1664889109267 123.30177330978773
275.35174185031167 207.59897768373787
100.54312248711655 287.6112065248147
24.100581455778514 284.6375363306849
53.24841238189375 40.893375626159
111.42266162932724 365.6382325476319
168.05566426389672 229.18513923761998
260.1586622364787 85.82977368704184
72.98403203929804 31.745722055908043
292.3814058646825 14.568146708410312
94.53349807872743 47.18716996052215
42.14616975740984 309.89614411672017
233.70213903411633 154.44191705007708
209.1455751595182 83.9079600599415
237.67476621392635 138.17938250966705
68.75987928348577 261.69478267368385
64.90046774139321 295.2363174232666
184.0714305412273 274.85045230024764
252.60416879666283 28.079143766938188
157.99025152847622 251.21925737369466
169.60597348864982 383.26945855054527
218.71590635633362 245.7710449312065
73.64982016515933 7.356894910719847
249.33888796963384 103.19222757925628
291.27128388035413 269.57695480061045
352.4627330347329 150.98394215062157
99.56242043664827 340.18422361209736
383.30655670849194 92.56226788832626
13.019741412820052 15.204779419844305
89.82537389248746 3.057921859859647
164.98934549090802 242.84455163062287
165.9641540456064 26.216672150846463
322.05165325934695 233.74353322781855
54.23923129297465 229.0041332003967
181.01606933845602 126.71905983618839
326.4192426084988 291.22241595755634
372.0240794932318 233.59413416098326
326.1555730158394 290.64850290177515
227.58754294884872 301.1603192015845
274.9905461017359 389.90808924490636
276.2168501342711 205.27748040068005
23.249756343072782 339.50116943919033
380.621916686075 231.56607395858458
69.90296701259591 182.0990399454141
64.2971214247606 199.10053402337687
380.55618581050584 176.4355562239056
256.6291261183651 147.96573784933264
100.31565337263669 354.8183883354356
235.49515277991162 338.4913391662448
88.34254339102179 286.4894283189088
357.6468803412466 99.4321241716801
293.4954871935207 339.7663467247898
241.0036476012472 14.315555756425224
145.53575984033006 219.10060052742088
199.30655768000682 49.6308125979414
353.94867266925615 398.8903640692938
128.4132708525559 305.48681716108354
386.51223914951527 84.08966220829596
304.8414436022658 308.81973009012563
242.32276994111905 298.3586165773818
280.99676705323617 371.183680561228
339.0648853014753 233.70229427872405
47.84986637076707 97.61147108063697
201.89175416975118 291.249253623272
284.6542409246612 259.98536217733397
371.35932108593886 301.02363614547454
226.62573381243175 137.81073456594015
140.4365798211504 229.26803030644808
55.33204520602371 281.23908873462716
385.69192863644884 65.07727504486019
152.86891050472641 65.63952547170588
275.3338030889573 323.80670914782866
59.72782297412782 383.97123047397827
216.86209250330336 312.9212350663894
337.58804902398197 362.6625009171646
249.66459036791093 376.6548592821587
362.09418176614327 288.65500239277736
392.9712421432869 369.05358304376887
357.0081983276576 199.72506999416444
