1000 400 500
30 80 0.1 0.05 40 200 0.1 0.05
15.522171015727949 284.74602637892974 26.18558364205949
813.0565915596153 119.51598477971785 25.049517681239696
217.80752832282025 261.34512207477286 26.750231009684423
404.760439481425 204.38715547856566 27.507137794172596
536.8367964991888 115.73590335560712 26.397182225975314
51.13505256283957 21.368905286182603 26.136019848131628
888.9552890981188 91.67969506965505 24.761728051065308
518.5629809783302 2.4653704935654552 27.424470543403874
212.8444330962429 302.2761680999506 27.10273255593278
723.8284362872706 395.33972017383576 27.719237908688726
244.40202512805277 181.02739529814787 28.3150322379373
571.8033747834962 234.2795882283125 25.435219131003464
691.1078099886237 372.11833089012924 24.42890653807337
370.05538255002324 397.40270070143555 28.486446623437132
567.1853350229242 16.734831043558973 28.207714884803973
35.63880453244428 18.564310249686898 25.062524208765677
371.69592836565823 392.71222643582604 26.16152996152937
996.3607599998035 297.25233104177795 27.216633813338593
52.798301434460406 194.16060873982227 25.87748426223454
368.9484363811699 372.4080198650515 23.81507125099196
385.7826909556093 82.27615294898465 25.832260245073307
88.72510623141162 192.2917775582123 26.584339002146155
567.5260079234032 328.3995276758878 24.27623206576969
697.9539454948236 11.679082476977465 23.93735242827722
797.4710596264379 279.34973025575607 23.76161732764087
360.62328142430545 363.02345014687216 26.16941002311867
161.24235500140816 20.72362095206661 23.999918522548693
857.1956715960378 356.7147892276054 28.48820625653739
778.0797680002144 257.53612917763076 25.970080960417242
180.17242325798176 337.8957870505365 24.22818914019832
422.28329679233735 278.36064861746735 26.22321364114351
366.0529606857456 227.92929609569646 27.842698582887838
421.0753407666165 367.8431533481166 23.72931736217872
186.59304726691406 165.73861906767527 24.759180310305723
790.3324492654054 175.68388195689906 25.145042452082023
716.7544648876302 189.8243363137373 23.61182006687834
253.52645210649982 374.2361084871436 28.22970204564093
892.3391697953401 11.497539184587202 24.467535627531124
940.3260961439686 21.839859593111033 26.15215647505904
370.3323981562856 363.21473705766294 27.467642078998715
356.4043368460266 18.718376203184086 26.38815571306595
72.13653112259999 196.05593525422796 28.397740458877934
316.20415287186563 264.2942537444815 26.75257983247463
96.23235810220088 174.30888626272883 26.448483468900964
331.2470279639327 210.45860243048548 25.21191234028196
463.80097834498224 393.51125363472795 28.26266503470094
827.9043693366527 9.728878457299217 25.51925812133798
749.2982621969461 345.6124019381332 23.999308662507747
144.65120752572724 379.1868676311362 28.369189343292312
748.0912649760305 279.35046130687977 23.849689690919238
628.3174980919902 383.1760234596898 24.81645995734329
254.60956937951872 57.45131872736828 27.276988203437387
144.75086201919106 366.28493480600986 24.696833074109044
935.9840380277118 90.5474721480402 25.33089762566514
758.9910732701346 373.2296180540671 25.957462599431913
466.1559659442678 20.239458476976324 26.11821904947707
275.286474095758 147.69914439970472 24.297861148241587
171.64112506583794 313.68383489397854 27.84437298853922
294.18992401470365 325.62551584192084 25.66177532592785
679.5926703196488 396.4424766497726 27.52981569705719
713.0648579923884 91.00740124788689 23.648429601943345
557.9721915340054 259.77171999130746 24.347426229742222
422.49206355298105 49.43668283540288 25.24363432620124
912.3264863697883 297.5194176309543 26.616745578901977
823.5540960176286 344.6749791590097 26.74409853938096
929.0787568599848 14.536531135765163 28.470109811865683
683.4187039311862 189.58187390585644 23.87072619163821
615.9418086089844 154.9506467827432 25.512699122719447
467.0539496135468 340.7368978951044 24.769377110085344
529.9981235725566 370.4947564430415 25.918677805934117
323.6671747808854 296.29975916861076 24.483077420050314
256.48258917261325 25.78919061921856 26.121146090145828
294.32730587331633 262.8478522530739 27.07237612121471
319.0488958361036 52.240349981217534 25.893678904618998
453.3367686710892 86.69341740847867 25.55676978738082
187.36439181512688 242.0005643187446 25.311745840494684
745.7732601476714 89.8435989301063 26.367999536493016
81.71229506539845 38.931689579128474 27.996164494706367
367.1065534603445 145.40334538577952 23.835620890819936
447.698830909388 149.18444963427908 27.64764260710419
12.168132174987134 70.66119219135057 26.078459999327688
737.3664636952747 268.0485893458819 25.198029344438286
48.645588055076686 350.9201808726111 27.436195271919555
545.5697015062655 4.099492174038222 25.74358982139008
227.69581532180416 19.668103335705656 27.54899925185004
131.32363869116114 72.067577797731 24.648795441296627
498.60593740732094 241.00147773486822 25.35748674569182
931.309019618418 11.740819669179503 26.973014441444725
647.4341557847603 42.153867597212354 24.549553436638867
234.50312964789643 354.78140203162974 25.38118428846589
117.36871674897698 145.11009137622884 28.39634069178082
730.0777780877444 181.54787332143982 27.454042409338946
511.65944667298845 207.94063364156509 26.989697600486508
21.705394353380147 356.5669393634063 25.36161592487697
933.2846685827515 13.744698609990413 27.783160891206826
386.0650871408875 368.6483469552239 25.05017415380292
718.2764815527988 86.77240686139017 25.1345614329433
366.83598543211 87.98389554404187 24.809308055648003
995.4700466637937 63.986218004574226 26.50967192262372
172.3765463225696 339.8720620157502 27.520710763617323
312.37670487529857 142.34568614725697 24.81350440708448
79.56013742831469 328.66474175212653 28.278943401259795
747.2899171276732 37.53700964714288 24.321485165503162
41.19077872444032 165.59685788772362 24.949195500992314
158.37258268175202 152.54750070450928 28.16119465266796
712.7523291772403 293.53436852023 24.66690415109788
662.4802455269921 31.98274688941707 25.692942604046884
28.020737995383737 87.31661144370193 27.16505200147274
985.3515318235733 281.66976009667985 28.322334648232733
993.7375944360293 260.97633082018126 27.059870607004395
860.4313729464108 317.96018421294633 25.79018944955373
381.9242993765891 247.1495913492331 27.054260876786806
290.23772375435163 176.07226685694602 25.286629270091424
674.7040205081979 237.64026970488624 28.197113421116292
820.4753269117635 294.3669617406508 27.460653057349056
770.2664699279476 289.33365046456083 24.42933242048088
346.0463247674936 87.96951462689489 23.59969274169597
258.7991127246843 102.16376727051953 27.264101048530147
687.0896367314316 160.70288682965318 27.663082154256017
302.1432853003142 55.08263784147211 27.496998901702774
793.9586571850903 352.71976947527304 26.11844416278126
438.3052902445964 25.15934769317907 24.77508176960781
998.7510027130351 200.08501194455076 24.4720270884563
728.8352945759794 191.00679419067143 24.923959634150563
998.1434318462876 353.1980018277845 26.246140752564816
179.92235646004417 305.3961764708912 24.43608989256688
982.7423507114783 168.43233467208995 25.85411829292399
12.666321835701822 277.6277501295704 26.05667985560299
511.19363430891104 200.5372635628206 24.19255116568228
209.56796627942964 292.1835088329428 24.10736405403743
836.5365621912534 374.76867958854484 23.82072611839606
507.4013057439107 58.347171738032834 25.0006579316155
635.7444217450569 143.72636347861643 25.758871602451094
185.2400880595718 381.5414867101464 27.305454650225897
663.4518300078063 214.54567151819194 27.312563920323026
263.824175074311 110.55593065984581 26.007736814582405
174.28216509751616 191.25474940082103 24.94483992836823
101.36732098822709 378.82284256408286 27.10033578958731
946.0920254302555 382.3408410600866 24.26651861220849
463.3952284061158 249.39900695549727 27.956953838116384
34.351174273591134 386.1985831735029 24.317104437711656
441.70697244156463 213.0271291644969 25.77162855926339
625.6577803947204 142.23882803181587 27.75347543999235
690.8949660206964 291.03936939544815 24.64508312893714
400.3083069459018 221.84526851464534 24.563254391741722
290.23291153546813 268.1273822515925 26.19057879537032
8.53244199012748 73.65707597829272 27.858123689881648
683.7190379182701 126.09223711501447 25.127441926341454
695.4726039752404 218.1566545797477 26.98502231154258
20.587734237478394 64.30717896822729 24.59072243517717
843.6189602067851 37.33024439551382 25.097712374731422
340.99692385435566 365.2291641531709 24.46769391741221
539.9614455109505 100.07440399207685 24.857019930750468
314.5577450890408 77.08402800754821 24.1802119270726
4.722866534525472 120.62087174666027 27.646447747017774
139.96507486030163 317.7797275610349 24.967299010169118
359.7002812557512 326.87390357245016 26.59396885163922
108.66064259079889 124.87347787810505 24.932564431188553
271.8475584534169 223.2769460498904 28.44570266078823
690.0321946578863 350.4864000659944 26.250920165619615
221.03823628597817 117.47664615601306 25.529740898866475
635.3197007252703 185.62615485499575 26.870132694605598
733.5880535767136 134.20997483318814 24.437433751128207
956.7332678498126 347.39662392590884 24.483515616040783
853.0974560436294 399.8336372347287 27.81562499958664
11.230391298084896 120.74814938063612 27.225887612822433
329.8799308163989 26.82056015371579 23.65917961941955
708.275826452363 253.2040470767528 26.488004705697268
676.4291409018451 283.1958926934454 26.49308557198668
830.4088008056276 389.59346087908045 26.034142138485546
20.180216859280065 64.85136388830827 26.78373954531964
976.6402443029201 131.17910486640164 23.619313720324193
981.7444429981323 310.2909736959903 26.18788342499836
943.0433430871643 30.39506163257584 24.959633110756812
996.7275624485694 62.70062941096661 27.87510791547472
783.2035484667479 203.15712393750314 27.93126855334157
196.43396444600847 92.12781278844942 24.10777886080102
43.65440516866981 163.57949229159937 25.526918502750654
265.84912647978064 283.58239878718496 24.664467172202208
55.61409794358851 362.8804017734764 24.447218567561297
439.2848062212289 361.3550645406261 24.105138534071276
853.1997794828101 240.98783087800868 25.358336485227735
792.3520110079374 85.87290922662945 26.526019109536115
558.1519662934456 65.3187634536899 28.2134362459848
295.249388205868 0.8014069459122641 26.48862057159733
559.6455856421981 219.60431958805725 24.568809805706785
242.85768811159926 242.4355342800506 23.552158767471084
772.0684961808528 93.4212441023373 28.27625508532995
942.3155483587882 12.029364084000793 27.034712693059795
780.1562368135881 380.9715958870924 24.099569796779576
173.50731886586456 159.66996013395723 27.690974299532378
995.4050516271402 290.07954698141305 27.779569440561097
431.4728519737201 284.43732218049234 24.260249174767175
625.4389702860237 47.55000139896492 23.50041498138415
285.78738919098134 112.4842387638727 26.81628047719856
483.5500973206808 316.91242690164444 25.028735704785074
58.46536206772524 208.6474284492508 24.471136474578284
482.91196631317547 164.8564213004497 27.49140295608022
121.2941620136282 188.3416827119932 24.85137270747132
222.30070470121265 262.8076505296939 24.610077004850275
372.4662050027655 248.62047777495553 24.400367035589746
890.2473223209053 223.29614034122423 23.549920228475838
282.07683837591577 297.98747407646584 25.6624111776341
914.4526254557485 73.9869959551391 25.49210961832084
442.0047820337153 145.14166330340927 26.39000067876145
344.47330667499807 86.17951572081904 26.777857480890326
947.768844626394 162.41318740232268 25.375825756118008
968.9510520520422 113.68735227021362 24.465270376555463
542.422965661424 69.02440333007473 26.057150009537274
84.20304629650266 370.49320621435714 28.40616124546907
114.03737336588992 225.07037980657412 27.056355626157092
708.3917443632295 83.37939842741781 28.301341810788557
441.83148340292234 175.58263729682508 27.213100880171027
793.6895525280693 294.5739585231748 25.490319473908954
598.9514738641385 365.2976136613143 28.308314410930834
656.1702353737478 48.773333537825 26.631933057403206
943.9830782619803 32.624835369540236 28.477556499862303
807.2899386079727 161.91102323462238 26.640378845556796
454.6895370828985 303.3785210012723 26.332401094606826
628.8343539253538 212.6892941026524 24.757290293836995
296.67516830937643 302.42640092602085 25.54659176819065
741.5541891492643 92.88136262373934 27.012880218465945
981.5767144411948 89.60124615332563 26.28384884779343
442.2035701605105 163.19829034175814 26.40237342620398
493.23852282307377 53.840090451124745 27.433256458271604
549.5372482541843 46.29998638318429 25.269637400694656
69.76413653240986 259.1433278630483 27.434935288242222
341.5758916092943 399.2673959696222 25.836551183661363
382.3652491085482 163.9072401093239 24.203870355416598
778.0652035397839 190.24594366168031 25.779574446785862
90.93091365157436 311.55857520369074 27.645849972741544
786.8515393263888 197.47140966034274 26.766428955850667
857.9739866170241 39.03569250220937 27.780898890967045
313.5697896302704 86.70239462068166 26.00487468872518
28.211408673189496 338.09614294232756 24.99264516034941
962.6595977972605 332.1608951709395 26.998239567440013
226.0052857110133 144.0135396337631 26.27490751970773
125.7382155211707 347.1276046280809 26.771484044494684
967.1194955706427 272.03474160416306 26.08947002883056
341.5827463689276 397.8050993891812 28.046890533905387
138.98619913066378 172.83074550882424 26.043436450960122
460.6075101458221 196.15160015481052 26.976551438094255
473.5625515070654 376.6683762678183 23.674515133554742
805.3315584713594 106.05593145703321 27.64317464390507
251.89789971681574 128.48408145443693 24.253745576044718
595.8662507373413 348.17141996924227 24.23167571872488
757.1082288557842 12.532813314071767 26.40507282217115
224.22936032170048 341.40761860279423 25.45881635010949
984.3253867820287 299.6435918611866 28.149226014216616
651.008768551503 356.6962154818891 23.98087037342747
858.4867051332832 239.91535379367198 26.52684281049241
9.624835843587643 158.1546850243986 28.33093928124734
474.06407059036184 130.26238445950483 25.4858807850684
43.619787459287515 338.8710536931002 26.76594318745784
409.8822445148921 214.64350402310285 26.146090392496763
986.8586331696984 287.67894633572564 25.82320401321427
976.30308232093 73.91416701862057 23.715623410756162
0.45068951248528055 307.68713997389756 26.53953205066305
794.8877527372424 24.60123145585409 25.24049198873581
988.1670741302235 98.92447637287182 25.110281397467478
600.2002460038063 307.8465388319926 28.447250841380324
68.08083202368631 261.96363557672925 27.247319847009027
782.0663261089339 391.3747185340848 24.295476697543435
835.4147446790251 116.24752660243107 25.91548801353431
381.10966329937213 52.44071894682661 24.51379243760896
822.8405150353627 289.26470435637117 25.315998141825695
921.8843019297433 125.8825751178815 26.54760169594119
871.8047793022735 147.65649476492015 26.568326226039623
261.9172237428306 399.9720492343646 25.616544274071334
953.304990078197 229.49362106302164 27.19233318309992
181.35052012078046 178.79854983285304 24.254975695399093
909.7241455328807 212.7853202491365 26.17933443462357
600.8855639671946 2.268150998541252 26.001444871891202
581.0515939584188 126.983536896332 23.68122845230976
444.01673211879955 166.02810088784054 25.196968191639204
388.6383396362748 183.77153894147432 25.454068622885902
336.1046321835429 300.06520253193105 24.95255183981426
96.50493828739658 166.48306059684796 26.52696826077954
625.0646262094524 176.45307406055224 24.731423611791858
682.4585717689025 363.5386612860769 24.78619805607231
918.0898106503862 397.5657431172904 27.060232244200833
916.5779524636497 43.51261355841105 27.471863038561136
242.02503340859326 283.61200621360695 25.207321371084774
860.0613807778819 324.81037577613387 27.981614067746087
572.2644973478247 393.90442361709506 28.238277474285844
419.44937543084535 362.14578312716293 25.910309584235783
341.2453245093292 84.93662487986464 28.344303111750744
785.6493260929435 19.512452601427952 28.271113862583558
372.00966850525697 378.9315547387593 24.324507170929355
879.2010048640345 283.3480214425393 28.233815820784997
708.5412705535638 381.6184190207352 27.347712256830626
247.39838058150642 242.0461571466833 25.168636286594975
990.6579396126909 383.927108228417 25.803529366541778
509.17096930593596 264.5830893986003 25.033829593081936
289.5398498707634 389.1318547075035 24.02876905084947
823.3464402708103 191.2451897646458 26.22518895814413
857.2552210692701 348.56111823810403 23.738172137217802
727.7621315576135 336.4759007415919 26.494250723292758
711.0402260988527 232.89454729178286 27.044231188042644
432.7339958774068 124.65638447669276 26.81552182457247
766.1084657292436 223.61957216020323 28.38770771628155
484.07711759670093 154.89834949042748 26.564293421434684
729.2896200243541 335.4972315219052 25.558364084260315
979.0168580654246 135.11226139379175 23.775265820114644
784.0825140395249 274.7178902104995 28.226336993672575
923.1351378872839 246.9230915521324 27.854906848873927
334.39215309264625 241.389910320158 28.16227574015526
167.52819779285156 303.3919714947347 24.980668564756336
562.3059066773706 85.42737031824998 28.15450977587986
831.5574340020047 36.66807340431389 26.648247851092897
112.13800323680812 251.8634426312327 24.761642803000413
476.2748282378373 92.09510122129228 26.8312242704109
890.3889729409864 78.94293532279963 26.618500637130495
184.49211963219824 192.13298951966019 25.949743086507038
305.3614224696339 357.6191833733068 24.363585786963746
372.610749735139 244.68088572329222 25.057408335978014
531.4544446600257 385.62373528604263 27.12026944492653
713.1813232988754 176.70687002040856 24.14606300479931
826.5057591005108 358.1720948304188 24.25692353241417
201.53880354174947 239.9537148385177 26.331391273208933
45.22512099622355 179.44139645033766 25.209978697382425
729.956368890063 219.10404426430748 27.559870335175855
251.39454100570825 346.78625455528305 25.98726678666138
723.1487893869692 126.10379109490543 23.808021387322565
444.1087723126602 189.57345740238182 27.507651385852284
483.57990681169304 233.06394964991708 27.013497132333068
571.2776302195789 316.5944118102446 25.77938620150384
47.20835560493741 119.73987909203076 23.96652798525572
133.6660311872685 364.0832168960471 24.59829363146732
72.73647937557459 123.22850887651882 26.428739470677975
196.04158571344655 308.0068259279568 26.654016655008572
702.1813095922732 304.1793599622621 24.96031268624854
664.04179017874 20.829774220570396 24.78641800871647
419.1056098089232 6.18847523507986 25.498751135517217
386.04449015244825 269.46720797858796 26.424735157381658
783.9546342174335 97.58882023395165 28.112861119308157
362.8864121614903 66.4555998605893 25.68124766908864
993.8349943216474 355.7688833693558 23.57055528710174
943.3546870406919 43.06722622624548 25.042779207040017
556.314441044027 85.39657855211513 24.22221681214042
932.9880419891131 397.50182678848006 25.4129872448245
902.3633072196654 149.2013846421871 28.072982775107146
615.2441900976384 213.48380677428415 26.383645594225868
520.7185887250167 122.72663005627153 24.95462994668037
579.2830376435764 18.404757387403016 24.953396091099222
562.4255995464769 145.90950838511515 28.114883683041747
253.60725656448503 373.15676424639145 23.539038897197663
837.170817562093 111.43166942624907 26.819902110034697
180.10618203744878 319.33006286499983 27.53050128264327
558.7069575898946 73.21121261595044 27.26224970158858
333.5450551973346 258.57733462557593 27.99121295530182
61.01035338799399 342.63098471275003 26.026614621064567
436.4884264560969 152.50439520834274 25.487640502295527
324.992480544576 323.32088019288994 23.980421690929564
962.6777927083411 2.01132302522562 26.703978386432254
462.1873813580314 369.4870354656495 26.91484240370116
821.0045773319672 28.907171334276338 24.1411240739237
90.7952118887304 383.611293442056 23.798848309871833
9.815940355229591 19.933864918501065 27.16562237555559
714.1037089300229 236.2827801058646 24.65711763389324
504.1191475346164 327.88845889173086 26.238660213766757
34.32563009798939 27.174182017780566 23.92089840186088
447.4420868349944 23.905503027814046 23.76371601309419
478.35496122899366 338.68985788179407 24.505323989841166
261.173495277875 70.48201435998122 24.512286181623722
807.2998451282273 83.29593547109494 23.760019683326306
437.0264015624921 291.57300703996765 24.56025942323938
369.71916369798674 226.44596542038485 25.041864344178215
657.1029476124743 152.8856264615106 23.554901060763594
539.4658817280174 187.54348054886387 23.73607694308924
89.51726836183116 274.9309220742283 25.5678430942816
962.4934967898963 283.4876484630894 26.667858335999917
568.6679274166582 369.78408491660537 25.828597273485443
91.86077307850337 78.73304093789564 24.611988919336856
205.42078086959702 249.93330459227087 25.003478574776825
894.7898274279958 231.91326318684608 23.92929390880664
335.42814301642153 277.89311759280685 25.035839808584985
707.693403329589 365.1331214096461 25.690824480233417
639.7017869226167 225.99816797746777 27.7164791402948
741.656606764437 4.978474987109438 26.243966751091314
530.8845968341982 358.30596518071076 28.35114226240951
308.3815094922798 224.83065196086162 27.32730802149181
246.3099919658841 335.900076586823 25.050249377475794
160.90315165194502 120.65525117158997 26.14770711502296
514.1591528732696 31.92715256073879 27.12124313717158
499.6534188580372 35.267835022984784 26.435219917080854
635.4550160918981 15.999859631429914 27.80506382853078
867.2594414993819 261.11319874967774 27.32780957454792
560.2769091912182 65.48128659704875 23.595882999355144
888.7585355480053 44.53497662160899 27.99347114652872
223.8246331412227 263.7130865754737 24.71989923024139
261.013208928604 324.81015771040387 26.454741584260198
473.56187593906105 376.28778900009945 24.04914043723843
568.7127806517024 302.0830240693286 25.9686679414148
273.760003000979 123.57238106629853 25.986104154743025
26.523271853518548 166.7073149914619 28.16012447661383
163.8517004618295 202.19568200363875 26.292881259138632
599.138608288993 159.0973491874178 23.580769969709007
801.9734753619734 105.1916824678909 25.74417046446958
724.0161900528983 178.45203949752246 26.43964163136053
709.1826914933688 48.77542494926281 27.06922855181885
5.6414210304441825 128.85275291095678 25.440988977988926
391.7132793298511 275.8936637439755 24.29709698635781
324.8308961867412 384.1998335207889 28.28394518644735
941.2914295749782 159.06829917605586 27.138064962111617
230.79768093341912 364.94758002912675 27.787358962575897
64.3507361687875 97.71467576432076 24.89981128857357
785.7839627907093 39.074833517938416 26.458793434613003
571.7248386642984 71.89660384873461 24.048426839235148
99.7121194889693 70.39293104269318 27.833451648167348
457.18568268706883 292.95467995859013 26.45384346136833
122.58620584195101 16.09675157032826 28.067569524635072
326.5456764951392 142.94126186689363 24.59925288780425
211.73503714951647 393.1113668539398 24.12949845852555
613.8359710615923 124.39277878589965 27.249919805692343
25.24836384227369 153.7296034476136 23.83499179482004
476.56590247273766 298.49656195955043 25.855302740277907
237.31253216866622 193.47720200107887 26.81271889922869
721.897396056796 65.74207923912402 26.058375867279715
860.1722069120736 10.036588968907223 24.950243102148058
537.7355417829959 175.01467452274107 25.288159488238392
885.076572941134 287.1090410116067 24.694945560916107
129.63055187285534 314.87077624463774 25.368258023077384
924.1309558227997 130.75269572695527 24.800909325085033
772.760123708521 168.25605552427447 27.16008521978116
309.1631657960212 171.20298508899592 25.30067473812823
939.2516237115914 366.76937133898036 27.420715194512855
54.60056301340044 387.41550488355097 27.0160308033444
450.21487522767944 374.06461337905245 23.660097180411412
450.3809847001879 235.27328771089188 24.227459465292917
408.9742583206666 315.19716926897524 26.87075681359343
158.9113009429909 178.0222180193486 23.917236249430754
611.3693875869254 348.48991707649884 25.536985408558216
247.23502670446308 37.245267774460935 26.55310187589999
299.27007401725547 291.39430526648937 24.44367742828967
901.4471282209022 306.5094632327782 25.75134163273786
357.6318327337534 248.18166137222897 28.053094857182238
813.9424021904025 193.4233791454637 25.4603923307889
170.88567657124943 75.19863810027006 23.82842960464605
683.6278200764226 168.6802780985119 25.945958783467344
402.9665412429425 32.684875241364566 24.00554319424307
562.4608878980334 185.93558717988353 26.79017725474572
482.9743173510185 28.359904565591833 24.269948524294197
165.6667211512415 71.0309690064793 26.091578037308455
835.8349647260044 18.46738486580857 26.328152342993132
844.1833665798985 133.83324048126673 27.86733305458924
149.27051959830874 301.79696322845314 23.885912439463535
912.1049967016186 295.25860151248963 26.409245504565444
704.1547385495466 370.2141678992751 28.39771823018529
4.333524794121635 104.10365844959406 24.671756024762946
988.5567483529368 157.99656094141582 23.640645722350254
294.8809313462976 295.05792305967594 28.11237710946699
174.46691057212894 298.1264198986755 25.622348155301378
778.2321020689616 256.4310575777487 28.247772961103887
252.74104907876495 26.705766083371564 24.159851501554233
558.200435612227 373.1449392459601 28.314410690581553
622.946931703982 200.6663370239425 27.18744489325427
713.4849892635293 220.61922848285013 24.160411426646828
131.68484075216847 376.52282227369085 27.164584659122273
938.7331253643405 335.2719775445751 25.970912808045476
91.09020776018006 150.39143780219888 26.976520111889837
775.7773032277123 198.16777321709495 27.815761989082922
818.4910786907311 36.944658386107854 25.24135444341528
942.665871159271 154.32780922286668 23.775422954257014
82.84853006545801 366.2258691773893 27.669368430355004
488.3408164974873 159.5716575236106 23.565199694454687
372.2823271304454 244.8822681720178 27.947470790896855
307.9037061241936 201.44398425170093 25.95272805528871
692.6882977814467 48.71874432094722 26.849237970322875
866.2947367672973 376.49207044524775 26.7095248726059
237.56947778296066 216.60825366399487 23.876726647566667
825.2155082590041 312.35703353499747 25.511428040579027
535.4879193829772 175.5430550718844 23.623482979351202
36.94228809615452 383.0246372210485 24.80911918565447
870.1313569428629 260.55407633338484 27.28023410316385
56.380113284483336 256.10407001635906 26.7295653629312
899.3859170806633 362.6917671827277 23.77878588883012
785.7390512226799 302.86922854188344 28.090005042363536
478.8966329298828 148.3275972510598 24.150708947251168
70.39585798556757 259.4576539815416 24.452754449501185
961.6376309286888 92.53055634773362 25.852388517933445
335.03118980060543 309.28362811836223 28.213231846717584
421.6390341903058 50.77465199432134 26.335724984755235
620.5748193689922 314.3337079438011 26.183664808081797
795.2324989166049 93.07019519329262 24.704873485102617
448.79478779684376 2.281542610323939 25.246305929427376
289.36731533267414 22.861459336920564 28.246436407505072
705.8504137290812 256.7345894575827 25.934870565047444
250.47074191678442 23.52434801989549 28.22788656931135
461.49049273664025 92.61353545244884 24.34041596070705
180.11244021769645 185.6079565206345 24.07299132359472
198.88516121970378 254.61736927329133 25.403997900241524
620.892126294454 279.42196717705036 26.71179600174579
52.78005289971222 374.64756415456924 26.37599773320185
97.38353986255322 205.25500268238397 24.10633845648335
181.5730987703632 178.40565651957735 28.21076266100213
296.895676702935 276.2462893039956 28.133632798601713
532.2346142814599 150.34398270458155 25.691719290949848
811.8855802852855 209.3019044468892 26.79835466456349
805.2889394913883 351.6912885472162 26.70990634644145
149.23370612400987 203.77587681935472
216.38074699108904 23.718788916587563
34.09786853558909 356.6606723545501
358.8646166838331 306.0033381101105
5.455672574230919 355.4977500581177
191.0004448157656 380.9761345519199
162.72536061936984 364.0060478991228
235.2452496789129 241.4573223278931
223.29988953928628 303.8624568342023
396.2568334862759 388.36845606787847
206.60033461467177 32.22771619727634
42.32678087405897 24.609137485858756
90.24739947690428 213.73217948634098
22.487322602208828 219.8889162024135
262.04474078451045 31.025498428209495
256.46254979071153 305.65748236882786
184.04609917972192 98.69740202630766
308.46242135028444 211.22946250165046
340.05633821825904 128.57973474610876
392.14634922351644 266.6530310523731
255.49466290761035 240.14316937908603
152.9110560625126 374.8248017163352
358.6262510012183 317.90514993991167
334.9855813665033 394.80662325356013
94.74692104783244 288.468606469783
64.64460395513747 280.2528792845903
209.98329791020828 23.014257915589287
367.17914432081534 381.3101629341159
288.9492800079928 366.7723329674022
284.09194302356275 145.3043004080656
260.57761652009106 155.2028163863663
368.3129040274396 40.982674329093705
279.0236215252443 397.3161487252715
209.05823679107996 83.0331784023985
341.61601468928154 89.76989829059376
374.284839258584 48.05404951072525
23.408246235084906 371.0795452619678
357.5197866691499 150.1019451767312
187.96156136845806 133.48501085642255
377.17275941463504 183.39904096865774
76.56928478204858 380.7175583934484
200.267554398002 341.7325946220391
383.20997785051844 153.1147543271862
148.8567513056817 88.53393496860234
190.09512641446267 137.23443093349803
96.21180951482371 178.57686098046352
168.75524305832724 335.32161517941483
371.20912055409013 21.688336981070044
244.18637477230956 190.68557971157375
63.16038808924724 30.81788940213719
174.65701273131907 148.2472636578663
55.664141749423734 11.26480594567747
217.35381226502466 375.2204043705
216.8830981396757 24.81579645356735
230.12223928541547 75.09297132112285
134.98023696081196 301.99852130342293
2.13684400524925 298.7784113314692
211.27477287131828 77.6097165270849
111.4135713456922 390.00958100701587
10.006995085727866 89.12978214729223
374.6549652802464 397.7511456853171
312.4294386041342 304.5887468165842
384.99702403438425 146.60952868236933
334.2696367391155 35.90160885032918
125.80475034908956 176.9224610219402
39.43813131410954 345.64440171022454
203.74140066600117 49.41347773631213
219.1832924583442 169.6950885692223
61.91480819966779 354.9996110161282
4.7228077944417635 255.11696244322678
213.98194203097822 178.54396683398446
342.709707868627 52.114886974386195
282.67131928267435 136.04761827587365
286.71894794493284 100.84827623702407
31.26080014869479 37.97870043523082
344.26880616925797 218.3374811778545
44.12648858803054 127.13953838188053
367.71923757175216 317.65355468067327
242.55667260036873 97.67582647069229
188.7176828422865 381.0345749529819
14.602579744858168 322.5349762766716
169.69090138378172 160.5245139842968
192.81631055171582 99.88386902290931
82.20939439864053 394.1841945928598
31.30392213486668 274.6994580308547
220.87921563861914 102.8765648127707
113.60019187240043 299.94864560368666
22.74422037144688 72.08201888864178
365.44943351074573 272.4771194530763
286.0095525674971 125.1523853887309
251.65498603543014 311.9298398555643
168.22575739132793 58.86537302934296
203.73814249662817 46.72918642123531
292.9006499449687 339.0944872254509
155.2252839976881 329.33957416980644
104.83440832436473 43.86241308221916
353.9602564424473 23.75084251193753
288.3014728337781 92.99914592168106
175.91707371337563 391.3155964243405
398.5307594179572 318.0790351634169
82.56615470112516 246.778830655777
255.76420887892226 203.26438088480913
143.92547322457793 264.54150580032893
312.5013220085365 367.13595549173164
92.00601075272301 185.9024469803008
328.3659161731661 257.54429979001907
274.4392466842094 211.22659909824947
73.35918240030814 295.96849245493166
145.6522831735768 356.6903003903349
29.091284601747923 234.82241713600246
263.03452286835204 213.45771780868543
168.9120275282847 180.60155350589838
348.1178354989617 367.8454573045082
71.68901478737561 187.7164444990661
227.87033988090624 124.23572206218383
260.3100274299088 142.31229543316311
388.7819994831125 118.20131231509707
354.8143798513784 232.32695621016543
56.49839090408517 115.50899257500814
391.38614644665375 39.493017447503306
356.33713616912127 163.37088465629859
282.2703757644515 390.94258004855095
215.09955595465277 93.51656585351935
78.00130159502699 172.52668708383715
32.16828643413692 172.36186634689372
42.160016562161 332.9140958149327
377.9597047680285 51.75324714959855
160.20689532487808 96.98774478681504
70.37820018171841 94.46999970288661
377.76229046724023 359.00993342554085
334.9972097387798 231.86939285657945
0.03728713581669929 340.48052459446853
172.2704997595394 356.7632918802474
82.9441752415351 274.56573651205
135.1547643082188 62.817668095085864
307.74459119872824 318.42792784761934
263.1032637940641 312.46955771661027
154.9213808014742 96.74023580946934
123.4679189055326 148.55945627708053
379.2883555124947 244.12274396382173
378.92567675179953 260.57972998671283
37.18015483504513 241.19017878323686
29.622944734326005 74.64330686379097
227.89269153707465 128.35422242098588
271.3101406873359 56.97957437180814
285.3727509088095 133.4766044811039
365.81635704473626 103.96792823258187
192.48321611795606 263.9222810487584
237.7924319029043 237.42214394970637
88.9990169924617 290.5151713180282
291.72875884694406 132.0422757812114
305.81637762336646 90.3519577530409
385.8323198412885 72.65357772312329
181.68664130458575 217.38281187850097
204.42545293530063 172.05522728338104
205.11372778481433 34.12053547520584
38.10725775891024 276.0047836290183
172.88249850595398 164.79345522708076
210.9962596614757 340.0673032368164
68.01351744725244 219.70983128233252
286.951523757906 183.7613393454631
233.76763612425552 92.55509379179215
141.74714031769057 10.63695103987854
356.65218666013106 46.79626714465477
5.7534008623882915 128.62426756778248
370.20841278193814 84.32086676581973
61.75604270681552 313.1939252437498
252.68824950515537 328.89104938376954
125.12286114444575 226.57415318095923
215.55625360524635 158.94651755842705
338.6055359778414 239.4722141708518
366.0810755466738 188.74309520942293
281.64222039555153 97.45102952216129
376.10854928730026 323.76688233936875
24.104707927916593 332.3150600477007
200.43700571563255 205.81710783422994
47.01237438031498 139.56259950804832
62.04316120306608 215.10374634610025
7.812733897150714 26.16453784401873
157.73539690022477 211.15940580158954
245.40699078104709 278.6333112079138
236.6390977920817 171.31769817596324
300.17684973758185 9.548183341895022
365.2470360344005 224.9638990754535
366.84718144333874 211.40674336872772
16.595797784698085 83.71638727799264
103.09695022787615 279.87523993494204
307.4574255701664 332.1507966655869
184.40928831132766 64.21373404640147
156.2635586656096 70.63177612350442
225.72951859306775 260.85492825450655
145.80746755157747 191.27045919860302
183.0780424221834 86.81896116907942
348.5975727725246 319.97878928987706
303.3432843346093 252.8493051426492
309.0640094333298 172.04502591189416
308.05783961708005 101.85822639261288
375.6481362458392 345.60794199599025
177.03918091959022 386.4732203770793
37.13280568394577 216.8601430540068
240.3544608835264 330.17914213332375
41.39948428646893 2.7643711853583053
92.14696179137465 149.75376183405783
61.12634341530181 221.519455951137
107.43984091540825 112.39757148587776
119.76968978771478 307.9659023593712
73.11121016328799 59.16189717001412
302.49901753314714 230.57427815002902
236.81229923234847 346.98245832649735
250.58431423666553 208.6124351857641
132.678996749477 344.82856263697477
374.0622616026719 42.54096578650275
260.26482850404113 365.18140625003144
216.33607807777514 347.6393734719281
273.2018523492301 20.257880290460317
365.691997734253 320.3184254910544
376.6738514409348 63.099628739949765
332.5432662562068 168.52746895491907
137.86447335165622 206.84997176190052
297.54102062413057 202.11843597259923
81.12102003529431 211.24470968605033
384.5191450742802 5.981598861751669
269.6527048874871 83.54575481123318
323.5686820353779 108.22102979763497
168.16046553378453 361.8496625384973
243.36513886116663 307.59099868367923
235.87324651699092 331.90642030961993
268.20058324111517 138.8676661698426
317.0441533918762 274.2868255606404
194.00006941126028 231.7834432959578
176.037681805176 246.939907322601
378.9305254862737 158.60458725878317
266.7176294016942 78.88510233086028
308.0379950948807 367.3858591237753
30.923166404678113 383.986927912244
77.67741108869993 162.38881768157282
288.3988559470936 99.46295680590333
294.32728936297707 20.103929031185032
10.622486266104092 311.9791722529938
393.70955087192897 18.769405322219512
363.5525527275691 154.8898062064023
159.9632660716079 11.23304448373914
359.3957758927413 343.38193871585713
260.9487516655693 185.456348191343
375.0724875850431 259.98817633356214
114.58694664438313 33.91334249536251
175.1365814373152 211.1339595865442
162.4669048062963 292.58972504469045
119.4843135693048 346.08918211143646
250.7824940555953 112.2410179973905
341.26458537979545 162.89671177568601
304.98739275098404 189.02147744340118
47.98144257962842 321.5538976393352
233.3857506999175 208.5487713298319
128.8576746036997 42.92586099722651
206.20387082220014 146.92245336163353
144.10638184510685 292.5729371499763
130.51643195348652 124.1675129474395
326.8357371552377 31.87722116030689
277.72898259640425 220.02710340009375
45.890074245175285 64.55693334744454
19.146421432944294 338.9821760999527
258.00868770857795 14.859814865866872
86.48540800276612 50.82835328434507
20.261784961918927 344.43034478916303
98.01673465841785 135.09385792675883
138.80127689481716 248.0485031800127
77.35181158364091 122.03524934246212
97.54197711797627 164.14097778248436
340.71558222584935 249.90096985209956
340.4672053795605 94.16869010910705
39.87619429274601 347.60570096534747
373.83068014861175 345.69799122634987
21.73009621442428 203.9117995152359
9.604862408346015 97.16556100793454
101.86908813209033 398.66701509194127
389.10387998850484 128.0505761535283
348.28417179613564 148.60106677403397
5.7874868664196555 366.3704527330963
132.68915362811336 259.63653182147743
388.8304378020616 176.12003370039906
330.77493114881844 379.6228253524373
14.119954343036234 340.4767283462529
339.0336939538907 9.855017451999748
176.92196202966747 92.29767273767374
124.62035402689273 160.69245062259677
190.5349077805229 301.63778100146
336.0464877455548 326.0452641182065
167.82825074727938 250.7209677669581
176.3305135458078 3.4499488630657105
197.6405871901249 309.9995666433044
76.55554680698677 100.90831688948856
145.59071421061623 274.64060395257286
206.6149466332644 48.61727185941973
188.93295382534782 328.9802037233515
121.25324545441205 73.16995929539867
137.66626047089358 177.19083499237445
163.33866624854912 93.7620599433389
399.1845566820155 211.6092034743848
32.63131146589795 264.38987515918245
311.33427745078023 285.87559890282716
177.1393001195744 112.9803572655978
98.82267413088135 318.23869907670945
175.4832833396948 317.845977635694
100.49907813846559 171.08302901855717
252.5178839605836 213.81071941876763
370.1091696113148 35.93927003855737
306.7867181903944 334.8064872471015
70.70032009899253 98.94076057815582
127.21573729570257 276.692325750418
62.934656776778695 369.89285827484986
37.77788909729796 303.5021574255035
130.14398351769952 228.824530125548
232.69003031756733 22.279489660532768
388.0394219613146 77.09522021451272
351.0313367002375 316.11122041516705
194.5663504295843 75.83262009053672
388.5004430841186 351.9251464413718
105.47353544497979 112.68049188687002
255.3567605375032 269.06953250977756
313.7434411994463 58.538642797607565
163.4194688583819 106.6457506965134
166.10878714208445 59.18026065336228
361.3258682408608 242.01837524835378
167.45856250311047 252.33509407708277
136.0788731629146 89.88017183800542
364.0148990517963 309.02978311999385
60.24155185325335 50.70251373474153
338.7402351199573 368.68026907537165
187.96473816421835 299.35498691580466
257.51238485429434 270.63370415373504
289.3619467992959 169.13090015899564
272.18322433240337 280.5610032209625
261.57369038553344 13.36873841680788
316.7148219164229 168.30388971619402
366.1919126473937 316.31259090301097
325.1650455506865 114.48366703012924
316.54272050168595 76.80764867485324
155.37272429586082 106.38183870637663
274.65437496453603 102.88035173544601
219.7704861644322 229.306089305487
316.5651544713874 32.20524229993691
4.831808829848061 167.85809281075447
285.95402865957686 232.91448669574524
303.23659670562654 302.2226913799902
379.9052711873914 41.15845469476067
87.91792932421868 217.80132114894707
296.94597026604055 56.27932046882091
124.73074894888425 42.21550993973895
126.32401563131425 41.41265720522811
250.56128317415144 181.90939440511067
168.82165525213532 166.78490859321866
136.27417529061893 151.28353710956839
353.22840106118815 284.92816803230846
308.9724425939859 70.49507456939223
48.924798472961584 41.486402324095906
25.62349464580338 253.76283181736778
273.8569627918193 302.2406407088677
70.18253762591624 318.2187094853457
158.50962875375853 16.433681236856444
88.92279715623697 214.05001887573468
50.313943522753625 238.42797377469114
83.76027721536215 309.8806149520826
29.253999490117888 194.18359992649954
150.93865883855653 163.0415552911069
54.26451018904621 205.99610067074198
282.51821598909885 262.58541734799667
71.33993612724758 178.38747082922404
240.6907627740361 253.60132957502714
388.10370315126266 199.9962647428624
170.02071758559865 134.59099482135048
55.91404193794247 30.766281513189497
130.29044730446432 65.36909575720644
299.4114147196758 20.68623672362446
312.7062933748009 131.15453737384
394.74024461368134 145.7859853429126
144.79978929080298 79.22223336923521
21.506112730247608 349.047951432551
194.43656178073715 277.68812248361405
199.85751668499682 238.3456350653343
150.92371277215312 141.703302316052
72.90957934526938 220.47411941107868
391.2845577081763 230.53637129734707
206.0549062541565 139.79061775576568
132.3475731294237 339.72592264704014
348.53538973694714 241.93628129178552
324.3747952390265 195.68868634597143
338.97644847142624 397.5636027194395
259.53278159703535 205.87146900548584
235.4134634116818 197.9467801519855
148.5875478589885 325.738573228791
211.66851775537134 373.8056962252211
61.78291128635705 274.5891604322172
285.763236999629 190.6271822360891
234.93989541157615 65.40250251709713
132.38202727569245 38.22030439861513
9.392816781653801 109.61182370566918
80.22800882424197 159.19572560496076
204.4560586644128 215.91084710456508
306.4419790746414 150.51214152620688
113.69328893851383 222.9001165302165
214.08292957057648 324.186049935074
371.3394663767903 188.58341384042797
14.99694717921396 27.714007288197173
252.80365475601167 205.42751557711196
39.22903737521608 1.7100463059001036
153.25909661502445 217.90201824597176
253.46095833714676 191.71366586304276
230.9049780630255 290.1185964096662
94.78604113448026 333.077053376241
106.56253422436208 4.392653932903157
212.46016497428403 92.29353088712924
78.84616062137346 67.25317553767512
259.09614604564456 175.08199142866565
344.22836667024404 157.62970850436534
84.09699852375869 0.9954564309349934
3.8956440896701583 172.64876712692666
355.95156855342316 96.27499744900443
194.37023200769266 109.67475669552913
376.3441768629293 271.12323962694995
296.4510571540518 68.93385606345008
47.858150945500235 324.52497688635896
57.10522761836301 269.2624212775522
18.38103049109776 59.19537650961768
1.5194278034008857 340.22445479950136
149.1476125007673 191.1895965175613
117.59900837518767 287.0458712248539
39.684834108335345 103.16043530375407
62.78031995638007 20.51657383093408
391.7509636631109 317.20421452781216
273.1001785660262 202.21421819161569
105.68938471102398 252.68767514844578
347.0445591213894 376.1068735573894
376.4455158362791 86.40230501398536
131.77639862344842 140.79471756369765
92.82359929117487 146.84533111729436
56.92095100024037 262.3542972481918
142.38804009476112 251.3797567932718
41.1648258932233 335.95179969353427
185.74235239350622 334.4791249766679
339.5034401597078 275.0948843200433
87.74655210969229 217.21565438759774
204.04920618051509 140.59590612954142
279.5623415185027 32.603461285844304
398.89138984335057 217.02247722266742
74.24324380216456 48.362031335082904
239.57635749587956 2.614171348759431
369.91520360567165 218.11777589351036
120.3552601745252 99.34774465591344
48.42104200318617 144.01502190480832
47.424246511005165 73.03586221938568
113.63061992126933 48.16066034727222
313.96035092182206 199.0480049365903
212.4462937710452 27.279969911499347
132.83450941488445 17.44475577283877
242.86173093237707 304.41410112065546
185.46107383247846 192.02037058620425
77.26006758601783 193.44300117266494
50.32155509548364 300.95116783644664
215.46548226254316 56.6704839963414
142.27814354340117 282.4507486218176
230.89065053944634 262.6615199571342
123.87104571318366 117.03601278196025
184.45030973760473 40.97471741127849
142.3713994346284 148.71109543168126
354.7395906662118 382.3861747105512
101.44010418754843 30.57945494914236
269.3037339529581 347.65413404311175
293.8205312058056 26.097559065521825
320.6539569248265 124.82673850560761
101.5717366997741 305.38660054497313
212.0123707185551 114.5485393447307
112.9263579556286 346.7219048409036
101.597139152081 24.774458443270042
109.93606709165032 386.5227935579553
200.5867340977989 220.75294411685724
148.6450974576023 56.86875874788373
328.7308932790251 203.0933462748727
383.61081463897506 307.77096746829244
142.90350230938947 76.18552565917516
181.16819494579664 232.1311986638293
227.72093923405671 221.19290784691992
20.913495851196238 94.52355370854595
373.6776500303826 102.29327412365343
302.460073598143 110.63714143388164
167.07867078851763 11.794810460558525
254.59795164846 132.4214970032085
77.3769415358108 399.2078239070804
86.56645649722306 364.6790588091683
151.35159769495635 231.3060244905837
326.2275583783163 372.05279211506485
209.89129848172237 194.6639892913383
357.5056908014341 131.05950904126638
91.97484393510913 79.1108817315266
299.5377568058167 340.0231427907248
201.7696231937216 369.99348330681
162.55553019138907 20.464990302928587
188.596277724276 329.0945957563836
70.6002784008812 26.711142532039077
225.83638563184317 258.5063598890724
