1000 400 500
30 80 0.1 0.05 40 200 0.1 0.05
146.87005970346544 226.18062955566506 26.671097608570406
546.7767690429024 332.60170603689994 26.262757038557766
280.0017970165393 11.572631482178997 25.00480968182141
381.1454059256124 113.25530565163122 25.26131241540122
382.62180400589483 162.4421830527412 24.650878799938216
819.2914085391644 375.38535352053384 24.535622174314028
291.14912411102137 184.20834049222586 27.515158060711165
201.8443041754686 257.3826683419375 26.500452444453103
695.7027571214309 308.82019424397487 24.587017230907293
665.7774958041944 123.62574418356162 27.169478690440034
280.1660439846462 157.2605597787879 27.595837602740087
97.37427471139348 348.8015716068136 24.830385721453062
263.60441404103517 232.31002382396747 24.80930914385623
634.3926433269065 235.9240780072172 24.863004767399154
399.07805043751875 181.78810440972174 26.9434153667562
166.44772390419448 321.49386224352486 23.54751968629262
397.5617521657814 13.438196993619389 25.80127308710768
283.7472058272792 112.7180443515047 24.717862304178567
57.17243052053789 355.42376474075803 28.42791916637165
694.7086512760593 140.22970772762702 26.34000432804811
80.4694173870012 389.8822452397139 26.097622628543533
347.85007214175414 253.51638675382117 24.67752535364284
128.86536220155043 133.7196920701644 24.3481280938262
37.24826348256827 287.23884601540794 23.58608398897577
301.17408168578805 237.14986858060323 23.973082137985557
687.749044479893 30.49891656771888 25.639586156185175
125.41062604844765 96.46598299519691 28.482282553649178
459.30866469086294 77.35053123117468 24.516159409626866
745.9035254482155 357.00852827145565 26.06375290914188
292.0421776156102 358.645504496323 24.190605939075244
182.71380213621947 82.83748155459674 24.728248919583415
156.82382103498594 79.61731545841727 26.617800842389972
982.7883280187274 102.55930626914815 26.703835108133966
562.0694959214937 235.13576503580467 25.42136465441648
902.0873520903989 161.17689798493453 24.565653937282892
386.454715047553 59.76594466538687 27.593618701931856
319.3771731209788 214.5523441507184 24.245862574326402
809.9773629070999 200.83932940352122 27.882904547788485
234.10110974420328 338.6754068296634 27.35472827438223
561.5333367579113 181.64674642290595 27.706311503598805
25.74219830243929 176.74410723952784 27.961712881923344
308.9800288491519 44.294551185326725 26.44005174156129
717.7538181535454 243.16522132061377 26.612574917263863
315.83867637117027 317.1810319617866 26.463375490145935
597.2162861865667 218.79986043845923 26.294499768938767
365.0266580693203 123.65175405985892 23.569136391410982
478.01110292170324 23.691494383819077 26.87730687725332
901.3842237688867 213.1340524155977 27.305874128009933
180.99923320716704 3.447971490289836 24.24806386412616
727.7140856624726 324.63528339087776 25.53042414892065
444.3261653288565 18.48417529561037 24.58397282000233
869.4062453373436 349.36949908535513 27.271329535305334
209.81506881057578 30.295617453973158 24.561124962269602
225.66854992903495 302.6566036173261 26.823309430020856
281.0791443563031 128.40365425183126 27.533417860182062
785.4980121654655 397.06916258800527 25.50021255535892
673.4985689529623 271.9187988716311 24.017259964065296
797.7532294834331 74.78893228907233 24.403609861839506
517.9420824395354 310.88685688959185 26.03620145014883
750.3443480188392 46.72995394967585 24.94867085518558
315.8335580635081 328.5424706628251 27.789726647787994
96.33969217118899 32.39193053619167 27.307340290716937
333.99597896363474 373.8739978821905 24.65842159247232
736.7679713698532 24.57834334520208 25.757051217328584
369.1615162914546 45.82986600145236 26.11175007290292
562.5160436748849 37.75328536062803 27.58413417972122
383.99768717483454 301.14892931385634 26.684772808499236
211.80720768701423 152.37046811146993 26.40443267512484
233.2240537307493 286.0032722715672 23.79824284159115
315.48549446649923 48.19182865937841 24.79602032848854
958.5136045274894 79.97935018281024 23.946388363491895
189.30224114175087 329.37440881089594 25.053804354226813
767.3983811293696 375.72139016390344 24.224030890888493
359.54365044767064 78.64526189527372 23.78354847071345
641.7084554458465 28.896315139356375 27.536997104261605
753.9751572562857 126.65895961618668 28.360684278718328
596.9296115333891 74.8418442531543 25.286509512304946
491.90402696103286 68.84355670417905 23.941301036605267
471.3970202472395 137.90538019147348 25.160649912175224
212.24651200666867 82.64168809107018 28.479889311394306
33.95987906846298 118.40024773611226 25.64725244681363
893.2755400576501 363.74714538223174 27.878613445303056
415.5375537914595 335.37514334545307 28.417749079141366
358.0394790222997 375.17695573781907 26.060831824734706
883.0988644902297 79.84067134733337 25.157453517513616
700.4772017126215 246.00733359168663 28.068866542258252
757.6653737961781 85.30181803084935 28.243337159500875
893.5796588223329 319.29287967098 27.671131543971516
538.9761438561598 286.7350737766386 23.826177160664166
896.5094803250379 76.7842931870316 26.912003576277726
730.8358870622732 95.6016690337893 23.962582777147297
815.7074074359736 301.01410511136896 25.331495215232064
389.6605766092689 190.93286924015223 23.988248236469932
608.3828983610265 106.33628277325293 23.549962431926975
455.46653785915714 382.5364061119538 26.0231242009969
567.476450186841 306.5356400261443 23.681731286960712
615.0278235825956 153.28443581553918 25.470212809202206
376.63929483489835 308.3717477748475 24.78350303642862
921.0370895507959 288.32952841392034 24.402409238549023
962.8209128402257 142.34102482322396 26.728430981122486
13.101932868680667 248.78591309127577 23.538152268131903
152.8817795498637 272.2341353336234 27.541450393089598
404.9286889071956 88.4848883331049 23.9703962507677
318.8307597629303 165.68610532746052 26.14925977998288
500.09246578402934 31.195496234216424 24.24023612205304
692.7642422982927 254.56737192599462 26.549660191233656
343.75161533352696 152.27187793185254 24.713958767600694
875.6828580191809 256.1980277915715 26.746969381921375
411.2940367308088 16.874630949307345 26.429748452954712
641.7725751459107 347.1881004847207 28.137055718829615
263.33274781408335 234.29465245569205 23.69906043925543
448.5333500679499 58.16707709202835 26.85815347629632
680.2101413959382 155.81071024355836 24.270926958247824
959.7635693660891 360.46883981657703 24.499871204160392
933.1034167635645 377.0159738632242 26.96024579148744
338.68459997208265 9.437074603300788 27.32743341350357
392.2087011055807 353.48091444124805 28.390302507149798
397.6095733232278 51.614414882062086 27.222778316796745
438.949202918589 93.55955292122755 28.164218683598712
833.0975430451942 346.6282584144387 27.057176323397854
96.71217181743586 390.41997086830906 28.040331094648472
525.4303642557019 144.79211535061899 24.4268597545751
365.6530018008953 377.0675475271844 26.895254272071806
141.82851700299082 137.75464117089894 26.13601078907597
618.3699220504691 157.05775558442065 25.68995998070295
316.7760752059715 395.1541134882332 27.57943400830456
745.8834210064575 47.34332961543988 27.754921421042898
362.2270491318614 42.12600638944366 24.136318060485873
932.856514149557 379.59581649151824 24.348371538952765
516.7581121194179 141.36890160851564 26.75952323963247
867.2507987032608 397.46261290897263 27.157063811312263
16.739317471658577 133.75280167230693 26.351545581360227
966.8841434751536 158.39495779886286 26.66350123764532
964.5075734890735 171.35649467238358 27.025297243310565
432.27298916754717 42.48912898225146 27.731219971401426
887.9192765898764 148.30024664097232 24.518596347679022
944.7136316161435 273.5491511100297 28.416025690900966
701.4738187442532 293.5004692807189 28.476113093431948
938.1643728955953 99.38418403677906 25.623633704125826
269.75787106698937 324.9662628407263 25.938719138332047
134.89269468742816 333.0242104347858 27.45237059941884
76.95827016963241 360.68774776436214 23.641811532773396
484.1806491099072 341.65273074803156 23.704737548368385
368.6980575387166 213.4858516556313 25.87223346623742
551.146605395551 246.94288721883177 27.366887705588415
160.91158779973767 37.10549994333694 27.965718216457752
523.8232829799016 174.22130346253982 23.755465042313997
420.71133699207996 2.792580522000465 27.63808908392617
330.29051649908524 207.3007944268332 28.35370214379774
591.4050588866436 327.8023260210494 27.37533809083353
357.52710449362604 163.49684658805094 28.11197664842888
142.56958184305634 101.6962033414623 27.998674994898344
147.7292776190098 335.6012386368281 25.60283558042663
520.3201084416402 208.59931926200912 26.256020601451716
408.525411276202 34.508005223626625 25.999358607611747
405.9532330647029 263.26330946772225 27.153454563190337
137.55465458587278 231.59965905368466 28.413056996356055
575.6821325164938 199.01447063862804 24.55791059018707
540.4068083808354 311.48408505483377 26.879582501891157
512.295199622885 293.41623256939965 28.001919376181018
359.4461296097956 214.55187947675603 25.83552019624197
732.698169456026 213.44212915864506 24.275291589942455
859.4485037023653 330.1796464176415 27.577488173191078
154.26737658442678 320.5934037084274 28.267017698137224
898.5263601487718 94.06319403915128 27.14759404814918
677.9405724898456 305.90745982765225 28.139964995729887
598.1311380245688 389.7060236061377 26.730780426545866
76.57475687904648 127.14258161239246 26.594627305141447
197.01755845917046 240.8387114729726 27.78539631834212
662.2515151906316 391.2936289285499 27.066597733821396
798.310538316611 338.5841264591458 24.236006541896955
594.2293037173253 154.44646052271636 24.862807960914548
197.9906416491395 348.3382671000692 23.536391209026537
967.8262220383723 281.01803924860474 27.678013385670067
603.3419672353123 104.18594926970401 24.832206209682816
490.73456458610974 292.608298468693 23.64647951915579
331.69444227776626 384.5425601779637 27.81001379386775
963.5653308213018 13.71160155997071 27.12218458443037
28.022843595005842 376.6854847749478 23.777405393410255
401.6188821826352 51.85328925943722 26.088840734393905
293.8968021911621 228.74003893177002 23.66463574022921
290.1699390666439 91.5335392794617 24.370230613427317
103.54022981246258 248.0926879208833 23.730348960845415
590.5132857659071 386.62965235986303 27.330252405501007
953.3658285817264 171.44746773548962 23.97328734938489
2.5855008371171717 250.33199531450109 25.256007644321645
291.67966772414144 283.897381105616 25.4508454117989
45.47808907076423 104.72131160203726 27.138477027568786
582.0639329840318 226.2800154678424 24.65840386768056
502.2835532093688 196.93922183968772 27.682921415665614
28.37237252081937 269.30309861143843 25.776823512143558
62.53975893726338 42.51247640976676 27.471079073988623
926.823107161053 60.78991168192091 27.317464975921776
815.5029804460252 339.467859263425 23.682379139431227
191.2277847051812 323.98394618961134 24.52467594025947
941.4074674113334 23.87221790780396 24.38145334343533
435.21500921600153 98.99587622705148 23.796747064783677
215.9557792314827 116.5532698549828 26.36083857066418
189.01917934061908 218.75070358957979 27.491692888839303
95.09667575460445 243.95558209161968 24.954365497684936
211.02483716560272 381.52857278019223 26.349511927048265
351.634490839827 99.06479694888822 27.218699064515356
243.16018872675116 154.46555170118873 25.615364844088546
770.6950470561376 130.5455560843396 24.82505056664431
6.1832980024104645 290.0205415643646 27.937803753270465
915.2415230900004 392.88703063254525 27.86431974962598
272.030230549686 177.9979142204767 25.56405900736025
692.7632744141985 334.3887795993478 25.297830002272814
756.2058952299852 50.572109487915725 28.003630503466127
496.39379606394493 13.950347528926299 24.780239643878794
598.5774253499617 11.966930594046854 24.597054215154508
273.87174268461155 86.30551372321787 26.135872023437877
835.1349706089935 26.828020619181903 24.645656604883953
571.1381995157699 236.7679113300099 26.526211243690177
479.9479046715017 364.469427755428 27.439139180475664
588.531555236586 332.68293250126874 25.74313514829487
343.6742575560356 196.40243987455986 24.591633879054072
620.4468096837282 235.31477082060638 24.58495139947442
204.9602309834263 361.94516393932486 25.16596338121991
77.28644080197766 22.288644458972495 24.70269634015696
350.65150195269933 275.09346999516475 27.654652516058
124.24329464616778 40.16246328202078 26.971549077721228
221.06479034479764 12.784258139168037 25.691049157240577
936.9891725533713 266.16961361490456 26.472581143649958
83.1400438990133 311.5309856090016 27.502892018420432
651.1447964433006 328.3608691177296 27.73626067620794
436.99749857813754 361.23511740176707 27.383856008225266
361.2952430230796 28.729808214062658 25.47087745075423
604.5156229214574 220.60509735196078 25.557905177605612
456.4865019942334 42.63722920129962 25.59296409176619
500.65805107002194 30.623847653505898 26.63051001667256
222.16296541454795 331.9077815202401 27.806327558155637
532.4194732745265 257.2255189032752 24.665570213334327
912.3288947569669 104.06014040318472 26.10182573619311
473.81308455787683 381.8496974112754 26.774791753055926
428.6579061487238 65.7039719898374 23.528757342345514
830.044848099375 52.66521775369664 23.85669757235044
723.0302406021862 137.394708224002 24.12478235806979
916.0446322400276 127.57388053908079 24.846698636938044
63.61704865433282 197.13507147232866 26.48561579305698
654.3586201026528 343.94492696290837 25.030876686213475
228.60020287744032 370.9529643777419 26.65622138354983
949.9353184528258 344.4725012329733 23.79937959017899
481.7357451618581 56.0214001443478 23.67656288340625
663.8158899533904 122.41814761848518 26.75750562656424
165.43256166765775 302.82202771738446 25.60878628519295
407.8010098725254 15.377182808556045 26.632459096265716
854.3988382358133 249.84117079450448 25.397456357832432
75.81967276032387 210.91951992850872 24.592040272327218
40.14876633961495 142.93020831257581 25.705521354906125
657.3529612200516 110.08038894531036 24.780752859890047
167.0844345311797 21.213526169393624 25.458253254968426
120.62412362888875 249.54233650101685 26.35335904429322
777.1657980051677 45.48988841606318 24.294609155481734
169.49121398945687 378.03528468955056 26.492095360663345
414.42717828154207 110.40069071893903 27.346254636522843
363.57430758695773 128.31437269269378 24.699734591639984
524.2355381607931 138.93373062988923 27.661745047182137
326.0012576517007 278.1333816560935 26.60648386936182
696.035683376859 221.54725246460623 27.38678884513686
661.5214208608953 250.74419207460141 28.07625939559618
442.58511909336494 140.53908272236018 27.267727888638923
368.2469676218598 210.19607461411317 27.18096317344901
92.91595116096529 215.20320443136026 24.72783915868156
281.94721559053494 45.413097099144025 24.68567042975895
969.4207611548014 110.51345234098963 24.285140015738396
760.022030020247 239.7694944322434 23.78065768445258
599.8613763481643 161.0050446267599 25.343288388050567
944.7767034128606 63.49130550864861 27.55737472877976
420.44039822463 55.39231068932629 26.848025622805118
578.5436073301587 22.265136094201132 24.97607967628082
3.427062370336409 383.21777089947153 28.211365349366513
247.0542384369131 208.25974054389778 27.056071807588502
898.6329257972897 33.17819708459133 26.56226647919041
857.1413018994347 34.44189337200307 27.65032253368446
428.113954601998 218.1683372742318 26.380544499802923
99.60222907585081 338.4222733277496 25.28172828170936
293.0254129465292 142.7286322649562 24.051892221409965
81.51545485509892 110.67817553834143 28.12697050208846
325.14682977651245 176.42959934072942 23.78456022613534
442.47812861782944 70.19605549382226 24.76675645332695
687.1714922293269 97.47815168886183 27.6378550032015
288.5085557724588 258.4360180779493 23.880537617189535
948.7369342059324 163.94173415385978 25.41136584530962
612.4899978930621 73.87089745415483 26.674100599533897
752.0578374657773 188.65815812666304 24.660830311139872
432.15464106538093 391.7721234082397 27.685971342221542
853.9789462539677 365.08619477064207 23.767778521520096
311.2263233251624 318.73188064586384 26.34153991895122
671.7377459034263 135.75616290114652 26.468404083843712
866.3409122003445 373.70399637465846 25.502234438182235
658.538926572825 127.05558213499506 23.512214710280652
166.00168652323987 365.94208170932967 26.502863863248685
842.3841450617493 2.034374308940201 25.689536412145863
946.7368953550246 397.6923137902835 26.16720518108128
237.04823155093723 108.69069015119517 23.65233916346248
388.81403749954626 142.1860123524628 25.845680217776046
996.5870276131774 20.505492731008523 28.11548742448119
876.716445920777 265.454001470074 25.107112934043606
662.6256468464665 68.2843511740511 27.82260839854989
19.855984317865392 247.57698891943275 27.738467326652774
534.602782322652 230.8417536172255 26.296426963759316
12.818130293163922 132.77336948418866 25.733451418239618
574.2088416029237 163.6796549166195 27.868609276677766
692.3166557989756 359.5350358356009 25.976082635015224
692.8964168379727 270.27157289583073 27.846739526664038
904.8600831125373 396.9319946334839 26.013789828427672
231.38264154599176 324.3183015066816 24.270753862217806
774.156925290201 290.0449944573502 26.253291809308262
747.699651295005 91.59593876230332 28.429575714848347
374.1456252519448 188.83112317792805 23.860127736036116
320.1505476324534 128.723010890302 23.839306462820712
130.23515363858795 336.907682569499 23.779984456405064
737.4414146178123 199.0351394158063 27.462488234147006
930.2659599196677 9.83329199266656 28.479417463990245
593.6034374553449 282.2259744590179 25.60588439464287
604.6072013097692 140.29986029521476 23.999593372403613
192.78953703102675 397.69426643731725 23.75103328791079
792.8274227483921 17.803294198392237 25.67560171496769
670.6968203085382 238.58350928282533 24.923486112639534
648.0181768699736 314.16225786023875 24.76383677087311
86.67551862516065 245.01436831383515 23.51600273876228
718.9998429327144 118.78157435681591 28.280993703647166
774.3563124521041 345.4450864827618 28.467765521310064
309.5501624590634 267.6376683802773 24.55225326831181
659.0571962496118 372.6538606473149 24.632496242853456
741.1039572927522 160.17617690111533 28.42705227255062
866.8887261855028 317.4733014372759 24.10668454524427
74.08465181223222 64.98448148490756 27.404102682530223
932.3063633087063 14.823390486919363 28.345326544077533
790.5256779856877 148.31276376664272 26.24057963259333
536.1835781486749 52.239097564894976 24.47384148906234
758.6838714878762 293.09404171618667 26.153054477009924
612.9920202669709 34.1749780866643 28.265295741748414
25.065239906535975 327.6350393268888 24.771099306327216
100.44818543011813 202.84503615017897 26.542684913940125
881.1906371595117 113.9434016475982 26.321691360396294
674.462146412646 78.92483352666719 26.084663336774987
486.3996817015711 360.80126944920534 23.51864494118433
732.2271189325396 107.55725117375574 26.554488557400944
583.2916261072012 375.01809361488176 23.643202329932755
232.00974204346514 34.967063352144564 24.17767280523983
492.65775966380096 138.3756222990484 27.838419567787
954.2142478794119 50.555078819077835 25.302375667923585
327.9841777185394 233.9427876997393 23.631745584757017
358.542230813182 54.313741733406616 27.073284702889023
918.17581117702 323.7661252265312 23.749759918833306
629.8740996303129 189.23531218875854 28.016845561017806
197.8321744970615 224.26064244184835 26.920809124645253
243.5551973602532 146.27495538823987 26.702310969697283
228.32464148573152 203.5143034788058 27.271568526232176
561.1464356269993 232.33625246256082 25.935170036661127
695.5918491491411 47.505539692566856 24.23050210680322
571.8454567113388 10.370465477106006 25.329928793678118
821.8665701314679 164.99451807534996 24.344851368574556
13.516191501521613 89.47473143016663 28.067689474634932
492.7334938778376 22.414194904821684 24.81005967211284
190.77981113795738 70.04283110242508 25.187093298536205
886.6229309694149 163.03433741403555 26.685226435621683
915.4885335088193 236.51766904166362 26.69845532041981
584.0807909141589 255.32861259641112 27.03094393331347
46.0701946848191 333.8200112205187 25.010658617498382
596.3025622281847 263.9201673021224 25.534243868391037
125.01651935950065 252.53750197921323 23.775825890520522
788.2340802257664 16.542160702882214 24.47877987787563
995.8874538325183 365.6533305272043 25.99205340196135
67.16143372216365 369.7057688814438 24.248087730124357
19.68700234599241 82.92917331797183 27.5605410125631
483.6400879751179 315.5459247092684 25.40896217665083
461.7795479781348 88.73530924729836 28.01814805662601
52.734906354697245 327.6941404574209 26.975701640047532
750.477806185192 269.59449848985696 24.704461133928316
889.1151793979279 63.83487609182996 27.791122355926248
942.2425996907665 177.17933919809838 26.565489243946168
883.2034642700185 19.41652294472931 24.33561162613936
800.6573739639423 262.9277620413268 27.33257315872389
85.32493336160397 97.13681663467409 26.371747513156976
200.92578668779782 7.521947034913046 26.180365440235953
653.0239171195378 100.38549690850411 28.00169271229707
11.905567853953913 391.66448421619754 27.69402745419888
330.1680642095838 99.6298246769797 27.23209233143732
446.3343945479765 147.08603007665073 28.14220838487567
126.27759673565775 226.35197994613435 24.452853913331072
978.9925569763388 315.48365865476904 24.534886250895088
46.207812130312334 330.91744392461044 24.21012907647909
43.52754888167687 348.8218342558029 27.66662228819638
263.7580386928593 53.74935413483897 23.830092837123555
672.359975902196 21.581514371960164 25.52592738347008
152.2397802786053 202.23363596949508 25.290630029059617
240.69046809238316 202.3205483004484 24.85687280536625
679.1405860898318 241.46088754117025 27.876597551666375
324.7068817395803 250.26342121078247 23.85325883220396
173.77981846676425 381.55278599652326 25.646580195613495
54.59360073665997 358.27332648498424 23.558956870621714
703.6466960182036 107.9998362107533 26.31254827543791
13.190412317301558 45.928179826279035 24.44766836545925
798.701338519983 227.9833781673893 27.43796866786461
838.8340312237032 398.7269500299244 28.31541304002426
79.43614076741434 312.644718318354 23.71600194524282
983.1093738821188 328.6476355364882 26.29054250853575
244.44660721597134 364.02655607251694 24.740608468925164
157.38695150405124 168.06527657777485 26.746821054660604
611.5307758514803 131.02532966673456 24.044715097155233
591.9461033096549 367.8721008673399 26.789854230552063
972.1819484685104 289.984573705467 25.08798742614924
403.3784883114101 309.72376377277726 27.917479654898084
386.3931417574844 385.1082684893273 27.340988547148445
804.4004200904737 13.620657768585875 27.369134528833413
920.9619649351758 328.00666792771244 27.063251558331004
139.12315263974529 71.22255569700711 26.563038705104177
412.3546475236024 64.48376547376373 27.912596011968294
439.5569678089434 101.84329683227725 26.155504284384534
541.4132181585683 253.96346297603114 26.17627816190056
388.3527846048422 145.1817705546117 28.472901685626837
752.907175223047 340.3088833527942 25.377581809325022
860.5850547859144 199.46994935499407 23.98976001670738
483.6434048973981 133.5437438713971 23.90239347544417
85.19621183015691 206.56050401270528 23.829005414142543
408.44321981599796 25.215134785245354 24.3991912954107
505.3780452918114 390.98986815697725 23.912167219452392
838.0268625850399 124.6710431122938 27.24464305421668
576.8514876328919 86.4395531108043 27.905118840694563
355.3492643324471 371.94175633047604 25.71942540410255
583.297053725401 132.23247162422103 26.80203449946991
340.2130468104013 141.54004258635248 23.510624643765265
488.0262567247541 190.24579046871713 27.227096895532352
273.4280407029919 30.408995923942726 25.225683448167615
408.69157162780823 308.3494765732669 26.967299164071157
933.149779419058 96.27639233515323 27.167744521932054
385.10332203425634 23.394115425205886 24.084559061196988
583.4451383668625 197.39891675640254 24.254690384443908
206.1274282392128 131.8256442763974 26.19227523866669
529.1079100083235 142.42647304415632 27.657360396959042
526.6225355683661 329.90134131483677 28.168256600814296
476.16595870201985 294.9642905170711 28.151374574666107
805.2603134198688 2.6741702757316244 28.057374978119185
733.6403990810602 340.18668456575483 23.90862387693837
554.052044897289 379.6042926639214 26.084927608230334
642.5693345678666 303.13933235611137 26.257595917372598
445.05097714762985 126.80039152141464 26.244029586781483
681.1029777381341 46.48510590439909 27.996939818945044
262.95537545405114 157.19253963730938 27.57272963207304
411.9943600362481 349.47911003790165 25.00659459153396
927.5258197443366 149.84599508216075 26.031201104058567
987.8096835571192 303.73150911262536 26.939808615585854
599.5431053789507 11.34432137512098 26.405378412492432
970.7973888330558 122.40764920987637 26.643760561474185
600.5447806417426 112.65374147508194 27.27678898594525
154.09130285919548 359.25463105865765 28.014421187715598
751.2310951716311 114.83249565717135 24.231911981509512
268.6663736906919 127.30778132097625 24.28280010877577
107.04562644985882 70.82098311334532 24.857898896401707
540.470822622053 193.1489746416061 24.216726705554297
642.2100278359629 66.54509628802873 26.95153419248183
123.06014995341408 143.739033879556 24.538602003482364
514.9923900283006 344.6384995585135 23.818358807729386
305.8642220054457 165.45641412597817 27.560795071792864
306.16341141628845 333.94373606069524 25.66928578584954
904.3102597320807 269.1228616453383 26.85408108842681
337.762736644041 177.03889743134985 26.34002647734811
427.1613669337311 214.31098871995476 23.840147436302498
488.15447632772145 389.5606474948137 27.818327007207685
24.74395778814731 248.68770307805806 23.858006391336996
68.96727724871177 376.00751813607116 26.116350675450587
119.73620929880269 44.878478371188905 28.23933152750285
426.335238474786 137.71381708840153 23.668405788809785
264.7562463136949 193.41953414240126 24.654295458809617
188.70161369286265 104.23634502360972 27.762309643634055
647.3813921766658 44.625367976543814 26.79436558861062
81.51315741311494 357.6973077241183 24.16762504199097
747.0802953875668 277.2165429761366 27.85048283179228
149.989573743583 152.629990749874 24.54426735630838
647.8573547069179 243.65504995163346 24.154782408725183
118.74457661589899 7.282397401538354 27.885909674048897
117.57487427322889 181.3998778938029 28.38404972047635
624.6840476146467 395.6006812754588 26.956448270444803
706.6914709722079 309.55217314975914 28.39785031671636
700.0060331908638 135.44302898414364 27.74361695799366
206.668677811496 119.18538266389089 26.800024525238392
277.3495955176896 74.91735577107876 27.507649211715634
987.0578863751734 124.37910323223859 23.787155498066923
620.6281583346181 245.7972426699356 27.217517573583418
130.17061393380337 224.67448261424087 26.571744865145085
543.658810818618 95.20224977309736 23.5124689236966
267.51444161420756 337.17181379643165 27.35307531229495
514.5589642526226 32.334488157262385 25.818919939332567
441.47682723803337 330.37538048609395 24.33889408021868
316.59213182270105 237.99622888524436 24.70574987170442
752.0679380928864 218.4853503594113 25.001780688808143
764.6567339412313 276.57669491990305 24.834992110244826
569.2742244203181 84.21899255323075 24.562905457448593
89.23891855526023 312.642449124946 26.117091653907124
498.48438526900986 164.24239143921295 27.532250265426466
384.0950384316234 150.3992769113073 26.614382954679012
365.66138302008767 371.4870609466323 24.069551313809015
967.2549719608064 361.0659700936105 23.854210308032062
260.9566906509709 304.341359192955 26.457386379430886
483.59568799658325 211.31608752677514 24.06202595553792
149.17791067390874 309.0230226886927 28.262011610585713
47.039985345412646 319.8550901771261 27.249578739982248
384.87468153643886 67.18384082688887
30.85371965216277 2.6351624727118494
207.11089001531144 238.8441600400236
62.2213172568252 68.54948176280855
75.59550994472492 382.98226799132425
16.878253983656055 137.93608166235262
359.0538111341115 234.48406199233293
113.91237069588288 80.2099025303641
24.275576305895274 0.5621566100192599
322.4227738964855 62.86895138003561
16.084139435741918 353.36550737071855
40.9986098168182 337.24289200844504
52.453277772395566 191.42628742109312
128.75295040169718 318.98850072406367
319.7938342469381 153.50129583104928
267.66060032502446 393.1780419426986
208.51016144065784 51.568107048601334
72.27625789146366 88.27993329066098
146.50471080772866 335.4393359762367
61.73792999311747 40.28418722293048
168.38694209244872 209.66150016963022
170.28851877478482 107.67807129666606
100.72124092216157 94.0681885765204
96.37656599621889 99.93081818305475
348.7262649637688 152.56016588275457
276.7253317904351 46.59912134165176
37.416461710784255 10.388403932453594
220.58748898727606 161.1183836442255
290.2547642285339 338.41898449352476
350.7308694918105 242.797743440658
320.96322799254773 303.5620641831678
371.5287802079749 212.49013727507094
369.21684420463225 367.7500366041276
320.856537848904 191.86168921632452
328.52367712315925 363.5533660455925
261.3240069929389 13.137841586591703
194.67273098935553 182.7256339007977
227.7020877701918 285.65678922927333
205.7090017466387 384.6722941791079
371.2291395871835 147.51399107634077
349.473266235281 165.04097882263994
227.81153737920832 195.03445698786396
382.32239034640554 20.33426536479017
85.96062111710108 9.762883740608208
232.72399375383634 102.64880952520711
141.6364918683588 192.11454624058373
255.99739496542546 279.34805297393274
100.997106757008 62.78328293549777
61.55098383553277 295.67872182830007
328.3794075193805 207.45580359800257
351.5442790178226 184.0444993859715
335.66727637457717 217.33484085331108
389.9808893496861 171.85344409506317
170.52912743279487 317.426565332923
363.8169770905165 210.55860299209746
284.83633504484953 276.5011477846473
202.7478007021331 281.71481335625543
150.90143523132275 57.088128160286104
391.9129603770844 231.5773712156264
42.00362657777394 90.82160525472469
341.83935497074407 43.97168392328674
4.996838050547137 53.903320655942586
372.51864858310563 181.86602320517724
326.6238641803774 369.40477560784285
323.594550068181 111.28253170506026
331.488393627137 377.58277366119046
20.2128616207482 166.88503793985694
348.4645077066419 392.3357190528766
304.16592488772693 326.78502421522916
343.6517719362914 101.38139547056349
82.54071649350708 34.810467489730044
41.81176479410005 169.6897114635167
51.15835660607648 341.685250939569
144.55032744569866 270.15749352535954
217.67057891791208 132.27009163704238
102.33776620185262 292.4649522938111
79.25722848611127 64.21892875355523
8.787452903938187 170.50717656037827
102.44651978659883 264.10792002821034
159.44129430135442 20.746682724812704
207.65832366168019 10.297297921474202
53.638856620171936 98.28636269730117
78.64871614632224 377.4894839515953
316.87472530326545 254.41531446219008
97.11193896720233 126.14995482181581
182.37726363093412 318.8330482938079
145.27448819411762 190.66045669363007
194.4695611914821 131.71090287387312
24.393791851065806 153.27736971282982
282.60192343065984 15.202243508133328
204.65220632916453 286.6710952322634
103.77308379765755 100.96666919571753
252.0152174158736 306.02539230740706
362.38555281175053 119.72608931724396
170.2007985065778 92.37899155634194
290.40868878149433 10.823908474492505
250.9850289489489 332.09439512350383
7.0511173524400395 24.21171394018127
243.64720815973766 263.04267107338046
275.97229783966634 64.24081810293836
334.4357446221755 326.29539612228956
239.39108307849324 264.089233136159
169.51442266879053 292.81850553271187
32.277463533065955 181.60784885686746
359.92648517924425 367.8658851060422
166.14143752887122 171.82250299290956
374.6924256221655 271.4734034206637
20.761532272679517 218.28197917860427
258.2351648231116 151.65759107984263
93.52316241534373 394.8950028527762
0.9047435126847692 207.62587340473843
29.86551859680535 381.8523507039649
46.452473836835125 283.5088763060741
94.66357929570508 273.6834599722786
137.88293713488224 38.82787907995966
43.20004137875646 94.44996678052821
283.19004567271105 210.11421777319526
311.71008057733565 174.53167402891933
265.0616576611596 348.80002993041495
71.30996019660141 45.41375786394792
23.71544115332882 253.70323829037505
175.44872389517826 173.3369653163268
9.606602762232708 312.1325953044982
379.8501012471037 279.6256589156455
232.82636338109327 121.84178667247795
225.24022900296183 184.96195806124317
28.588150701807358 286.76478796921816
46.98458288542739 66.82702951072277
313.2766436126309 362.6676156537214
312.0858283996513 333.7838872651063
323.11283789769834 174.554961994385
282.82238349251065 197.2291362852411
307.5664802399707 135.87314805379788
67.63556745436841 60.69423885139713
392.2254370177061 370.25404934251986
243.70144419471887 48.729995649150304
230.90941451050543 369.74775764526186
21.951406904099137 161.86101582963087
134.3940126989537 219.19483521181533
374.13392231559146 271.050198046351
93.18861751482159 274.5921774354956
252.83773242812825 54.566216739744576
104.39050036250892 204.00959022308749
9.225111601711111 32.10019944280451
267.7148618058121 82.81742306903506
349.5518000072198 265.43101280285566
233.3792835596586 180.68847770388098
70.3784692688064 271.8914718462911
364.598820723501 186.04085896473092
173.7064922936011 236.34112361540915
220.0262527367831 84.29130482461602
187.09926889035074 109.30422205614954
66.55007176922658 139.49175615050683
200.1780011265035 43.38485099059732
100.44094304471952 24.625092464350296
77.70942944335965 47.02393633614705
284.91542028152196 304.0389604694934
320.8308501623376 324.1163929735919
4.7640761272526255 392.1999461343113
321.7858994627352 119.95947510997445
293.76888697478523 196.15315423075094
93.87287573448803 8.456751603092805
208.2132495460026 294.7758071448992
157.13527476884522 32.45502603646324
199.8660441384191 116.11613626326354
321.6525232873926 348.54489518875187
284.3989706263617 344.8124083920074
34.11693633248709 29.60854121635581
206.2750589586942 324.78967795222326
339.71103279640727 242.85161682696335
268.72382308523237 318.13519574252825
360.1274433663366 148.00915464235666
227.49703637381552 139.25652028720302
299.90202847043116 349.8685740908762
39.677103296134895 304.12943508676113
367.05843542447576 391.2059702059485
313.88804674653716 217.64586982567673
230.39101760345127 386.685002281068
25.837437390838325 67.77526901782447
334.5407636979405 75.22083856222336
43.19548738921717 203.45594370032333
155.34719168245897 107.76467855993653
46.39594553096495 243.8359402255549
101.78720363554513 289.4176055534116
337.02116620588936 399.6862046956367
57.140174688812984 159.235525048118
393.01238408245234 283.5119962289445
100.8463349674729 318.0402210144768
60.02365813858121 243.09149379557104
163.8541623644499 304.0044371466868
160.81684096701946 173.8736895543668
44.08000980623341 167.73239629748437
259.67237930686554 48.870912824230885
144.93188578352755 213.0098175506446
336.3693523386437 250.38427771504885
98.67698000131315 246.35113079276906
204.3659801918251 196.1036437197118
297.7610009532102 117.92425618607281
50.39013208825311 322.8265950513498
281.0151908488544 138.3867212778042
277.7274461290033 24.24439315032698
308.0153646062723 320.61997064690854
103.0727316606924 234.94548455824506
303.68511861759504 122.30170252178483
86.88850944175428 10.990914253993944
66.56366975924266 254.70940266023433
369.79274122089646 78.11848858166748
207.98685270749922 375.10121674776815
242.5757286970094 101.83607665306465
325.757963783643 294.47348680837615
195.02448972424526 379.3674371740522
214.71320155464696 109.4473766094425
368.81092584160876 361.61699911025005
277.914591109384 6.49019267272668
182.27825658037 284.0233061686461
326.03151415811624 188.6300388180977
0.0383277605190635 218.3738024046563
38.79993727649396 239.2756867543497
287.87049716886816 253.3569152175878
311.2766006505547 64.70652029431214
323.4909748650986 269.83036864359826
118.93366248562191 146.25071235604992
26.339556153177668 297.48792428005373
9.467273914936758 385.1227544462016
24.608883323647078 322.809709292691
65.52172089721986 337.3446857728095
295.3194095940875 63.8846719833857
381.35902977965225 313.1284462708339
193.3214669179877 235.89641456661957
157.8318150868278 254.54996094389452
27.683894907973805 1.7673411655862115
243.84543845837285 307.29859573066835
149.00674388133893 235.65861062938578
138.82373389820972 366.7388175379461
178.7739726514701 122.72692051629073
119.52047568431455 5.474028567895939
141.9397423140242 276.742079040599
265.84703534713327 279.0555978022692
56.52048215789436 177.87249232808665
334.21473873437066 158.43331890969841
189.04272191947518 116.14885462801676
63.21866288845612 352.1965918511168
302.2749022245856 371.8193599787718
195.3175641962472 58.6087279261418
1.7496226768456857 272.0129830449919
259.49289411443567 126.89007586255765
130.16062357995736 233.83046469015213
383.6979479705898 9.158492229775428
263.79727772642116 137.18574525233635
292.2362370190145 148.8890998784923
132.75721154686528 166.4236558479185
392.03649595772305 78.7081786658498
16.75589943180471 17.94304508441842
263.1196043506568 289.7893849739223
60.93025801829586 291.75726144797136
142.38105260125252 87.07334083456159
211.1112894683295 368.127353565739
326.1405212594038 158.98500099584388
285.6190836050208 116.10646036885548
215.7384592555663 267.2762565791157
380.711338526091 389.0366408971344
191.78753880841427 102.07421145995946
149.39512450956954 232.74303714612336
26.514925636714715 149.16902052403168
298.38925157588807 265.3729848208435
329.9596949823935 181.02795116955605
115.60318451989518 183.5309047192342
174.61754678997488 109.97562486610542
170.57609110855628 207.56318197545687
154.45325238758886 231.43362414819833
322.8982942898864 299.5499251628578
108.02945777427504 137.06547833615414
228.7149878692473 370.7639764441805
171.8283486397316 192.12650565641917
252.9905341338026 241.06061950921375
328.6711257142322 48.27084454211308
275.2897038843377 220.8643006527748
377.4680538752713 2.5213136945346104
319.41033302390315 257.1221685233316
74.3602505583504 315.06074795927464
242.27988836182402 17.79712791943755
81.64225978579451 62.956606290794646
285.1068592985516 85.17621507158938
309.682806976689 333.8838675212575
119.85560099429394 386.4734182397281
48.38901680049559 153.36422128982542
316.69182801543576 110.90899809540389
358.58774344003194 290.99277236240215
113.12363696042729 45.650562893705704
330.02566931078456 5.576519248702727
183.14142092345455 308.7043139292686
211.51780236852514 66.06218357795149
384.73802251809144 265.04794952929427
80.10249794910082 24.583768345134025
206.76855756117735 182.99979623199286
239.88892076740092 319.9136910585205
241.18740920008017 321.0220980125305
127.61109066602967 354.05424415045763
74.2783714077361 230.8590251715012
150.7308629923879 211.65933210361564
320.571529869536 321.11384862779136
395.2602261235979 181.42953516378077
115.71901932546189 346.07191242856004
314.3014109519736 290.57672015091083
239.6796264402727 267.7801274244656
344.6315656546502 77.90749880997896
159.14061563525075 285.0959769679218
297.48668888331343 8.028002176056237
258.1829499341603 331.62280307571797
331.0277733934105 268.625463106006
368.77458297674224 215.15087171551687
335.8001894077637 194.73540164506798
17.754162214517777 204.42703785629024
250.8254770561863 228.35611571800607
174.54612486756105 264.7787909913457
376.79283064355695 148.7255689496613
313.9258801385927 302.32182293869
364.1456502343017 298.0285415032255
300.7320674102225 97.18314565879128
227.68673923158337 279.25546342502196
358.50106331808627 89.37500822751016
75.65383165844986 117.38702013245326
201.5768316853627 26.65810305744869
40.04510395295786 152.03217067454435
290.327620341253 91.93540666264025
156.30278315817446 369.09997634164705
111.67882898338006 98.42142338367776
64.29068452574352 281.03911406036195
392.24977073276114 274.03448288666937
388.8300047559055 29.63165566545438
218.9599301445548 52.16308527784501
306.88548417228446 112.28128760161637
172.04868353622248 344.1601257409732
319.8225923901999 222.18892714198205
368.03036970507407 389.6223259975575
22.983982789888024 344.76187079162713
165.18486125023597 63.71496978230154
101.16208022503055 267.0559139915102
201.7617510201927 66.50540714168814
277.37255554536506 234.00280787242446
217.15475722029979 127.47179210644708
103.66152356189313 24.62865408294408
148.880450477078 29.056716403333425
106.50754227151214 223.42187003011617
103.27422932788642 286.3384705324402
85.70761034295198 326.46260741975703
165.394107830195 315.59576367577966
114.46437492908919 348.87857741352593
43.701154166262455 282.7450502954744
399.72004832129886 189.64523928130794
37.663628921767554 143.33239290709093
235.61042818793695 161.70167527327678
371.50987308968934 68.96532483573617
219.24089369702463 9.806385982693522
354.93313450043036 100.77289617738101
96.81391992451766 15.510466617950991
111.62982114767632 278.6855463766872
269.46623816841355 28.078754078541657
159.13045127384527 66.02939013740242
112.00150582789688 62.14262117869374
328.4610430734774 22.132633136953082
44.03277416558247 267.3211795076344
179.75064149327454 171.34506677670802
341.87696941725665 202.00095679398774
199.97878938619408 375.07453357284874
390.87177740539494 232.9169826026057
261.63496753032337 234.14769952164423
251.61357715715175 334.131601409477
276.140030886127 32.005093634070334
49.9429281873089 373.4601438092677
93.45795165661835 374.9440553744507
199.33253275615317 351.34617783594695
279.4041412271502 93.82600696331345
25.660525470150517 196.64157941539665
44.734870862221186 42.367543429777086
388.1800794734658 225.70038667778402
105.18035636786922 260.3383817769775
176.82461945759923 35.64812590447532
219.16227837820324 365.69172365780156
314.81575306450577 229.64152526689367
380.0145019841481 397.856316603086
106.86949454285552 361.38677747489317
332.10406757288166 55.12213444024838
247.1242239214311 238.13747596670876
235.32748141570892 352.25507523799433
137.24202536004526 235.8465499017528
320.03551789529905 370.1789405589673
363.96331746634615 357.0996569777843
54.51799436776321 177.76632760382128
246.72245998235232 201.9105838271267
89.75782363428641 376.48289886639066
89.76064837294201 23.41236470148025
251.2420594066497 251.8329783228348
159.50001890398346 204.93091131986017
115.19566139574762 211.2571403572991
256.7713772080221 21.881111061822935
36.681730004167214 46.33602286863656
264.8159443122277 41.37845408728098
289.59028812580976 177.8572688514446
27.809605534945625 364.41238186181454
233.61565167538254 25.506027616183637
350.9863972274105 329.8806861206084
140.9005974324902 389.6423018285507
212.26592701113543 276.73735102893846
295.1037754587971 40.83164086793594
36.61775059026979 99.95950829479669
18.22468265793824 183.49889700082701
308.22358793680513 237.99203345054357
185.59893786852842 93.2776805142201
81.82674441989697 393.7817945266956
157.0544745248164 223.3314527493944
303.4857718068205 118.46635462944226
282.29760170576526 233.12530971322713
262.27804218107167 176.235195755282
231.1758080937844 313.8304574644166
368.3265298681907 360.83475397085635
154.54244103706114 67.74675982199905
388.8516634248306 148.6415331978592
99.0265494405282 44.831702737425516
72.77786329440912 50.1806419787365
379.08910346974585 47.62716262777013
355.7528169399387 161.4205072168931
152.32520533463725 286.57884571422693
61.26541043379588 218.12730731096428
49.0497823680704 0.9458825656764702
399.87658265701236 21.016002587433704
174.78253606018112 56.201700118528834
17.405277525617535 26.387865172595724
334.3260185670998 87.02998547800549
54.240005285981226 386.39765391491426
118.70871684980946 175.7229647720969
51.774487202762344 375.04652411180575
151.34332548495132 238.99227334401826
378.2940449484075 150.45007418279783
307.3284458827048 41.905676734378304
345.4675801945128 380.8838908476798
99.89995288226257 265.86632782042057
147.92795076558093 1.562270108949404
270.61661286355417 328.25400550020066
382.25187137028524 271.0586706607808
124.94250535901057 84.55120361800451
387.97847584181767 360.7298112029755
322.4669410340294 139.47992869822713
2.1337673878913943 337.4583309837949
61.080799382906115 51.87814004873097
130.05647874225653 389.4820884487782
87.00616596999451 38.748128567175755
209.14877523717797 97.03123175456336
317.65445738253175 267.1118513025041
378.50346997549485 63.947411298733314
281.8661908380206 68.011825486187
166.18764172515407 303.41263817695955
62.16376873082843 215.19890981928725
167.29042506294127 210.36815075375236
166.2267665632645 381.751783528218
109.67110120161792 155.1572535623701
359.87729529047095 221.0756611262908
290.67160449939234 297.3786861563347
361.4411932067047 214.43131458144214
16.885757998127904 145.89064915421878
227.42880201068823 285.34827093261595
390.4056515227633 280.3584796999275
52.05749861659172 201.9794236203308
358.7936375037421 301.69214814202263
58.21582633429352 371.65725046388405
382.35668117538995 93.17292005264228
75.04764727651816 377.61493657255915
171.12781612131354 51.02167487786979
177.41259505446695 316.0391472559731
105.2876226341343 82.61428592073541
305.0572562765919 262.32379210643103
176.5867266126426 72.50301027275032
384.4097305300431 28.597750370621135
374.65855511380175 180.85542028595404
243.48829682431142 370.30231196287383
390.93956397743506 165.87603889143602
40.49305256749185 357.7973810229612
324.2423857478378 111.22864793632053
219.2273386878976 149.67864605786158
145.85537943367055 91.43041978264424
359.57434405155726 287.69075169419943
18.370386233392864 222.64234523029137
308.83177128519685 278.82514439443815
161.2682310199173 23.233192057374772
259.78622868043254 238.39387233230008
217.6201542016778 247.9477155754882
183.986549870213 138.57401592297327
0.09100520928768674 161.46280387656802
33.75385901419907 140.12059102201854
80.7584356344278 181.5682421468144
394.0439392734028 180.6487492272244
338.09040620555726 349.16219805049514
395.35585227493476 251.08916130041052
85.75132958391363 371.7043921867813
91.45877086523777 212.6239740596868
381.7354978332594 238.72318959128788
160.78702011537484 389.61333111195927
352.6543621812661 22.425928183798494
307.93172990264924 319.72602104685154
66.8324764864447 253.4148965710057
