1000 400 500
30 80 0.1 0.05 40 200 0.1 0.05
804.3381978264576 150.69061678058318 26.639937597687066
502.41130615193885 389.07309654066194 24.0473360676243
926.894889349471 89.26856989523975 28.106067407970556
943.5001432927617 75.85999843288 27.8189870240556
238.49884533775645 339.66397421128465 28.138794019412575
6.578474073891449 20.761945398998094 26.71777554867628
178.2501684876311 168.88560076475426 28.218455111265538
323.59540294418923 183.5437999292415 26.358771121472977
60.310139457608884 114.99279696832426 25.88580761126908
383.06638372675826 333.01802044381463 25.683783880064087
529.3518185326152 376.3581459472667 25.621554514351093
171.5144770989856 71.07865206313795 27.64109944107849
884.3961833342568 287.2554886881919 24.026205601034732
861.4884799481056 395.2448018048903 23.80966099900693
12.186837369250858 349.3810532739568 28.12381820777934
996.2674129833754 16.167315826557793 23.57348229249777
312.0539683800951 178.1573937236205 25.954902870766738
768.596027414727 199.9895607656731 24.848957723690887
533.8787799583241 201.7294133519849 27.322149315565017
220.97962632841984 80.15643259627785 28.143223117742977
784.804022990603 230.77006370122385 24.47578628961954
239.64019710423224 299.93518142588846 24.798659008368688
968.6253370440244 53.64653552706273 26.213381217387884
914.0240005695349 20.003390092931106 23.876746079735998
718.6011031856629 202.98480292184692 27.783625765326892
388.94458004145235 163.17405361423977 26.020380914688452
68.36617630288121 328.7895930651123 27.758921370654313
556.6189560544311 72.62061034785611 24.37091608511562
9.738339191779023 386.3555542818723 23.73305576153063
489.95049652787935 226.53666778000527 27.814953494883415
27.84399077818167 34.32233160816698 27.03546294804598
184.75191167313287 370.47174529816306 25.40352131572216
234.92420117365555 13.209860110355054 28.281928634413344
94.88051858850588 381.82635756848333 28.176798548153045
880.5419024115902 355.1972806168067 27.324395670627293
857.5466769913995 346.1223797863662 28.092006836492676
568.2070912710392 223.10912989066023 27.26293858530868
122.79797767427702 372.38904465056737 23.588301839924814
211.55075911292775 95.62315191279312 25.556022131297134
237.20020603521053 269.77612632887383 27.12520496706306
606.3668756680182 255.44305808461237 23.747768101352843
762.223766276218 107.5255730239646 26.94191760621745
951.7399056579948 190.166069783561 24.93191432684214
117.37216710026077 237.6547715446536 25.242230523237755
932.0892943551141 118.14596014176861 26.222110460258257
570.6038384347944 219.8319220492471 27.99903257830932
264.67567034842364 283.8865077280225 27.299719971026637
7.418937968843409 290.40978342925456 26.8758650876865
350.683039958663 53.22589752363669 25.587772952993394
407.8039139556282 95.63095169994793 26.209654748646575
753.552047725541 45.36695018288399 24.949455257491422
369.1211329455226 89.58005072725683 24.21467544919869
311.295774727485 278.0007193606236 26.649667121633943
814.4408917844041 101.23733469239818 27.22578409632895
399.96808131835473 228.43837731221922 25.93879851510769
810.5613969341781 116.43925685838306 27.86876901886918
67.53003083883536 126.63807639059871 27.230844146381628
138.24306652527463 7.875522641144439 27.043857398220652
799.7070938890965 337.8667229331728 23.83712377554191
468.5676180234101 281.4042772309609 26.84850969025435
645.0554362184602 249.799771397454 25.387834875174786
122.76388044430031 285.64872682007365 26.40795219442958
382.7431775404325 281.21380771293417 26.90399135865465
956.643946771666 143.50400849622815 23.683675330803137
665.2590425866334 150.89390342950057 27.371405467486568
802.6573169358675 192.0348790908459 27.895470680888593
395.52037647696704 203.54009128334752 28.18753806650536
619.5701239480229 38.23639534181433 25.22245656658138
524.1708236525965 45.641224077456855 25.994441444339298
398.3552578981294 22.963941333013782 23.99081662513863
483.1208738559234 203.56990135636127 26.841687602066354
418.8572379825076 298.4693458926907 27.955359360191146
344.8466443827098 27.365489471960338 25.929024205187606
470.37027292588675 124.60870323254353 26.430115199708062
737.2581001518533 219.3929296348581 27.11832613577515
575.0061422878018 26.86938229451532 23.608486596270357
509.0865495918818 3.6205627187342326 24.15886598123127
879.5800564826201 281.5996538990725 25.17131412776962
73.10147248948428 48.728673694620014 24.99156709994256
113.02225824621782 339.6701870720384 26.243840056319492
430.81117278263304 40.47015850942244 25.361120104783634
104.73258689708432 302.4524582756293 24.50904749474963
763.7599325489384 233.234092817644 28.215953537523788
696.8983852909305 50.42098100972709 26.191196483273618
558.6146609778606 208.93929349745218 28.383186514786676
192.04358620797436 15.57469417066728 24.11242699017333
895.8210533778868 388.28725776632683 23.808925055583064
596.785241433487 398.68315629056497 23.81677698427015
388.95782438999606 173.85965310644997 26.215481032918564
54.14126425022137 69.29676825786109 24.116469620844903
412.66361694154887 99.13345083682148 27.480100321713063
309.3267227193266 52.47150199174513 27.40834168797997
534.1602511407993 398.53406469257374 27.940243649959157
996.7455775782288 296.94986463795937 25.84415655896106
284.3312591727115 331.2330462648592 27.405905971556297
247.14516107456973 224.56447263309713 24.32450694860716
620.7959050726267 159.34860293250858 27.05930507104348
231.3523057092448 363.0920372297126 28.276158242492667
183.57543673709543 17.103496050518665 24.967805952418185
27.719582416423584 341.63622258230737 28.0179942137328
994.2914459331396 172.6638068582081 26.370340765878105
730.8249665523623 349.561696279117 25.019049946158837
857.2463678092098 283.90123206861284 27.63586452675923
224.90738895711803 91.49114846826936 25.59818830388835
874.4724408475976 332.01970283791167 25.171486761505363
102.18067502107553 70.11570004330122 27.2503809816546
160.53017161618789 75.44207984564734 24.086601341822885
998.1184269476294 247.50977616577185 26.247790630217782
744.4974494349435 236.8923927384846 25.02829643472588
186.98837612281415 19.987629342846525 24.940248422395378
468.6020691772529 99.31212027070266 23.89507305517931
784.6573863747252 30.743057995854485 25.05152215456683
362.06553972216216 264.94319740132346 25.634867484153112
854.6811401086298 371.77971899589187 26.564069039397175
896.0843676670505 294.17384928944864 23.73584574725848
230.00907138924077 118.92021151329627 24.631742898359217
856.9781595903917 297.9042894276507 27.44257120920635
927.7167385213514 121.68018657453001 26.530026452387908
439.26929327198303 164.32596174493517 23.965993308538906
738.8482098657712 147.9632945584052 28.416518398874715
923.0812551309004 256.9481153942566 27.715166905239705
369.90382260205257 370.07576921462027 24.64721557799773
809.3867177903245 168.02773518757812 23.745489277518658
456.31381968314963 75.43005823683156 24.39007802347962
125.30934469684063 136.59074233332174 26.498184910133077
780.343328595783 188.20750503163302 28.15679064513959
347.2669177642208 273.05258889830316 24.476332811332387
134.59560210628996 86.63434416794078 26.79377622903543
823.9980033578742 46.88273486090395 23.66331610981063
865.3182943984306 177.5955988824452 24.138466612044265
0.569203363029902 7.388124611443159 25.31147693043073
204.13780465351184 223.02198019290054 25.45757653091127
168.8271071723404 81.84391278163466 27.705144140570752
909.0972127832063 71.53791598924282 28.488506792301667
904.3172462606233 34.95342185266441 25.798103155160177
451.774054915676 198.70759226759768 28.247748495260257
33.70199501143056 27.80182656686998 26.327910067162634
331.9997656023177 158.06407573731454 27.142876242079822
633.8026816780654 75.65714383136553 24.377015466708702
9.863576157935094 344.90651075928173 26.515877914229808
651.5753051481508 8.496589288502676 28.064099995107167
210.20573440057245 321.3058884174523 25.790523261285692
695.9878989291366 266.07343863024016 27.46089923701825
881.0083675475914 283.32362263363643 26.42745548530909
64.65756157710112 334.51815949537263 28.214498662205376
136.67134405837356 303.32248045036283 25.986791898986816
291.36097992994934 21.465580410152718 27.15892086746113
962.1875385361997 378.38932963504783 25.635223013045756
330.6596508615777 82.84488539502735 26.290951928146082
26.1498534137391 380.9969748675022 28.33576126351188
812.7638204952192 111.84042426585412 26.403618986368752
490.1534986290248 254.56090590399486 24.943121736649037
719.6560233807503 77.95575355960503 25.87843435209213
409.69584377322167 232.69944804653016 27.26283975628156
951.0369343940239 4.1699448994569455 28.268264215859112
6.692140268033886 288.73563767195634 28.38109979414327
898.8523724625039 179.19140402034915 26.412118904638376
425.1660135598626 136.98916167513167 26.845238438986673
649.3932484500567 349.8691907682126 26.638841505316023
337.8572721727638 399.15022040972184 27.479199905621883
333.98707684496634 299.7424019528469 24.787996463262967
90.11124909769852 0.7071209536531953 28.207980188092353
489.25415989834073 211.07315022955814 28.124536618810946
695.5472307384426 50.96909832833805 26.491264020271142
836.2910911537136 190.84645110323072 27.992196367592054
542.0885114464902 56.388181851779166 26.1268966873775
399.8513986303099 221.20812755662965 25.15408260792011
842.79916070933 185.0924534594298 24.87425385779077
352.8760567982084 320.4789214829238 26.04450940595562
748.8032002078912 398.99998934922394 25.707599145907558
862.218442720867 364.8063539384322 27.612550748378467
315.9348521005623 150.5428098662814 26.478601392134063
736.1157034208336 359.024787426351 27.505716010706287
726.6256903249158 49.594273038354416 24.330700873042343
25.265509844938585 38.465664026904676 25.124146614294666
967.1992216758956 282.11718237751353 26.64816764883327
334.0313422923442 55.122698016089444 27.59617485858043
560.9086142067152 338.5339615292417 24.468607306270904
367.45253456065086 119.30934894354253 24.181297122837115
580.7907246723469 313.8199407960324 23.765300747991052
818.8869277225721 43.07530171904439 26.614728939379738
495.1641790303225 93.53790014920466 24.48797937143496
722.1450866650313 319.25407837856307 23.75879312475098
23.19070068087703 154.9196506637178 25.7071504367357
715.1451350282206 168.9229823966956 23.832335459784804
48.54378503268797 197.86303566022582 27.15451349580976
638.0577713290069 142.8472595987045 24.83397609712888
315.4563734820921 279.30131685470525 24.20380762587101
600.6304767604348 255.48126976616402 24.363930735807386
532.1946105449787 151.52185653565323 24.252973121596327
168.26107890972997 293.3882373373991 28.359937517876325
160.6501766160462 90.11344618760249 26.207005224001676
936.1917521850346 47.345411580525635 23.69489017236236
464.9512180586811 123.5113212748371 25.525442196863978
272.04667438897013 186.50064561739813 27.70842163370054
823.8357727972927 120.53767248949336 26.090025723902656
929.3502837305947 185.06856175717954 26.55504591942511
237.45269049972774 225.60740932811458 26.014563816876986
73.51774008663293 332.27668004390586 25.412603711543902
845.0790230051766 217.83660705408104 25.805130613812995
756.366923523466 53.42333253767855 23.69357814902701
941.1584457097614 368.3576060384762 27.8760636890107
249.0900548466287 136.5669225967232 25.197137711717623
867.6500464699083 131.66391175688997 27.024235824539115
854.8549150404555 31.859417899704034 26.81219199479689
564.8693853461652 277.48181635942876 25.79614815937122
813.1609107703446 148.9426098799061 23.783848266018605
884.1298891977126 388.9484829152052 24.78172441017837
855.5121377007905 245.97334703846653 28.46185234454134
766.2428788172235 53.97020124614404 24.31440540040693
537.022353839488 149.31032987335806 27.806164824003933
442.384093481949 386.4929992209076 26.225201171037604
46.74060534316127 177.00919923504307 25.09994083897428
149.42386954674026 253.7447819807546 25.611628325919952
170.66640212233085 317.1122462469878 24.353874330903032
811.3718342354447 68.75497305624489 25.76065709116817
59.867266897615565 232.1126578584453 27.740059145425995
422.2963945233431 42.82944337109931 27.674513881062055
540.4491790097328 66.49804748179578 24.201996041339623
783.5188329866512 182.10685258389532 24.15292681306486
725.374697195305 11.263599569511396 25.705797434158367
967.9931430762108 151.55144441333505 25.19548732204975
467.65247140490874 357.80807324696826 24.65355462684674
685.88816717797 308.1995077742549 24.01048506560487
781.9959691798742 127.51561365441448 24.92264462844006
245.18333547434358 106.37543909321852 24.10593451909887
293.80041993025117 10.159946265959263 24.14576132281348
286.64288607509104 77.8818665736407 27.545543511663574
320.7235991939251 245.37399666024325 27.948812691865594
30.291876625301974 160.5492086277331 25.27491642872556
608.1598337245291 341.8844819814737 28.332581106946265
616.3003510434372 353.4574152388027 24.55607170505438
514.7268667277187 297.84704198820447 23.556104575875988
832.1857626771349 274.81844602975485 23.632980013990135
551.1731932439319 155.00946860634065 27.26389802449341
275.0373513106009 140.88645472151643 24.2257827891279
323.86839669752834 225.90814544717892 24.12605108223279
845.9964628552216 217.04606209733487 25.801965765217336
814.6430751973123 256.943262954588 25.53246164359896
567.812135909064 354.8710969774609 23.58128445961326
468.95475348579083 54.80988993960776 24.424399045123472
567.629629306738 354.6494914975629 27.22675476508212
175.3077842172589 176.9631387149278 26.854527663468122
798.3275434149015 108.5882117332679 28.28251427281682
46.05247485638786 279.8940136594755 25.458630671479522
664.1467789398183 6.347863251421426 23.813684688670474
83.01741096089499 287.0665138409997 26.488581273979552
260.86728577850806 136.16349026296785 27.853238396269802
695.1453742588947 380.2445084655319 27.108547763729103
887.5856358835658 99.78866623296838 28.18290391696507
478.0409621285866 176.19624466354637 24.178756554247947
895.7952254884449 79.80810394882765 27.482811285154114
250.10444451904945 11.734054975224284 28.04905497731155
730.9195865899726 149.20204029904514 26.838222494886768
634.1042136412922 53.804416123366835 26.935546897039103
220.0149381007086 84.86739253650133 27.14855271744748
278.38757432213157 251.71730558275658 26.15712792971719
154.73860547082984 222.30863281347303 26.848057088475638
414.5797542357337 173.172062947895 24.93611974127842
7.945464919203782 44.85926973112733 26.020016909177908
869.0803954641658 375.82750846623304 27.11155472957121
61.867380270809846 208.2852647548181 24.01485662519343
888.8192482482538 166.8553892369186 25.14003507861081
281.5761319106328 324.9080874009509 25.91209130631408
446.83654783403836 243.0361075116032 28.25438975707598
264.51908715717684 128.67078868770662 23.987933999522085
783.9401078973407 176.0823257052097 25.873386179830657
469.9215018013664 265.8078402605252 26.95327525254275
276.96914750420274 248.33820726138725 23.987158983171437
474.71599140813737 50.672504555293905 28.34591828511335
744.4474190874289 332.87615023081753 26.635360479164998
118.70553602596456 32.276772812828945 26.6286542662468
683.3920362758513 373.1297412614115 28.022712277497217
353.5907359021836 367.4116980636221 24.34008168724124
837.8935628455354 118.13625668435192 25.725945892873774
270.36140984088786 217.79338343644582 24.944000325601635
826.3041290293672 321.545392773149 26.705213335343085
878.8153925940439 2.225125405179451 24.74858338751936
179.34752507856234 370.85910711803126 23.981984002004037
592.441652499849 54.73234127529656 23.638089899161827
180.45494443511944 76.7294787985875 26.34611507354944
231.78766129755113 274.21712229275175 28.1442120530471
950.7662067221552 263.1357002525543 25.94099478376633
509.29066127567665 302.34638434308187 26.144749081863303
617.525963320231 44.215044242797404 26.103065625554887
67.33689782935615 129.8353528548575 24.82449861422695
463.431149443001 182.51470631043753 25.128180672384172
987.3399067433398 96.46897987839198 27.374296213514206
227.60650082826817 270.2896268002342 26.35154595842846
408.5950474524679 200.3213196249349 24.69310790471088
252.43320723942753 377.7740182247901 27.881738167648162
238.6437871914946 243.64027855401957 28.34596809347276
714.9390271189523 231.42919908734413 25.76563601331886
508.3106887228276 287.46471904497287 25.515209875408786
501.7590534898663 26.09609376556916 25.195084147433676
440.2816238461801 228.68705356220093 25.258579953813232
372.0534822344017 386.5849527980787 28.434664189020154
835.2670055879847 210.16904231899755 28.197066644814463
376.8531270221305 69.09597779654516 24.461832016877874
619.0094906305134 178.6156454477338 25.73608216089687
274.1061735462794 67.31078870488898 25.296591476964483
880.597451280623 261.9139288090868 25.061363668590694
88.59910360662315 142.1037251428844 27.7603269360317
121.05333976246979 187.0048437571862 26.727842354217934
441.68327905766046 151.42231814244096 26.966835986416562
733.675475638931 34.27765462451884 27.504850626533788
728.485381547359 385.5563441089762 25.409277730738154
576.192381521863 151.91384833093204 23.880394515727502
295.52520422920213 124.08150992483202 27.682843304974988
350.8878967437814 254.26171244573788 25.933647983313158
99.2892576455906 79.30726373434345 27.964497214577925
973.2897821659745 16.648596836718355 26.128060688392043
770.5725819607377 375.9041102432941 27.570062509413933
132.98374356744557 363.2370410189767 27.47411209874832
918.9347854686006 80.11458848186655 26.608993634332137
391.18554927008233 226.5578328498204 26.774266580507835
969.4306643282451 320.89014053065085 27.764085201530428
837.8237946450266 32.910073028823916 25.653443961022994
897.2496621638696 169.52249385437622 26.01462748076831
74.37417242950484 126.35839791161291 28.45353351433142
216.79344413513368 337.6808832611816 25.09655955107815
985.2384279395519 68.78461198634925 26.03426254374409
276.16691281869333 33.803244049195236 25.223277638535592
907.1473729988073 321.3174688339361 24.076046311195086
826.5650594193327 245.8489233497875 25.069092775772194
759.3343287955138 394.1735402711281 27.671155068038125
483.48718554255663 99.58047818542903 25.908936862629684
922.8901893615027 111.94735718427027 24.1623588726078
812.3604176943635 224.63083248759435 23.69970511784563
980.9736887333689 37.89311546448468 27.234754217747753
578.6380152126934 238.2073704966802 23.539382440535945
286.97662882341467 185.69694737705942 27.875213421441327
159.76297106167047 164.71543627904975 25.53050117961678
9.28162043971492 266.3497881459552 25.720182867734582
165.93660980607106 28.926713586265507 25.45704452284968
212.21852344794746 210.45159160966836 25.54861441707613
135.1626154132447 14.403431121304111 26.633077104224434
435.9214448751586 5.808558267082864 26.821743213271457
416.68318629232493 235.2926864582006 25.743421757389257
505.0793910075025 23.481770291692918 24.601211296616622
431.1919092362508 339.6574684319439 27.8397810303342
159.50898341987573 93.20926702471924 26.31451976333017
775.9818583215292 201.28760028594436 24.91987176607678
898.8726230030347 145.8086172307924 28.4017079541783
742.7243590465783 263.2649113046674 24.66429748333401
869.9211672072897 73.97584129947323 28.136102412299422
833.5067325998726 13.01976272511749 28.069824986065637
6.921600112412607 375.78282884046024 23.92843326345681
630.093669059072 381.5384121635427 26.454130165029742
133.3858375446313 232.8412760807912 25.30792477992894
709.5011618240292 298.841797176483 27.84345516935725
624.1665237238421 227.0014173787966 23.933366662085355
257.6381685928005 377.682944948487 28.24040168732255
149.12333885812222 298.78960658912837 27.375753761054828
148.11804424242138 55.181945093991125 24.025560086265774
219.9610557649959 374.51495688906846 27.782832464466615
795.8699479972928 59.16062857442781 24.517001698520687
846.942926959599 7.793921081423338 25.68265353951174
319.77991992738873 287.33398376315336 23.910884506334675
797.8093705030134 59.60600774150686 27.20273484416855
944.513850593469 42.088119782711345 24.791453807478334
312.5797995406015 237.10778372103997 23.51528745306687
112.55739492088057 143.9043612636946 27.638344500917757
849.5524761848277 377.24772062485494 23.80562423230619
171.35590903602372 288.9043647946536 26.203985074929832
563.6915685488623 342.44558895408284 24.985709801388648
439.63510841213395 200.56854486100727 24.886588940218946
902.0196347533831 331.6796234196451 24.52004778023603
868.2875366917049 376.24962278596956 23.809124090152856
454.31543082802017 34.46530091634208 24.425838233587577
805.7547337166964 213.2415226551145 23.92805947754142
143.41958326174986 294.36558262628716 23.879549207463462
701.1254981780409 328.1996955504317 24.25576054723454
959.2208528366432 223.5453455059925 27.08058797091209
60.09453496486816 12.72050488148202 25.977187081542613
824.7532412178052 34.92740559879621 23.559351641784247
973.734288979426 295.7027532533138 23.58694961908242
281.97424247154044 341.9255168896496 26.988186076802172
916.3656672426953 252.31113484464132 27.05059099540355
558.2876988627543 219.4753067355647 24.573166280704793
839.6722389770293 96.26886167845838 24.70984463190998
141.66632125240275 119.85974165183131 24.132474805783225
442.9754120590078 46.90150495928083 26.18312099569725
280.6392706197771 382.08481726462605 26.160736848436414
676.0279817954613 48.66564487261189 24.758994920996244
223.13408583993944 47.5068536246586 25.242051262617963
316.9282384433416 356.40149337419086 27.81331165582284
512.2708037085043 73.9978279464268 27.608644013388353
884.3093646407029 245.57677909404103 27.092846190594294
124.14397517344244 396.86359248070187 25.994879536485943
194.70536338649646 68.41803949478687 27.46529262474134
628.2167443229672 381.45337650684513 25.052554794564205
802.1924117805074 2.8827445631555815 27.02363260278687
200.383494130423 108.1220818953478 26.86455166326911
81.68427596776084 124.4900220045467 23.51142640527175
156.6067456641843 276.88223620236175 24.708520175926225
297.6327049306033 307.4269150442438 24.584951468225285
495.2434907855312 62.41225922080016 25.415660667433837
78.72987804507092 111.15965893547117 23.80092177714974
642.0667161487826 329.52721996148904 26.97408610557593
973.2872936969525 55.83257347830752 26.68916273153476
446.25449545136064 267.9678857037072 24.520791409705584
350.40888314790817 301.6104285224281 24.284396932921908
350.33427311349243 350.37932183473816 27.426895859558332
734.390613078022 135.1402485277954 24.918356957265413
283.6741002948617 79.33274511315508 23.730419234158163
593.8500366958464 185.5545014029311 27.452843218673586
48.43270813350831 382.6480342730617 25.92912934703899
767.1727287410806 341.73721957808823 23.92798827169517
979.1051889984326 349.3019935485611 24.879550498889966
690.5922651883269 64.50605602969999 26.44166690447513
271.5058559319483 72.81218550467612 23.820535403599127
737.6041338760087 368.2547173490039 24.021368082188637
263.1571401917312 380.87136473075526 27.96122540476466
595.8340992126992 116.52973183903441 26.026463321832434
882.9241847607299 268.62575189705535 26.550978979419277
251.6961530329711 8.811119956080304 24.876068010201024
611.0456696547169 301.54564872778917 24.33704164349696
860.3170538179446 249.0067707146784 24.456904177778192
348.5297536614933 289.2814229630544 25.065339673654197
318.78154170471595 141.18267497232674 25.669884324732223
193.65894316608512 224.93527689280478 26.488649504838875
489.6467556864741 59.91436154639924 25.138593844460274
978.8958863837341 299.26255210462625 23.809260624788504
728.1453455610217 140.18655550446226 24.964362458397698
609.0012924018868 94.64867380596095 26.74170589954314
124.17539506557706 117.56704450021775 24.579980709200242
445.2352263473307 191.24239643316884 26.373661511529132
887.070799827334 359.76384011110986 26.657987480235494
745.0578136050001 23.065524481368893 26.71506401875177
769.6398016688476 345.72193440948394 27.77238146943502
145.09730659166908 344.71775722503435 26.53909411466273
774.811317001898 191.95348464688934 26.11899412431059
380.0067650154978 242.65476733923447 24.663014975316493
524.5692499822294 165.4027017185205 24.265907227593633
483.2548617290434 375.8920224641672 27.817932121673557
242.19380894354424 169.1512771183064 28.249352808751908
99.33874092050287 80.07892793456249 24.387187013245835
935.0480618706154 196.75062717732425 27.64255309745183
841.1860506555691 330.65097723299573 23.523050857954125
930.5048598585132 221.75099269165452 26.7168399165883
801.8250380797922 243.40449362555904 26.9972468024974
760.7377492887724 363.66367528297036 27.869942900529242
935.3171766394585 296.3027102492982 26.916067699170434
596.006137898776 336.46789309292114 25.921201894671878
477.40988121044336 180.31655022934916 25.495834616587718
58.1341816382055 170.9382053907076 25.145194146612404
409.6985774970645 319.0811374200396 27.106376184463677
607.8703950723263 81.34818917087215 24.43327375811409
69.98459255370871 320.3134635011196 26.95320752549977
577.8554019493718 138.08056635224318 25.30809755391483
873.0440399980012 13.240805751292761 26.08412383476773
837.5259182716799 171.67087950139756 25.66251545117369
86.6341113235315 56.436011582762816 27.92085162081019
532.326043367959 75.90937935459037 25.716279589920326
173.0722485803955 333.8987333163216 25.575943687184672
76.34085829965898 46.65167772627217 28.368779517561293
182.3290268683022 352.1632116545436 25.710863546944644
818.5447378789241 81.52215924190136 26.63224596188234
502.8458144816869 259.6071249649687 24.311667858779316
506.2758714095843 310.06176006139606 26.338225814562513
235.16994660157775 76.68526737648986 26.23919011275652
777.6907624581062 204.1530226001731 26.673176288306177
954.3123724350665 191.96903402872016 26.783412256097556
604.5776707902514 258.57741004572244 28.091151927103308
432.1724320285507 376.8422714600421 28.295857046065446
539.1474157528797 298.9017243217453 26.71907269937528
373.50875680991516 128.4370836512202 23.66533721814576
188.7819186663523 179.8793504976589 23.881106209974885
609.2150593148195 386.5953391301136 24.36410181143591
931.0886697806936 237.26679425720673 24.863334897409302
829.8982054626632 100.76349173493293 26.743052938484652
102.23914317698824 48.22423616569793 28.480005035760485
531.1546727665907 354.9749498207731 24.4628698373028
843.0972047643511 382.8693470808622 25.52206651552852
689.067789793048 195.3978369992446 27.476051925066372
303.07239556646715 278.4132948976424 24.3230770177964
959.2465773046655 41.02953752215343 26.93341725840562
798.3513321309357 267.70662480071445 23.694390911568274
173.5210538427825 83.4570159145231 28.18471494008803
850.9212602574654 319.78676296825444 25.51030568032988
232.88996636181193 179.37529408290112 23.630807756542435
333.73893835211146 118.72795218587298 25.585781937960707
410.5588508048119 186.72006470115684 28.315351443920314
486.0213877049887 280.0755587824177 23.927647798650575
691.3514818061274 162.52652721328425 26.61487601131941
595.8272933077302 86.47860957293196 24.3698926389593
299.24915989791845 392.42859953451455 25.292399653025367
164.11469426522808 264.644883851673 24.3616528272318
578.5028250207889 216.26372668955284 24.162771001047606
338.9369008984464 117.01041270616166 24.771588965969695
80.24433961043943 3.5017642318936115 25.116323421588703
48.38024636011373 99.8674929565722 25.93521236332735
109.74132121717328 61.87493638364225 25.746480801093462
258.63911789623273 185.21077252488496 27.40487608111645
262.7122420607716 372.1026964902816 27.10891146599358
66.02151042361359 180.0676718696045 27.490019186885053
135.14470127841415 364.18392010141207 23.533781828228534
309.816499551306 72.15533286531736 28.394127109887897
551.9053561205267 213.32165503600402 25.04459310052653
84.93623422445773 335.6798273909884
94.63336786978917 122.61783881606986
156.8568577583706 278.3872468112212
137.19827843108447 21.04219391445823
259.64031615835455 251.55995500643428
132.06900143210422 386.964300670986
131.63025729921097 265.968948653931
243.89403161208983 339.43427715434217
116.55735487059853 294.3390207009836
18.39324274112446 45.718951116986204
217.41476778681195 24.31788219517572
220.09961303864068 277.9874771721967
38.58920194124518 212.8632300638572
48.86567908363983 377.988329078338
25.097809922859994 27.557973984862237
319.9613595952628 392.7670448716444
125.35910775646295 106.06702727229202
291.4179567723304 321.4271394915273
184.0042459360665 173.1521707522262
383.6012467918349 152.38974242962308
213.81305292830518 125.36455068648999
259.82465430236783 272.5606535566988
200.93761863774202 126.73771762500775
23.141741162581297 94.2666386401156
265.1539507015076 54.50686451960851
33.285227915880796 172.77593696113578
26.960645772752567 392.0835040654302
59.048014200117294 76.67100766666692
125.9215221191087 187.2175323574489
355.22966482560474 25.294648055668745
189.72738475252325 176.4820023194438
189.60010613721167 21.94400240406167
171.03000347864304 222.91902826704302
144.16023049964548 288.4396428155352
249.1797823700923 221.88822333791904
376.30740884185883 46.1504771164265
36.57652659372346 200.86242907927178
349.3418409505483 90.5081434677403
234.4208964338946 72.11833119530979
328.07804123716323 170.49755604632355
350.2323701357812 392.9729878928444
384.1535745805894 111.56381192457023
219.57739365168513 146.4202247354131
366.9556265825444 309.82828987954474
67.02983614404533 375.72395191850217
269.9138336648542 277.4602435064956
96.46381633730545 289.7287840941584
258.23598840335245 133.50316067294682
118.35703044480113 1.3512396119358616
122.9916253205368 111.40841580921288
101.86109412171844 169.91809976974946
287.7761104926292 93.98164301958558
181.9732027203441 288.72146836426725
318.01648694518616 88.40063502015138
357.2218319840322 192.36336698893143
169.30811321045206 218.41654331547028
280.85712464423034 354.1657361020955
159.99949318977812 37.8033387054912
178.61485376417124 102.12476005947315
264.5705408406468 158.5735245777571
218.7009144639637 202.5917881368731
198.17800355979074 339.43141956254175
14.72145796711013 144.06593071461828
99.0695363966052 94.38825555663901
359.8618788349187 99.18693387259347
214.39639995552903 158.41646790154576
170.6959931703135 151.2195732895822
56.28242811387638 186.47388067327927
161.58491439709266 142.0243953755034
218.83560735532984 264.18142151805523
175.7031770617429 31.712524902145667
233.11615202942178 372.8910796528073
166.3078759857114 155.88531234390595
285.9036082098718 78.83424423736321
351.9446323096244 24.562977587872403
139.4331153514751 5.4933388789185855
61.86242118472687 127.60923151314873
363.0996930872736 300.29298172122236
42.98723912503881 394.6622556608416
224.45688627687744 121.16000434255363
317.38295567118604 303.28532589548666
85.66479820812188 145.45477111485013
259.20567937086446 337.2536309422935
312.87030601913125 43.22937760309631
202.7359953444127 167.59693049110376
329.83049657640805 358.72132895815406
198.15182274208314 362.220733436207
133.4184891703152 108.44466603337844
299.28255478682064 25.631952794369226
337.4790499699291 31.193335986868398
397.6632792070306 128.49802711397618
22.829144247329758 14.725010023911622
109.78611944911165 207.47155697697895
345.02723452751087 175.84634159519902
179.52378909622803 198.91586368372006
387.86284445838805 385.07426430718215
275.27852202414863 215.86968305229192
149.34616540244292 304.0005022775399
341.48780781093006 285.7926167889481
208.30567755999135 42.939979594848275
206.6963727894575 237.3358982501761
143.5298063973926 348.3968811289867
155.48190587407885 257.5863111644514
163.71672304613583 394.3350322107935
39.100498493099245 336.93402567761484
255.32463740946335 378.1926435838351
229.79535619695955 276.9184488697013
66.7429673341558 12.034482023325177
316.2909292942715 357.109181604841
321.0329003599964 251.18763507297976
93.07255610633773 140.282307056712
385.8140783668622 217.16015106295598
113.62977210432494 40.85550849993953
327.7020424691593 248.5950542688951
257.9196530251421 389.74831104498355
140.02956982910945 153.46532133489163
6.884733356972239 199.53734542027934
256.41270304411563 237.6684065956575
221.93796472705918 266.97907008486686
349.0508330228617 349.6322140858993
394.9055788894247 245.67616162673437
159.47795502801813 207.4974963761736
363.996601801124 79.86633685526101
320.81059342098325 264.8946043311961
183.9460704458184 311.0158072744232
4.3660252890979745 323.28589561381534
193.55693391062073 52.10267775254245
159.8521835170879 213.29815243476298
141.4440032509078 270.17858287962974
117.15933304707855 344.4222573702028
310.86120317424866 226.00012395733472
179.11125157654953 161.910940659173
127.07164872704011 90.22467843640105
358.36197206852296 351.6581233328235
335.7980365224612 88.8684383441742
397.95233664902787 398.2966862097471
308.86928938726743 26.427373613893714
263.86847900857515 28.70471572375277
363.2570560488038 293.2654023311295
209.27284898134104 362.5631514716806
172.2742066020213 84.57657673005356
83.90612379929769 243.561121744351
2.785377952178658 141.43176667512853
398.48684744802017 39.298261707972685
29.85770992454304 270.12318631989973
352.76340650975675 374.8864352130089
360.3583033979901 204.2231421600639
197.20135877440123 4.7064240947125136
239.58263721783615 44.47679636958619
122.11715453036551 128.72834405708736
20.07678029760882 344.8515844520232
154.39737088938568 324.2574957766763
239.3939112881016 308.76919625195563
90.77075251479414 290.9206895731035
183.60414497013457 317.74916993034134
107.92843889782037 196.16102893024032
5.954549484868554 135.39615961267057
163.61602708194178 160.46242949189696
225.15454685219248 212.86617073744077
39.148967464285974 335.97811236657816
245.33974475533427 167.65013715540812
272.6312203636159 309.1905695058469
219.84576489530318 115.71631957125321
93.48499186918784 197.68350620748777
123.50138183057294 307.756189622895
192.7276489062206 213.05953403789425
303.2286370223945 53.48156682716372
149.7598582951816 226.49038022612064
244.31563385321633 213.62379082343145
185.25744922954365 0.3395081268830147
19.805850026015293 197.4890381702238
221.0871696292946 238.75034344426217
283.02600014403384 24.626905545019937
1.9950035707128055 62.04616458456389
118.3524275088756 192.37242527133805
270.143746025947 324.2410666377378
382.894403594925 36.72497518698235
282.40445605710687 369.91439472550894
151.85052317835817 182.2305505707243
121.63489797089326 366.154200242756
322.87278289155745 147.2370758802644
77.00586813280879 247.22847172644111
139.85091968050352 204.09542522908723
254.7645852575848 374.09588633453075
164.10765798224926 389.58208160187064
329.6525277905152 237.8211069639195
251.07383134441622 319.02244874260634
358.5229712124634 325.4125641907608
183.0902500277069 378.29696294417994
51.5318988486118 218.55405786476575
164.06144976561384 351.11512004612575
232.60386511441692 310.1544008938651
399.2645835842708 384.64605106435124
19.702638398594452 0.592571784470719
263.69472629113795 204.79684599576987
116.76452340188624 274.98896005781523
104.90611351226006 63.133555426877884
132.98035045671196 364.78633934912835
131.38694060354138 230.64233328442984
31.440389039590944 361.3775086788059
305.0833371446236 149.23188770290298
257.9843638740956 176.469369926122
286.76652264448046 10.081003649965359
212.42710552791172 133.32662585955313
75.51492526679154 148.6383695218811
98.15821744041146 124.99131066726488
38.66160256922186 29.28502869815879
22.442566721062953 290.02736737508076
346.1348771464184 338.3726767636382
118.57626838528779 133.29275590007254
3.1988722018487348 12.55442718049915
22.381186945250686 158.69474221698496
318.1781467371771 100.02767259222125
59.34888965560026 382.8368984376302
346.82915221620567 185.5116928988466
385.07320920736015 362.9198176689135
222.59930191970741 305.48604450446715
70.438853967033 399.21026329782813
312.0922574530641 238.41855402936295
134.3612389656017 161.84706301887056
227.6367205282907 375.41523368190855
0.7013133835861662 343.7047591733717
283.93357546017353 59.92722772963148
192.30680039103322 255.4893587296762
203.33472111358105 330.8532179503255
73.9599277199646 356.19374940031906
154.38494172498287 11.578839366692328
117.339206899516 351.493182825528
350.83624841902275 258.1976038530074
284.93164290771745 294.61457744211424
243.42227735064586 213.36130168457518
116.1592955237465 88.6665533078371
4.2585741061603954 107.91050271529787
347.81255639100584 316.369971475269
333.81245045557273 10.639385833933623
12.210594066519276 12.582145971088066
12.964498596021112 47.25182800065366
130.33743923821072 46.960938927364104
77.76188367155483 92.76924679980665
153.53036033627072 198.56802040051403
212.04151754200794 87.35327723930237
206.12542654106272 181.16363813840138
133.17952697303315 233.71009640709394
142.7929759793234 217.3986924071862
388.8015609910046 204.94574609832173
258.1242759142694 62.06260255782805
287.3664112486163 124.9454265106849
172.3582504389388 238.99880388814378
53.11371212371894 279.05250641956724
365.9658040149859 83.25299836336183
125.94463728576662 71.02629375566151
247.1370609311852 369.47195849392415
19.3824272042308 62.960714000104545
310.04493963812257 259.52429985463516
304.83800067859767 18.049148980786267
278.0869823153924 216.76738238293697
107.98374409604014 311.7837478148103
125.1349168801009 11.33788767408408
183.11691957507185 285.3808269588221
129.1501688364267 380.29661187647696
173.97207548038938 285.92686598952804
36.35107970960627 308.4111121604089
74.52014293513915 270.9429858318014
0.44621016190040663 59.813061008913415
170.8699102213817 150.76865936281726
10.2758601809684 217.7203060254073
75.465664817294 300.3687281638482
30.532327999675868 278.8666022415111
257.3530994799389 92.87086841095177
54.05734500430417 1.2352439560225914
327.36342667322015 290.343701910366
100.54346584554227 318.1459626704715
54.6441076455348 73.02898178932952
95.29401953014478 208.69749458938895
71.0422897924131 196.4443387203913
123.02477225687522 254.02130443599603
262.42577653775976 236.47618524518168
375.51808896152056 310.75532637548974
151.10372576599872 115.78562025812347
398.2689556963512 197.59941913393155
341.08814089896237 100.55308809543995
190.08998671285093 117.76746078336599
128.01479949883773 14.790925652302311
120.97099644036663 129.60424170304043
68.12067971725044 340.15581688627566
107.31648462977455 129.588289662008
55.752919461224295 352.396478909432
220.01283366714742 326.3949437162202
76.46262186736656 291.2749183293307
99.6049524043889 261.64709757114315
282.81477771742414 169.0028093286055
14.190289701782044 72.4342787661597
182.62377107499236 392.9375568230257
119.46622560351945 92.63362873145411
334.40214217699184 111.48584806205766
66.69501940640173 54.51964550977975
12.38828093736526 87.8655529620934
153.17862666425438 279.1027033222138
33.59684313984248 364.5800172347883
121.16374967297179 333.0892817817431
131.91399699760566 202.1617513239554
84.92563701738428 82.31021979563957
119.33750035195926 358.94597351040244
302.1074330941452 285.91621925415336
392.0398055463353 124.33717750835527
204.21964846392592 52.59309594410806
119.01061576477514 26.235371457206202
262.5328281289195 219.50235542831362
293.6134005119601 203.991553185136
89.42439031303292 216.60568506509384
133.46827721165488 71.46518641218287
261.5688347955539 43.485329060080645
281.6522150771193 290.4595903835563
100.18849318902734 212.72512757277332
92.28523826542938 33.01415591198382
254.91038729101732 103.37048129887663
176.14969990479133 231.73566060012405
211.60263998447505 319.9381535395317
137.06767611482232 200.5537571990371
380.89206865664966 166.9005856616621
247.33971547318373 253.98921525485716
222.89288109609626 25.521799496546606
290.6262764946633 361.2262411288887
325.0042161067529 259.37574535099134
143.23139027613593 41.98359777643405
273.462644886705 76.83061756156361
69.8260220135328 44.38228601825984
345.66385797349665 343.23598904660724
177.22700675213704 240.71060894498274
299.0957135460477 62.502783598623694
399.9252524474646 235.19067553087655
44.053057169757935 337.21904414596963
383.63535312542297 198.55344491134548
361.13300821811987 68.39771526041325
288.2165014933348 227.4325730812532
260.83711239187477 70.40585136572686
48.893153686202105 272.2904440273736
281.4354148248123 253.57753211219114
14.781580202900813 185.79285943836302
382.5751651418415 66.46621921325537
126.30694118766908 314.25210395378025
315.94526497558286 291.6450849170197
298.1733907294937 87.96101958264062
240.6356786920874 153.41723886468918
242.12795706476493 61.94402869752453
299.65893287088846 322.7508058149842
193.83705087691916 216.85414980638015
285.42931025027565 194.20680133415095
100.77258322325879 50.448055448765984
395.82308808326604 361.5811332982178
183.08274453723038 73.2744787237738
218.77164542749767 133.43492985780725
397.00075103319404 167.91432517748945
282.1670800249596 6.640760734184914
210.4228159220494 279.3140000027438
367.1883430893888 255.52518295072352
42.86488193922167 274.4565975237896
106.98391948017596 396.14141167509064
127.08565678455264 142.81865518829719
178.97513883191522 249.65885000083853
217.24179638116823 204.76342195006967
247.872467121316 55.80951885585592
98.51884195191883 53.22458396328549
327.82523429973287 176.78429916616247
245.76019610130797 174.73761172052343
205.95316027681437 383.92537600807685
233.69397593862112 379.07896068256923
205.83657721327936 134.01401168488695
18.93609394681026 312.4765462494208
268.369932573418 218.90621985867563
394.0258877545275 237.5579136648441
288.71156230273385 311.7218381982132
156.32876942174127 133.90581096844164
71.89078587052182 234.74574289532194
39.71850256774068 6.293935809534634
155.9615000626956 38.65294861071051
24.52975820754224 83.37860190691634
300.4194157896526 9.622592614995984
71.3499885931228 347.82549461950254
248.92860108267004 110.3589246612748
216.79730787498323 159.55351440380898
249.2305618532075 312.99028929242905
324.50972542338917 216.98108032373776
349.4377841241949 396.27065448413157
202.14885867046277 346.8631163232115
88.74139710880434 56.46104347898917
75.29941501211836 21.51042700286836
261.8908321822756 20.72130845971585
351.7240561054587 72.88586260730887
360.631649114975 253.796146667557
214.51106928019382 206.2752437593226
281.61551166588464 313.2320586151038
50.23074396340728 11.933796242066208
139.12477610525548 235.31516897468455
248.29415681200567 31.31205672452788
332.28198522009797 23.373044391248364
100.28645339351235 55.16860141029514
190.24280974013462 262.0366760186014
183.1245859885139 214.07954960892792
355.19918994903514 395.5119281518435
127.46792909296202 167.55848072943965
361.8473342952939 384.86288659899094
252.88788152931008 6.203090013938217
233.30355626566111 198.76272504523524
193.8811635435707 151.9883240010761
137.27904978282743 294.12073003736236
345.8891751663637 175.02870702209873
32.65258117530654 107.44731317908239
328.06441175898107 40.835708914808365
185.4085766085053 204.77194234089313
289.6024180855396 260.2992281461702
244.23587261777624 327.38212096455277
179.03672605378773 135.32523987657154
39.91076150713919 122.60449017533061
250.97134943183815 176.26492758016724
208.91595515748529 263.3025197792807
302.3045279941988 212.9736670563623
340.57521090445374 136.71803631563398
210.07473878303585 329.5412954854115
208.31159371740662 322.73740390470994
285.6386288916117 323.43839017307243
169.46541575565192 83.61578622389207
364.9683921841963 123.02630707668784
4.435886903251518 51.64651270913696
222.43431434638347 93.08171460563801
114.7390122149107 228.21533703599974
25.516400904708636 16.189857865998604
310.90180018693115 97.13284292163098
140.46691314386774 358.56346732841246
194.94168821737537 307.09091331011217
254.02413145102068 12.047687204587954
178.5075544084942 392.5428758413796
93.85534978094219 249.77440284485414
276.58722966394083 379.25957803580377
10.485540304852847 341.1323879353888
178.01444151792444 260.2669524264773
126.04625291694265 142.4229917162744
317.8361537055101 229.82391352554563
60.257153967750114 212.77404185351747
162.92949195669024 227.55227374742998
211.63106240281485 200.58794139346628
271.0855390460775 171.78360273511834
201.97136036663602 204.002843348623
95.10547321323104 250.6412382388861
384.8085909533429 329.5491164537667
377.28242625551917 191.32846225898678
273.5014922721414 356.3863611953075
115.97090919294035 342.5473399151284
162.3056529895028 259.20923477346196
284.77341291260046 81.9254618553828
293.7910716227723 151.1138217270514
146.2023108543052 99.78135388399667
68.56818989371045 178.41889050903137
325.5028195493151 112.51212379481296
398.35990700318075 232.6400186563762
196.65145378314003 123.34016743522737
171.03537605502592 40.51738472526844
381.3720482368326 275.108941194866
126.29938634751112 251.201211915052
273.3399080577359 29.270819125107252
233.30926905753384 160.40195328679312
273.5725127644016 257.1631877734111
316.5695587684217 94.51566548056687
59.333516005949335 244.12223228341267
194.03242580408536 223.4376731754336
107.704765231719 383.9366717563276
171.4104697722775 278.9812610684713
256.30927652679037 80.59716662151266
179.28608071117523 326.5208484464817
307.49621290727146 276.24998816602255
144.68024541344934 170.682602218468
368.6270067322205 288.7168237036599
156.32127498458632 171.60808844095766
369.9299399045674 68.89565235364019
212.93244627262672 6.52027513174116
212.71852270378324 377.8106925452239
236.4355241708767 232.02376323783116
274.59729276943665 335.03271966516763
387.04515402952615 385.7746420443788
134.60661177211435 304.64401447547937
334.8074994210772 11.858296322611261
180.08638988267714 161.87534264968141
22.214344297457167 202.41669342346583
218.36639804303783 222.99558763915252
395.10220535354705 218.7697380574394
140.21948497236068 122.98774851041854
184.12401743082333 88.47851656486685
68.34163285850052 89.99807271738725
86.65916273490896 170.50119019769147
72.95128801566504 192.49822231736715
229.10557838814444 138.79575488743447
47.92830628002767 224.55367819464155
182.07609376717286 255.42650417859772
314.7410277931641 346.5444445716091
256.09892246051544 387.43473769218275
157.73822155154326 13.137413574265455
323.0006390615953 167.4368621599057
393.2105948137899 97.26286102730977
388.2279116631844 206.11659209628402
35.954860083897614 58.30060111464164
