100 40 10
20 80 0.5 0.1 18 60 0.5 0.1
52.15518408079425 16.640713822198258 13.259972199135875
97.82174721951581 20.614908218673648 11.927848904563245
60.82670149958444 6.602101557370887 13.44811063235858
26.264711218965033 20.689754729385236 13.818575890754053
76.79842964361504 19.178273750111824 13.822199701604227
72.36270491687658 18.26040284364106 13.557956360950337
21.30511895945385 19.823922909646118 11.589560342673572
43.59764446451526 30.19624889396143 13.058246226620405
22.191400138754357 23.48053443512822 11.609630977950612
6.246773380967907 35.71546663216562 13.58977005415303
35.02142055577491 17.71511878805308
9.941229841471593 32.4796713946797
9.659490443475484 7.09189068344001
25.938550849882198 0.42344775659735934
2.709316081006321 23.4242081862102
2.7917748903601014 16.767626157982434
32.1655533503675 18.03254133221352
27.5166835585597 18.780250629563664
3.4174715901369224 22.556624922677337
33.52196308395261 33.24704834177448
