100 40 10
20 80 0.5 0.1 18 60 0.5 0.1
90.39395453586516 14.16280135570311 13.356785610879292
61.66226734438899 4.69657128272555 14.155945899045843
16.49810138199993 11.523092908736047 11.868065838701343
68.24568952581319 4.265472919049054 11.551676839621372
58.45388532248778 31.712338625657704 13.180381573392323
6.350847955829153 14.370835885438481 12.90766882251756
23.000552916914852 12.530699709518633 13.115195063113804
0.9980303044882621 25.901974413852496 11.674129074953067
55.044625041677406 20.124875337736846 13.778068156357271
3.982178292782612 27.343267871311824 11.723515484974264
37.21976746080394 11.472975745743925
15.866222307942417 10.06190068714551
10.383188570698788 9.169717394267686
27.89489465706503 8.942956609553093
13.696177603167872 8.256374505260027
27.347534285767566 4.19509861223156
10.650063445296203 30.20783446118444
2.7268017248437992 31.521937744537265
26.75164755731889 0.1607354279908213
5.397166120452845 24.512853707940984
