100 40 10
20 80 0.5 0.1 18 60 0.5 0.1
71.29541687120089 25.63239155565477 14.445623515298081
79.15595221320024 22.35777435048007 12.311721055526387
64.33598337553414 10.136904507837619 12.208975920527044
79.278532629237 26.966771261253406 13.024429315736407
89.4520451211968 13.96041456486676 14.19254825445241
8.83485052116435 34.54672305626684 12.333062392996158
94.17282556994108 28.72889908821323 13.985665488330826
8.545420463343845 30.464036583930252 11.96386724498845
34.4337760486044 11.167524633796102 14.394969869625335
99.70203799734786 10.668397011001707 12.111803906824264
33.13379818824553 20.805242319471375
25.712668039115613 30.533578511906097
7.465459470428848 30.706416922074276
19.56355425165709 31.475933622160564
3.6456398553255953 39.4571775584595
26.732416806172267 34.09127232091479
9.712162776960813 39.0878861783447
30.824497600162687 22.847551062053025
29.176445325303728 3.673115723602316
20.068773799298253 28.14509911979872
