100 40 10
20 80 0.5 0.1 18 60 0.5 0.1
26.938885311888594 14.844788250583875 13.987291553874762
80.4847963308336 35.408814099031645 12.954545857819916
69.57011060578357 38.18755755702999 12.175417228373764
52.00848150357713 39.792254206788684 12.739375413253734
41.039232466409246 22.963352197393327 12.039636989996682
60.014294673822164 10.72784898330237 13.54052649328409
91.88809257964408 2.61258693026297 12.301011951175516
73.5317559101019 38.45533813567425 13.8483344522338
57.496318694997996 29.05041679511597 13.917111386910571
50.77218689840826 1.2017870343112325 13.181886088433677
18.748308083740536 29.499864480482827
17.608346773900763 17.87678525122312
4.757134015811295 16.451819153172494
6.724244659794079 22.454552572250968
7.916414124177029 29.17656672233281
15.88787127718807 27.591564564378736
37.007802902734184 15.056951169646275
32.991899591363264 25.56296572063179
30.36484547496663 39.6863487286765
31.29831188668408 19.01889960785928
