100 40 10
20 80 0.5 0.1 18 60 0.5 0.1
15.3456246388608 3.5054029869267644 11.844645455503176
86.9636224703896 8.698315717377518 13.735004326739435
40.74635940486133 4.292182722652598 11.85731739144996
16.57647871861392 17.02254665340798 12.461848775871982
78.78580013953822 28.42200648809754 11.785976948939282
35.64190201199987 38.54128140167909 12.538033439656456
20.359374633867546 11.825888278460868 12.221100828477963
50.76880794377456 34.12669466992284 11.931915698490025
58.71337585039327 25.281522054783743 12.278976127351806
89.51898112808084 8.649996853423314 13.850709167944776
0.14527719942155848 36.76655873084198
15.314416760183661 25.753504181915282
25.51336455999357 26.80295124234441
32.36427691821196 25.044808403257328
9.66847773287656 36.43713549236471
37.97254263990142 1.3170617426643139
4.561622083133714 0.269655458035194
9.543032097075583 39.32185628954309
11.974939968087925 14.05846097827915
32.009883685359306 12.027191332123222
