100 40 10
20 80 0.5 0.1 18 60 0.5 0.1
5.515629563956348 26.507930063093404 13.981225254059446
68.12507700205525 27.34911545758035 13.610430526185851
99.62478254173688 9.073303923571562 12.63120440008916
97.17031739393823 33.21469912989565 14.136038384335647
85.20316593006055 1.4285285786813118 14.123132044471594
36.51823922392906 23.597647008661205 12.964683536913794
92.27255186439265 1.225426529517799 12.810390198259492
94.12289255369309 12.06226506638069 12.440564198330586
16.898944288540584 3.628709132478032 12.662441263290122
70.25895437636792 15.371664848781577 13.429037084741651
5.098980114993807 28.593266206074638
29.5611196965922 32.52742780287112
12.549420336294244 32.460641978838844
4.788595888142342 7.257650129008195
30.512058423102534 7.870938823324778
32.44352615730973 36.986770070551195
14.001022160536198 5.1116682258001545
4.09289110830958 33.12483214418491
2.3395848176019918 28.259938476409854
2.375074047986403 1.043315351406151
