100 40 10
20 80 0.5 0.1 18 60 0.5 0.1
55.773352930569466 35.682102728302624 12.66608785697751
68.57347866563394 20.2409394789265 13.628140125641343
68.64998699341032 3.729281301931686 13.191194904444622
80.46107664762569 28.218748779712946 13.615799152921888
25.65403639519769 17.685146051487987 13.900042566017916
87.21884858866612 15.951060399184168 13.83388412832924
25.661767092058284 21.3267721561895 12.792171789690277
23.538343740043633 8.519277665188753 12.078890283643238
43.05776909681912 32.016295743596025 11.740077523027754
97.5009391839466 22.565278907241733 14.13235914614648
33.50895335278403 18.868899406330208
2.1070567222662673 6.827165637792318
28.85203695072546 35.6462502120594
38.52834938198257 1.5162867543405767
14.6420143261805 17.351148358405393
10.198150589111696 36.070520351883026
17.481996841917052 36.95721722617488
22.092510056632474 23.8642644667876
5.372410596287436 18.704040673046862
2.2699365553468986 39.2006256782569
