100 40 10
20 80 0.5 0.1 18 60 0.5 0.1
73.4396520484456 12.459257476176715 14.076235340639762
74.40345411362415 20.25289054711876 11.913459036935864
66.58656902546844 4.9638023903459905 14.267567701897766
74.54279689793528 24.96237901828849 11.86738128834747
7.497124936856869 17.570369668839337 12.930276731411396
93.82401027702296 24.080574283098336 12.937875272433017
77.99349528512155 21.098702024764723 12.199751310390258
62.403072929762935 10.846569407708419 13.313286926062801
26.779573206648898 5.790233420532851 13.8306805750024
93.93756154750511 36.621213215024625 13.551142762396639
9.378825146704862 20.317946227867537
18.057145642435025 39.311162387668666
20.16570384456689 36.16358663422788
22.393452930946825 32.74651782281326
26.04422980078059 17.636248142349338
3.1425052530621 17.863905927744185
11.552982006114743 21.316259941660537
23.676620092083258 19.05839900978185
15.688765819107173 11.128520585931373
38.69258263717392 15.345809313017963
