100 40 10
20 80 0.5 0.1 18 60 0.5 0.1
81.57029666270272 4.7872753685084835 12.651366339657761
12.063293639559214 36.47762489778866 14.343455961494824
37.686166780936695 7.35986108199902 12.162497385586711
47.244950833012055 1.3234700140664568 11.988181114954715
27.582237234898255 35.11051172135379 12.09328690723491
37.0871791281673 19.81500857317571 14.092350021540353
54.11613362472881 3.3793667545782746 12.9859474790758
46.95510405795058 33.00921421811911 13.693860243905561
47.84437407208767 33.19641493777122 13.206053836827568
80.69854620467768 5.982935172809318 12.097058363189342
30.09992508234886 17.74723137989821
18.736359666180917 31.89693992279316
26.006782072852175 20.24064894182418
32.92679556110683 38.46101634201591
8.631119542934314 7.886034035715199
35.385624489040964 24.980895932781703
28.709003744479162 16.773478485487267
19.333101474965456 15.054603988295492
18.687740262845836 22.113201079241605
13.666470683220231 8.881293474183094
