100 40 10
20 80 0.5 0.1 18 60 0.5 0.1
3.2893298312151598 30.455317118394632 13.988542148894581
36.08082968965364 29.62086715412141 13.465359807770472
99.53610237184466 27.298990976134792 12.438749617941777
39.23536308631665 0.2935130565212374 13.223640070644173
68.51414277092353 20.34850466384578 14.471178198025768
21.599972992215356 2.5485622372681282 11.577246220387636
41.237755617271944 6.120482856322509 13.9775044537853
33.23454601217141 38.99346270037609 13.566988705559444
89.20697438818293 32.89212886373993 13.646089914999585
10.302795616665804 31.05991621295189 14.42433288639382
12.525320111350418 13.24406447676122
2.8036461150276804 39.95268518653185
28.764038394066137 35.2935087302311
2.844076378367073 10.16266054001898
10.739606856028242 2.2485138659281123
25.61968500923461 16.270940823821434
15.022982137131319 39.0831252301759
5.237804399497947 27.34221388893106
30.375852913624833 22.747086614229485
16.590357929849688 25.798130384138226
